                         A O  ENE    FEB    MAR    ABR    MAY    JUN    JUL    AGO    SEP    OCT    NOV    DIC  ACUMULADO  MEDIA  MESES
LLUVIA TOTAL MEN
                         1947                                                                11.3   3      11.7      26.0       8.7  3
                         1948 39.1   0      14     1.2    18.2   141.1  122.5  99.2   61.5   12.5   1.7    4.8      515.8      43.0 12
                         1949 0      0      0      0      24.4   80.5   70.7   105.5  66     54.2   0      0.7      402.0      33.5 12
                         1950 0      0      0      0.5    10.9   92.6   129.9  49.8   53     0      0      0        336.7      28.1 12
                         1951 0      0      14.9   4.5    15.1   88     135.9  95.5   76.7   45.1   0.5    0        476.2      39.7 12
                         1952 0      0      0      9      9      98.1   47.7   125.3  99.1   4.6    12     6.3      411.1      34.3 12
                         1953 0      17     0.8    0.2    0      94     72.9   155.6  66.5   59     28.3   60.1     554.4      46.2 12
                         1954 1.6    1.5    0      2.6    11.6   97.8   155.1  54.4   90.7   33.3   0      0        448.6      37.4 12
                         1955 0      0      0      0      1      103.5  124    124.2  76.5   56.7   0      0        485.9      40.5 12
                         1956 0      7.2    0      4.1    70     84.5   147.1  94     4.2    0.5    6.8    8        426.4      35.5 12
                         1957 2      0.6    0      0.4    7.6    70.2   54.3   43.1   108.9  59.5   0      0        346.6      28.9 12
                         1958 56.4   2.2    6      0      32.8   151    220.5  130.9  114.6  132.2  73.6   18.6     938.8      78.2 12
                         1959 3.5    13.3   0      87.5   15.2   153.9  150.1  140.6  91.9   29.9   0      0.7      686.6      57.2 12
                         1960 0.8    0      0      0      0      11.5   84.6   197.9  40.1   22.3   0.5    22.4     380.1      31.7 12
                         1961 50.8   0      0.8    3.5    16.8   85.9   42.7   125.9  64.7   39.4   18.3   0        448.8      37.4 12
                         1962 0      0      0      51.3   0      128.1  86.3   50.1   142.8  71.2   2      13.6     545.4      45.5 12
                         1963 0      0      5.3    0      18.5   103.2  190.1  113    34.4   18.9   6.9    83.6     573.9      47.8 12
                         1964 31.9   3.1    0      4      10.5   146.7  146.7  61.3   163.9  54.6   25.1   35.6     683.4      57.0 12
                         1965 11.2   42.1   0      79.9   9.3    15.7   135.2  163    216.8  62     40.3   51.2     826.7      68.9 12
                         1966 19.2   11.8   4.5    43.6   9.1    188.5  75.7   193.6  60.6   67.3   0      2.2      676.1      56.3 12
                         1967 77.2   0      24.5   0      57.5   107.9  81     286.5  202.4  33.1   48.7   2        920.8      76.7 12
                         1968 0.9    20.2   98.5   7      12     35.9   106.8  124.3  104.4  39.9   2.5    14.2     566.6      47.2 12
                         1969 8.3    1.5    0      0      1.7    40.9   69.6   60.3   61.8   10.2   3      42.8     300.1      25.0 12
                         1970 0      113.8  0      0      0      213.2  141.5  176.5  229.5  23     17.5   0        915.0      76.3 12
                         1971 4.5    0      0      0      43     192    84.5   188.5  231.7  29.3   0      0        773.5      64.5 12
                         1972 2      0      7.3    1.5    50.2   61.8   67.4   119.9  97.9   15.3   14.7   1.3      439.3      36.6 12
                         1973 20.3   11.4   0      0.4    30.9   91.3   124.9  229.1  30.3   82.6   0.7    0        621.9      51.8 12
                         1974 0      0      2      0      30     26.6   93     125.1  111.7  12.3   2.9    11.7     415.3      34.6 12
                         1975 29.6   0      0      0      13.9   83.1   166.8  122.7  22     2      0      15.7     455.8      38.0 12
                         1976 0      0      0      5      12.2   14.8   274    43.3   68.5   41.2   62.7   10.2     531.9      44.3 12
                         1977 3.3    0      0      5.6    0.5    66     68.1   213.9  66.4   43.6   3.9    5        476.3      39.7 12
                         1978 0      5.8    0.5    0      16.7   51.2   65     113    131.1  35.4   4.5    2.8      426.0      35.5 12
                         1979 0      11.7   1      0      0      5.7    104.2  127.5  33     0      0      47       330.1      27.5 12
                         1980 42.3   13.8   0      7.2    0.6    46.5   55.3   179.4  118.6  26.9   36.9   28.9     556.4      46.4 12
                         1981 47.6   12.5   2.7    29.3   6.5    113.1  66.3   115.2  19.2   21.2   2.2    6.9      442.7      36.9 12
                         1982 0      0      1      1      26.8   12.7   100.4  60.7   13.4   74.4   38.5   49.5     378.4      31.5 12
                         1983 23.2   0      0.5    0.3    34.9   54.7   169.8  90     87.6   18.5   11.3   0        490.8      40.9 12
                         1984 20.2   5.1    0      0      22.2   83.2   153.8  92.8   31.5   5      1.2    10.7     425.7      35.5 12
                         1985 1.4    0.1    0.3    2      10.2   114.5  105.6  122.1  40.6   42.4   0.4    27.9     467.5      39.0 12
                         1986 0      0      0      12.5   7.9    164.2  121.4  17.1   86.8   126.8  19.1   0.5      556.3      46.4 12
                         1987 16.2   25     0      23.9   45.7   23.3   180.6  46.9   48.7   0      0      0.5      410.8      34.2 12
                         1988 10     0      12     26     0      61.2   155    134.7  67     0.4    0      6        472.3      39.4 12
                         1989 0      3.7    0      0.5    28     60     32.1   156.8  113.5  7.4    12.4   42.2     456.6      38.1 12
                         1990 11.6   23.3   0      0      23.7   33.2   207.5  222.9  102.2  46     0      0        670.4      55.9 12
                         1991 0      6.4    0      0      0.6    31.8   371.6  90.1   75.9   38.7   0.5    16.1     631.7      52.6 12
                         1992 159.2  3.8    0.5    3.8    40.1   35.9   107.5  111    40.9   93.9   14.8   6.9      618.3      51.5 12
                         1993 24.2   0      0      0.9    7.9    91.6   84.9   55.4   57.1   27     0      0        349.0      29.1 12
                         1994 13.5   0      0      16.2   2.3    123.1  41.9   116.5  81.7   34.9   0      0.4      430.5      35.9 12
                         1995 3.9    1.7    0      0.2    37.8   58.6   120    234.9  125.5  0      5.6    15.6     603.8      50.3 12
                         1996 0      0.8    0      14.8   7.8    45.8   21.3   85.1   162.4  67.5   0.3    0        405.8      33.8 12
                         1997 21.5   15.7   8.1    39.5   25.2   37.3   66.4   39.5   22.6   32.8   12.3   0        320.9      26.7 12
                         1998 0      1.3    0      0      0      114.2  68.7   62.6   102.8  18.7   0.3    0        368.6      30.7 12
                         1999 0      0      1.2    0      1.4    102.4  127.3  70.2   72.1   7.9    0      0        382.5      31.9 12
                         2000 0      0      0      0.2    64.6   98.3   58.2   78.3   44.7   2.9    0      22.4     369.6      30.8 12
                         2001 0      3.5    20.3   27.3   22.1   114.9  132.2  109.8  94.5   13.3   0.2    0.5      538.6      44.9 12
                         2002 34     19.8   0      0.6    35.3   68.7   194.8  107.9  165.4  83.3   24.2   0        734.0      61.2 12
                         2003 1.7    0.8    0      0.1    9.4    104.9  218.1  117.4  179.8  38.2   12.2   0        682.6      56.9 12
                         2004 30.7   1      35.5   0      38.4   319.8  124.7  122    147.9  19.7   0      0.1      839.8      70.0 12
                         2005 0      46.9   9.4    0.1    2.1    22.1   100    172.5  46.6   8      0.1    0.6      408.4      34.0 12
                         2006 3.3    2.8    0.2    0.4    53.8   39.3   144.8  132    73.5   81.1   31.9   11.7     574.8      47.9 12
                         2007 20.2   22.9   0      0.1    3.2    224.8  151.7  38     78.9   7      0.7    0.9      548.4      45.7 12
                         2008 0      2.9    0      7.6    6.6    80.3   177.9  232.7  56     3.2    0      0        567.2      47.3 12
                         2009 0      0      0      0.1    10.6   66.2   36.1   154    90.5   49.1   8.8    1.7      417.1      34.8 12
                         2010 40     93.6   0      2.8    4.3    37.7   181.6  64.9   114    0.7    0      0        539.6      45.0 12
                         2011 0      0      0      0      0      63     22.2   101.6  54.2   27.5   3      0        271.5      22.6 12
                         2012 13.4   38.9   0      0      3.1    70.8   127.5  64.9   133.2  4.4    0      10.4     466.6      38.9 12
                         2013 58.5   0      0.2    0      14.8   91.8   212.4  59.1   134.2  25.7   20.6   72.1     689.4      57.5 12
                         2014 6.1    0      1.7    0      60.8   113.3  109.3  108.8  100.5  18.1   18.5   4.2      541.3      45.1 12
                         2015 0.7    26.6   100.3  9.1    12.8   242.2  337.1  42.7   113.5  91     3.1    26.2   1,005.3      83.8 12
                         2016 0.2    11.9   10.4   2.1    3      81.1   255.7  193    84.2   1.6    27.8   0        671.0      55.9 12
                         2017 0      1.7    5.3    0      0.5    46.7   115.3  118.6  133.9  12     0      33       467.0      38.9 12
                         2018 25.8   28.7   0      0      75.4   175.6  56.8   128.3  112.4  119.5  53.3   0.6      776.4      64.7 12
                         2019 6.6           0             2             148.5  171.3                       18.4     346.8      57.8  6
                         2020 31.1          0.9    2.3    19.1   105.7  184.7  122.4  104.1  9.8    0      9.3      589.4      53.6 11
                         2021 11.2   0      0      0      9.1    135.8  195.7  115.8  194    22                     683.6      68.4 10

MINIMA                        0      0      0      0      0      5.7    21.3   17.1   4.2    0      0      0         26.0       8.7
MAXIMA                        159.2  113.8  100.3  87.5   75.4   319.8  371.6  286.5  231.7  132.2  73.6   83.6   1,005.3      83.8
MEDIA                         14.066 9.4222 5.2783 7.4342 17.962 90.897 125.42 117.74 92.461 34.201 10.141 12.113   527.1      44.6
DESV. ESTANDAR                24.322 19.382 16.954 16.7   18.779 58.549 67.695 55.47  51.252 31.42  16.058 18.306   171.91     14.3