COMISIÓN NACIONAL DEL AGUA
COORDINACIÓN GENERAL DEL SERVICIO METEOROLÓGICO NACIONAL
PROYECTO DE BASES DE DATOS CLIMATOLÓGICOS
    
                         AÑO  ENE    FEB    MAR    ABR    MAY    JUN    JUL    AGO    SEP    OCT    NOV    DIC  ACUMULADO  MEDIA  MESES
00001080
PRESA CANUTILLO, JESÚS M
DIAS CON GRANIZO
                         1979                                                                0      0      0          0.0       0.0  3
                         1980 0      0      0      0      0      0      0      0      0      0      0      0          0.0       0.0 12
                         1981 0      0      0      0      0      0      0      0      0      0      0      0          0.0       0.0 12
                         1982 0      0      0      0      0      0      0      0      0      0      0      0          0.0       0.0 12
                         1983 0      0      0      0      0      0      0      0      0      0      0      0          0.0       0.0 12
                         1984 0      0      0      0      0      0      0      0      0      0      0      0          0.0       0.0 12
                         1985 0      0      0      0      0      0      0      0      0      0      0      0          0.0       0.0 12
                         1986 0      0      0      0      0      0      0      0      0      0      0      0          0.0       0.0 12
                         1987 0      0      0      0      0      0      0      0      0      0      0      0          0.0       0.0 12
                         1988 0      0      0      0      0      0      0      0      0      0      0      0          0.0       0.0 12
                         1989 0      0      0      0      0      0      0      0      0      0      0      0          0.0       0.0 12
                         1990 0      0      0      0      0      0      0      0      0      0      0      0          0.0       0.0 12
                         1991 0      0      0      0      0      0      0      0      0      0      0      0          0.0       0.0 12
                         1992 0      0      0      0      0      0      0      0      0      0      0      0          0.0       0.0 12
                         1993 0      0      0      0      0      0      0      0      0      0      0      0          0.0       0.0 12
                         1994 0      0      0      0      0      0      0      0      0      0      0      0          0.0       0.0 12
                         1995 0      0      0      0      0      0      0      0      0      0      0      0          0.0       0.0 12
                         1996 0      0      0      0      0      0      0      0      0      0      0      0          0.0       0.0 12
                         1997 0      0      0      0      0      0      0      0      0      0      0      0          0.0       0.0 12
                         1998 0      0      0      0      0      0      0      0      0      0      0      0          0.0       0.0 12
                         1999 0      0      0      0      0      0      0      0      0      0      0      0          0.0       0.0 12
                         2000 0      0      0      0      0      0      0      0      0      0      0      0          0.0       0.0 12
                         2001 0      0      0      0      0      0      0      0      0      0      0      0          0.0       0.0 12
                         2002 0      0      0      0      0      0      0      0      0      0      0      0          0.0       0.0 12
                         2003 0      0      0      0      0      0      0      0      0      0      0      0          0.0       0.0 12
                         2004 0      0      0      0      0      0      0      0      0      0      0      0          0.0       0.0 12
                         2005 0      0      0      0      0      0      0      0      0      0      0      0          0.0       0.0 12
                         2006 0      0      0      0      0      0      0      0      0      0      0      0          0.0       0.0 12
                         2007 0      0      0      0      0      0      0      0      0      0      0      0          0.0       0.0 12
                         2008 0      0      0      0      0      0      0      0      0      0      0      0          0.0       0.0 12
                         2009 0      0      0      0      0      0      0      0      0      0      0      0          0.0       0.0 12
                         2010 0      0      0      0      0      0      0      0      0      0      0      0          0.0       0.0 12
                         2011 0      0      0      0      0      0      0      0      0      0      0      0          0.0       0.0 12
                         2012 0      0      0      0      0      0      0      0      0      0      0      0          0.0       0.0 12
                         2013 0      0      0      0      0      0      0      0      0      0      0      0          0.0       0.0 12
                         2014 0      0      0      0      0      0      0      0      0      0      0      0          0.0       0.0 12
                         2015 0      0      0      0      0      0      0      0      0      0      0      0          0.0       0.0 12
                         2016 0      0      0      0      0      0      0      0      0      0      0      0          0.0       0.0 12
                         2017 0      0      0      0      0      0      0      0      0      0      0      0          0.0       0.0 12
                         2018 0      0      0      0      0      0      0      0      0      0      0      0          0.0       0.0 12
                         2019 0      0      0      0      0      0      0      0      30     0      0      0         30.0       2.5 12
                         2020 0             0      0      0      0      0      0      0      0      0      0          0.0       0.0 11
                         2021 0      0      0      0      0      0      0      0                                      0.0       0.0  8

MINIMA                        0      0      0      0      0      0      0      0      0      0      0      0          0.0       0.0
MAXIMA                        0      0      0      0      0      0      0      0      30     0      0      0         30.0       2.5
MEDIA                         0      0      0      0      0      0      0      0      0.7317 0      0      0          0.7       0.1
DESV. ESTANDAR                0      0      0      0      0      0      0      0      4.6852 0      0      0          4.57      0.4


DIAS CON NIEBLA 
                         1979                                                                0      0      0          0.0       0.0  3
                         1980 0      0      0      0      0      0      0      0      0      0      0      0          0.0       0.0 12
                         1981 0      0      0      0      0      0      0      0      0      0      0      0          0.0       0.0 12
                         1982 0      0      0      0      0      0      0      0      0      0      0      0          0.0       0.0 12
                         1983 0      0      0      0      0      0      0      0      0      0      0      0          0.0       0.0 12
                         1984 0      0      0      0      0      0      0      0      0      0      0      0          0.0       0.0 12
                         1985 0      0      0      0      0      2      0      1      0      2      0      0          5.0       0.4 12
                         1986 0      0      0      0      0      0      0      0      0      0      0      0          0.0       0.0 12
                         1987 0      0      0      0      0      1      0      0      0      0      0      0          1.0       0.1 12
                         1988 0      0      0      0      0      0      0      0      0      0      0      0          0.0       0.0 12
                         1989 0      0      0      0      0      0      0      0      0      0      0      0          0.0       0.0 12
                         1990 0      0      0      0      0      0      0      0      0      0      0      0          0.0       0.0 12
                         1991 0      0      0      0      0      0      0      0      0      0      0      0          0.0       0.0 12
                         1992 0      0      0      0      0      0      0      0      0      0      0      0          0.0       0.0 12
                         1993 0      0      0      0      0      0      0      0      0      0      0      0          0.0       0.0 12
                         1994 0      0      0      0      0      0      0      0      0      0      0      0          0.0       0.0 12
                         1995 0      0      0      0      0      0      0      0      0      0      0      0          0.0       0.0 12
                         1996 0      0      0      0      0      0      0      0      0      0      0      0          0.0       0.0 12
                         1997 0      0      0      0      0      0      0      0      0      0      0      0          0.0       0.0 12
                         1998 0      0      0      0      0      0      0      0      0      0      0      0          0.0       0.0 12
                         1999 0      0      0      0      0      0      0      0      0      0      0      0          0.0       0.0 12
                         2000 0      0      0      0      0      0      0      0      0      0      0      0          0.0       0.0 12
                         2001 0      0      0      0      0      0      0      0      0      0      0      0          0.0       0.0 12
                         2002 0      0      0      0      0      0      0      0      0      0      0      0          0.0       0.0 12
                         2003 0      0      0      0      0      0      0      0      0      0      0      0          0.0       0.0 12
                         2004 0      0      0      0      0      0      0      0      0      0      0      0          0.0       0.0 12
                         2005 0      0      0      0      0      0      0      0      0      0      0      0          0.0       0.0 12
                         2006 0      0      0      0      0      0      0      0      0      0      0      0          0.0       0.0 12
                         2007 0      0      0      0      0      0      0      0      0      0      0      0          0.0       0.0 12
                         2008 0      0      0      0      0      0      0      0      0      0      0      0          0.0       0.0 12
                         2009 0      0      0      0      0      0      0      0      0      0      0      0          0.0       0.0 12
                         2010 0      0      0      0      0      0      0      0      0      0      0      0          0.0       0.0 12
                         2011 0      0      0      0      0      0      0      0      0      0      0      0          0.0       0.0 12
                         2012 0      0      0      0      0      0      0      0      0      0      0      0          0.0       0.0 12
                         2013 0      0      0      0      0      0      0      0      0      0      0      0          0.0       0.0 12
                         2014 0      0      0      0      0      0      0      0      0      0      0      0          0.0       0.0 12
                         2015 0      0      0      0      0      0      0      0      0      0      0      0          0.0       0.0 12
                         2016 0      0      0      0      0      0      0      0      0      0      0      0          0.0       0.0 12
                         2017 0      0      0      0      0      0      0      0      0      0      0      0          0.0       0.0 12
                         2018 0      0      0      0      0      0      0      0      0      0      0      0          0.0       0.0 12
                         2019 0      0      0      0      0      0      0      0      30     0      0      0         30.0       2.5 12
                         2020 0             0      0      0      0      0      0      0      0      0      0          0.0       0.0 11
                         2021 0      0      0      0      0      0      0      0                                      0.0       0.0  8

MINIMA                        0      0      0      0      0      0      0      0      0      0      0      0          0.0       0.0
MAXIMA                        0      0      0      0      0      2      0      1      30     2      0      0         30.0       2.5
MEDIA                         0      0      0      0      0      0.0714 0      0.0238 0.7317 0.0476 0      0          0.8       0.1
DESV. ESTANDAR                0      0      0      0      0      0.3416 0      0.1543 4.6852 0.3086 0      0          4.62      0.4


DIAS CON TORMEN.
                         1979                                                                0      0      0          0.0       0.0  3
                         1980 0      0      0      0      0      0      0      0      0      0      0      0          0.0       0.0 12
                         1981 0      0      0      0      0      0      0      0      0      0      0      0          0.0       0.0 12
                         1982 0      0      0      0      0      0      0      0      0      0      0      0          0.0       0.0 12
                         1983 0      0      0      0      0      0      0      0      0      0      0      0          0.0       0.0 12
                         1984 0      0      0      0      0      0      0      0      0      0      0      0          0.0       0.0 12
                         1985 0      0      0      0      0      1      0      2      0      3      0      0          6.0       0.5 12
                         1986 0      0      0      0      0      0      0      0      0      0      0      0          0.0       0.0 12
                         1987 0      2      0      0      0      2      0      0      0      0      0      0          4.0       0.3 12
                         1988 0      0      0      0      0      0      0      0      0      0      0      0          0.0       0.0 12
                         1989 0      0      0      0      0      0      0      0      0      0      0      0          0.0       0.0 12
                         1990 0      0      0      0      0      0      0      0      0      0      0      0          0.0       0.0 12
                         1991 0      0      0      0      0      0      0      0      0      0      0      0          0.0       0.0 12
                         1992 0      0      0      0      0      0      0      0      0      0      0      0          0.0       0.0 12
                         1993 0      0      0      0      0      0      0      0      0      0      0      0          0.0       0.0 12
                         1994 0      0      0      0      0      0      0      0      0      0      0      0          0.0       0.0 12
                         1995 0      0      0      0      0      0      0      0      0      0      0      0          0.0       0.0 12
                         1996 0      0      0      0      0      0      0      0      0      0      0      0          0.0       0.0 12
                         1997 0      0      0      0      0      0      0      0      0      0      0      0          0.0       0.0 12
                         1998 0      0      0      0      0      0      0      0      0      0      0      0          0.0       0.0 12
                         1999 0      0      0      0      0      0      0      0      0      0      0      0          0.0       0.0 12
                         2000 0      0      0      0      0      0      0      0      0      0      0      0          0.0       0.0 12
                         2001 0      0      0      0      0      0      0      0      0      0      0      0          0.0       0.0 12
                         2002 0      0      0      0      0      0      0      0      0      0      0      0          0.0       0.0 12
                         2003 0      0      0      0      0      0      0      0      0      0      0      0          0.0       0.0 12
                         2004 0      0      0      0      0      0      0      0      0      0      0      0          0.0       0.0 12
                         2005 0      0      0      0      0      0      0      0      0      0      0      0          0.0       0.0 12
                         2006 0      0      0      0      0      0      0      0      0      0      0      0          0.0       0.0 12
                         2007 0      0      0      0      0      0      0      0      0      0      0      0          0.0       0.0 12
                         2008 0      0      0      0      0      0      0      0      0      0      0      0          0.0       0.0 12
                         2009 0      0      0      0      0      0      0      0      0      0      0      0          0.0       0.0 12
                         2010 0      0      0      23     0      0      0      0      0      0      0      0         23.0       1.9 12
                         2011 0      0      0      0      0      0      0      0      0      0      0      0          0.0       0.0 12
                         2012 0      0      0      0      0      0      0      0      0      0      0      0          0.0       0.0 12
                         2013 0      0      0      0      0      0      0      0      0      0      0      0          0.0       0.0 12
                         2014 0      0      0      0      0      0      0      0      0      0      0      0          0.0       0.0 12
                         2015 0      0      0      0      0      0      0      0      0      0      0      0          0.0       0.0 12
                         2016 0      0      0      0      0      0      0      0      0      0      0      0          0.0       0.0 12
                         2017 0      0      0      0      0      0      0      0      0      0      0      0          0.0       0.0 12
                         2018 0      0      0      0      0      0      0      0      0      0      0      0          0.0       0.0 12
                         2019 0      0      0      0      0      0      0      0      30     0      0      0         30.0       2.5 12
                         2020 0             0      0      0      0      0      0      0      0      0      0          0.0       0.0 11
                         2021 0      0      0      0      0      0      0      0                                      0.0       0.0  8

MINIMA                        0      0      0      0      0      0      0      0      0      0      0      0          0.0       0.0
MAXIMA                        0      2      0      23     0      2      0      2      30     3      0      0         30.0       2.5
MEDIA                         0      0.0487 0      0.5476 0      0.0714 0      0.0476 0.7317 0.0714 0      0          1.5       0.1
DESV. ESTANDAR                0      0.3123 0      3.5489 0      0.3416 0      0.3086 4.6852 0.4629 0      0          5.75      0.5


EVAPORACION MEN.
                         1979                                                                169.3  134    89.6     392.9     131.0  3
                         1980 127.03 133.14 242.8  230.5  306.8  211.6  191.2  125.8  148.64 127.6  106.1  91.3   2,042.5     170.2 12
                         1981 96.5   134.98 200.6  202.87 242.4  233.81 175.9  159.2  146.31 146.7  99.1   111.1  1,949.5     162.5 12
                         1982 135.15 150    223.8  234.3  238.9  252.2  195.9  187.5  182.9  153    134.1  104.85 2,192.6     182.7 12
                         1983 98.8   124.2  228.3  240.2  259.1  224.3  176.8  144.5  132.9  148.9  126.3  128.9  2,033.2     169.4 12
                         1984 100.9  142.9  261.8  261.9  222    189.2  122.9  135.4  139.7  172.5  145.5  122.1  2,016.8     168.1 12
                         1985 105.4  142.8  221.8  199.6  271.1  156.8  133.1  164.6  156.1  133.8  116.1  95.8   1,897.0     158.1 12
                         1986 125.1  133.8  161.7  241.4  202.1  159.2  156.8  175    135.3  114.7  135    110    1,850.1     154.2 12
                         1987 116.4  130.9  134.2  226.7  221.4  217    165.9  189.5  153.3  157.5  147.2  110.1  1,970.1     164.2 12
                         1988 130.5  163.7  215.9  243    303.3  189.7  115.3  136.1  119.7  137.8  135.96 115.5  2,006.5     167.2 12
                         1989 135    149.9  223.9  247.7  278.8  245    198.7  125.4  132.1  155    118.7  104.7  2,114.9     176.2 12
                         1990 114.2  120.4  234.6  274    254.6  232.3  130.1  128.1  108.7  109    118.5  112.8  1,937.3     161.4 12
                         1991 132.59 138.38 276.61 285.45 293.38 209.18 106.85 153.87 87.56  110.37 110.57 77.33  1,982.1     165.2 12
                         1992 73.71  132.23 181.02 194.04 217.35 205.01 160.13 128.45 137.31 99.58  87.44  92.79  1,709.1     142.4 12
                         1993 110.06 152.36 215.06 239.28 239.4  184.49 116.68 143.89 121.46 141.21 119.71 124.17 1,907.8     159.0 12
                         1994 138.61 165.34 243.16 251.53 256.01 177.42 189.55 117.83 116.43 109.52 118.91 114.7  1,999.0     166.6 12
                         1995 121.67 143.28 254.14 237.98 267.66 222.29 150.06 129.67 122.75 167.6  120.49 106.01 2,043.6     170.3 12
                         1996 147.26 132.3  229.6  245.58 247.89 226.92 210.05 175.15 157.62 179.28 127.52 123.52 2,202.7     183.6 12
                         1997 135.32 163.48 181.15 178.72 212.91 202.01 184.68 186.7  165.87 153.99 117.55 120.01 2,002.4     166.9 12
                         1998 144.42 181.57 262.14 261.44 201.59 242.19 175.29 177.92 136.67 172.23 150.66 130.62 2,236.7     186.4 12
                         1999 156.86 169.4  248.8  249.46 268.37 223.09 195.65 217.14 193.72 224.66 171.67 165.65 2,484.5     207.0 12
                         2000 166    187.49 236.77 228.08 213.54 184.09 184    197.96 179.84 144.43 145.85 126.82 2,194.9     182.9 12
                         2001 136.19 134.43 237.38 221.34 206.32 167.99 162.73 136.13 126.65 157.06 154.62 153.08 1,993.9     166.2 12
                         2002 133.24 121.97 227.39 223.02 224.41 183.91 127.45 161.32 128.76 103.19 93.44  98.7   1,826.8     152.2 12
                         2003 115.14 149.42 239.41 244.3  259.3  179.49 164.12 151.49 93.12  111.18 122.63 114.36 1,944.0     162.0 12
                         2004 91.39  164.51 193.46 226.58 211.3  129.46 140.07 133.61 106.59 99.55  100.33 80.36  1,677.2     139.8 12
                         2005 103.9  101.04 176.47 251.74 243.38 248.29 160.55 121.2  126.23 119.79 112.73 93.11  1,858.4     154.9 12
                         2006 105.33 146.75 230.19 262.31 236.7  214.8  162.1  173.33 143.99 114.8  83.52  79.98  1,953.8     162.8 12
                         2007 83.52  123.22 201.16 221.73 241.81 183.76 132.91 125.17 110.4  139.99 107.2  106.55 1,777.4     148.1 12
                         2008 129.7  156.92 235.63 254.25 243.96 180.28 121.17 130.31 107.33 121.37 110.31 99.26  1,890.5     157.5 12
                         2009 117.37 151.99 205.65 243.83 237.41 183.51 155.61 174.05 92.05  97.62  87.53  110.06 1,856.7     154.7 12
                         2010 98.39  110.1  194.7  217.83 248.03 199.21 123.25 165.39 111.13 134.62 122.63 109.47 1,834.8     152.9 12
                         2011 119.5  158.14 221.04 257.01 298.69 238.47 170.28 188    170.42 150.53 135.2  127.52 2,234.8     186.2 12
                         2012 123.11 100.93 222.16 238.39 285.59 224.36 147.55 129.87 118.68 146.5  99.91  110.94 1,948.0     162.3 12
                         2013 109.05 168.35 213.01 275.42 254.51 209.78 128.96 141.96 82.32  97.38  74.46  83.96  1,839.2     153.3 12
                         2014 109.19 149.11 216.84 255.81 198.64 163.46 147.07 150.62 137.2  120.11 98.35  89.29  1,835.7     153.0 12
                         2015 106.2  114.14 136.4  172.92 216.88 169.2  146.8  132.75 131.5  103.27 94.98  95.95  1,621.0     135.1 12
                         2016 117.3  153.1  187.41 203.72 240.45 174.85 136.75 100.61 128.12 124.44 89.16  112.09 1,768.0     147.3 12
                         2017 131.73 141.27 185.53 246.59 262.7  233.32 151.16 131.92 121.05 111.5  110.16 88.12  1,915.1     159.6 12
                         2018 117.21 102.4  199.15 220.18 194.3  196.97 149.05 124.35 110.74 90.44  67.3   66.25  1,638.3     136.5 12
                         2019 84.55  129.6  197.14 230.2  257.43 173.85 141.65 156.6  125.63 100.15 88.63  83.1   1,768.5     147.4 12
                         2020 92.7          182.95 238.8  237.6  167.4  159.8  118.5  100.76 137.84 132.83 108.15 1,677.3     152.5 11
                         2021 123.45 162.3  231.1  245.8  223.88 144.75 113.05 130.58                             1,374.9     171.9  8

MINIMA                        73.71  100.93 134.2  172.92 194.3  129.46 106.85 100.61 82.32  90.44  67.3   66.25    392.9     131.0
MAXIMA                        166    187.49 276.61 285.45 306.8  252.2  210.05 217.14 193.72 224.66 171.67 165.65 2,484.5     207.0
MEDIA                         118.08 142.25 214.57 236.32 243.85 198.92 154.22 149.46 130.42 133.57 116.02 106.87 1,893.0     161.7
DESV. ESTANDAR                19.857 20.94  31.264 24.161 29.22  30.229 26.478 26.295 25.675 28.42  22.929 19.616   305.25     15.2


LLUVIA MAX 24 H.
                         1979                                                                1      0      20.6      21.6       7.2  3
                         1980 21     16     0      12     0      7      18     23     20.5   18     22     11       168.5      14.0 12
                         1981 21     13     1      25     5      30     22     45     11     16     0      6        195.0      16.3 12
                         1982 0      0      2      3      11     17     23     20     5      51     36     21       189.0      15.8 12
                         1983 15     0      0      0      33     27     51     21     26     14     8      0        195.0      16.3 12
                         1984 10     1      0      0      8      36     35     23     13     5      0      6        137.0      11.4 12
                         1985 2      0      1      8      11     40     37     28     20     37     1      21       206.0      17.2 12
                         1986 0      7      0      0      30     48     16     23     14     17     5      0        160.0      13.3 12
                         1987 8      18     0      8      18     11     48     25     26     0      0      2        164.0      13.7 12
                         1988 1      0      5      12     0      20     40     29     15     7      0      2        131.0      10.9 12
                         1989 0      0      0      0      34     12     34     30     33     11     14     14       182.0      15.2 12
                         1990 6      12     0      1      13     40     31     38     41     30     0      0        212.0      17.7 12
                         1991 0      4      0      0      0      20     40     40     13     2      2      9        130.0      10.8 12
                         1992 57     9      0      15     15     13     39     18     24     50     13     10       263.0      21.9 12
                         1993 26     0      0      12     6      20     27     23     22     28     0      0        164.0      13.7 12
                         1994 3      0      0      8      4      26     34     24     20     9      0      8        136.0      11.3 12
                         1995 2      2      0      0      13     51     32     56     61     0      5      9        231.0      19.3 12
                         1996 0      0      0      21     12     10     31     36     41     24     2      0        177.0      14.8 12
                         1997 0      0      7      9      14     53     27     43     60     19     11     0        243.0      20.3 12
                         1998 0      0      0      0      0      32     31     18     35     12     0      0        128.0      10.7 12
                         1999 0      0      0      0      2      40     28     23     14     2      0      0        109.0       9.1 12
                         2000 0      0      0      0      36     37     17     10     33     3      0      12       148.0      12.3 12
                         2001 0      2      29     12     3      32     28     53     43     14     0      1        217.0      18.1 12
                         2002 20     13     0      0      9      46     53     26     55     21     22     0        265.0      22.1 12
                         2003 3      3      0      0      9      20     29     31     22     15     0      0        132.0      11.0 12
                         2004 15     1      19     2      17     37     26     34     31     6      4      0        192.0      16.0 12
                         2005 0      20     5      0      3      32     62     73     41     5      3      1        245.0      20.4 12
                         2006 0      0      0      11     17     12     34     38     28     84     19     21       264.0      22.0 12
                         2007 9      8      0      3      1      85     65     13     32     0      5      6        227.0      18.9 12
                         2008 0      0      0      2      5      24     34     94     36     0      0      0        195.0      16.3 12
                         2009 0      0      0      4      2      33     30     37     37     46     12     12       213.0      17.8 12
                         2010 15     57     0      0      12     23     31     38     43     0      0      0        219.0      18.3 12
                         2011 0      0      0      0      0      20     12     24     29     17     0      0        102.0       8.5 12
                         2012 15     20     0      0      8      29     47     28     16     8      1      16       188.0      15.7 12
                         2013 46     0      0      0      1      33     52     40     32     12     9      24       249.0      20.8 12
                         2014 4      0      0      0      15     23     34     13     51     11     20     6        177.0      14.8 12
                         2015 9      12     46     3      7      40     32     30     27     52.6   7      29       294.6      24.6 12
                         2016 0      9      0      0      7      24     42     48     29     0      17     0        176.0      14.7 12
                         2017 0      2      0      0      0      49     56     42     54     27     0      28       258.0      21.5 12
                         2018 19     21     0      2      21     85     27     27     38     26     39     0        305.0      25.4 12
                         2019 5             0             0             25     38            15            9         92.0      13.1  7
                         2020 6             1      0      3      33     56     18     37     0      0      8        162.0      14.7 11
                         2021 10     0      0      0      12     24     25     33                                   104.0      13.0  8

MINIMA                        0      0      0      0      0      7      12     10     5      0      0      0         21.6       7.2
MAXIMA                        57     57     46     25     36     85     65     94     61     84     39     29       305.0      25.4
MEDIA                         8.2857 6.25   2.7619 4.2195 9.9285 31.561 34.785 32.714 30.712 17.038 6.7561 7.4428   185.3      15.8
DESV. ESTANDAR                12.363 10.678 8.7004 6.2988 9.6635 17.001 12.44  15.801 13.804 18.153 9.8711 8.7062    58.77      4.3


LLUVIA TOTAL MEN
                         1979                                                                1      0      41.6      42.6      14.2  3
                         1980 50     17     0      12     0      28     74     171.2  77.7   45     35     23       532.9      44.4 12
                         1981 47.4   15     3      27     9      70     83     145    16     33     0      9        457.4      38.1 12
                         1982 0      0      2      5      17     21     109    53     12     110    36     50       415.0      34.6 12
                         1983 34     0      0      0      52     91     133    88     86     32     16     0        532.0      44.3 12
                         1984 22     1      0      0      23     151    217    98     23     14     0      9        558.0      46.5 12
                         1985 2      0      1      8      19     183    113    68     49     87     2      35       567.0      47.3 12
                         1986 0      7      0      0      33     222    62     69     87.3   72     10     0        562.3      46.9 12
                         1987 21     38     0      10     46     27     235    103    91     0      0      3        574.0      47.8 12
                         1988 1      0      6      13     0      80     170    157    72     9      0      2        510.0      42.5 12
                         1989 0      0      0      0      34     19     91     139    99     11     17     27       437.0      36.4 12
                         1990 11     25     0      1      21     73     166    185    165    71     0      0        718.0      59.8 12
                         1991 0      4      0      0      0      77     396    110    88     2      3      22       702.0      58.5 12
                         1992 256    12     0      16     35     36     127    111    46     150    33     10       832.0      69.3 12
                         1993 32     0      0      12     6      108    150    83     71     38     0      0        500.0      41.7 12
                         1994 3      0      0      11     8      83     116    101    92     25     0      8        447.0      37.3 12
                         1995 3      3      0      0      25     112    120    316    114    0      5      16       714.0      59.5 12
                         1996 0      0      0      21     17     43     66     165    121    59     4      0        496.0      41.3 12
                         1997 0      0      14     43     17     94     101    71     77     52     15     0        484.0      40.3 12
                         1998 0      0      0      0      0      89     76     81     102    33     0      0        381.0      31.8 12
                         1999 0      0      0      0      2      103    136    68     50     2      0      0        361.0      30.1 12
                         2000 0      0      0      0      123    99     104    33     63     12     0      22       456.0      38.0 12
                         2001 0      2      29     18     7      131    137    166    119    15     0      1        625.0      52.1 12
                         2002 21     37     0      0      23     63     192    70     203    71     40     0        720.0      60.0 12
                         2003 5      3      0      0      11     75     146    109    111    29     0      0        489.0      40.8 12
                         2004 48     1      43     2      62     196    123    167    157    13     4      0        816.0      68.0 12
                         2005 0      40     8      0      3      39     175    169    79     8      3      1        525.0      43.8 12
                         2006 0      0      0      12     27     41     131    170    114    143    20     22       680.0      56.7 12
                         2007 19     19     0      3      1      265    194    53     75     0      7      6        642.0      53.5 12
                         2008 0      0      0      2      8      63     209    320    84     0      0      0        686.0      57.2 12
                         2009 0      0      0      4      4      96     108    82     99     104    12     19       528.0      44.0 12
                         2010 33     105    0      0      26     54     125    118    102    0      0      0        563.0      46.9 12
                         2011 0      0      0      0      0      32     31     56     58     21     0      0        198.0      16.5 12
                         2012 17     42     0      0      8      76     143    76     54     15     1      16       448.0      37.3 12
                         2013 59     0      0      0      1      64     222    70     148    28     16     75       683.0      56.9 12
                         2014 10     0      0      0      49     85     132    57     138    29     24     11       535.0      44.6 12
                         2015 13     28     92     5      19     284    114    62     96     89.6   8      29       839.6      70.0 12
                         2016 0      13     0      0      9      86     182    199    75     0      23     0        587.0      48.9 12
                         2017 0      2      0      0      0      114    263    155    174    49     0      50       807.0      67.3 12
                         2018 37     21     0      2      41     269    82     105    232    82     59     0        930.0      77.5 12
                         2019 8             0             0             130    147           59            9        353.0      50.4  7
                         2020 11            1      0      5      68     198    82     82     0      0      8        455.0      41.4 11
                         2021 10     0      0      0      26     131    146    101                                  414.0      51.8  8

MINIMA                        0      0      0      0      0      19     31     33     12     0      0      0         42.6      14.2
MAXIMA                        256    105    92     43     123    284    396    320    232    150    59     75       930.0      77.5
MEDIA                         18.414 10.875 4.7381 5.5365 19.452 98.561 143.52 117.83 95.05  38.419 9.5853 12.49    553.6      47.3
DESV. ESTANDAR                41.083 20.001 16.019 9.1052 23.091 67.057 64.279 62.667 46.59  39.805 14.046 17.175   170.39     13.1


TEMP MAXIMA EXT.
                         1979                                                                30     29     24        83.0      27.7  3
                         1980 26     24     28     29     39     31     31     29     28     29     26     25       345.0      28.8 12
                         1981 24     26     30     31     32     35     29     31     30     30     29     27       354.0      29.5 12
                         1982 28     30     34     34     35     37     30     30     31     31     28     26       374.0      31.2 12
                         1983 25     25     29     34     36     34     28     30     30     30     28     30       359.0      29.9 12
                         1984 26.5   28     31     33     34     34     28     29.5   29.5   31     30     29       363.5      30.3 12
                         1985 26     26     32     32     34     33     29     28     29     29     29     16       343.0      28.6 12
                         1986 21     25     29.5   34     32     33     30     31     29     29     31     26       350.5      29.2 12
                         1987 27     28     27     32     32     33     32     31.5   32     30     27.5   26       358.0      29.8 12
                         1988 26     30     32     33     35     35     30     29     29     30     32     29       370.0      30.8 12
                         1989 27     30     31     32     37     37     33     29     28     30     31     25       370.0      30.8 12
                         1990 27     27     31     32     36     35     28     27     28     29     29     29       358.0      29.8 12
                         1991 26     29     33     34     35     35     28     29     29     29     29     27       363.0      30.3 12
                         1992 23     26     30     31     30     34     33     29     31     27     27     27       348.0      29.0 12
                         1993 25     29     30     32     32     36     30     30     29     30     30     28       361.0      30.1 12
                         1994 26     30     33     33     34     34     32     29     28     31     27     26       363.0      30.3 12
                         1995 28     29     34     33.5   37     36     32     32     31     31     30     30       383.5      32.0 12
                         1996 30     32     30     33     36     33     32     32     29     30     31     29       377.0      31.4 12
                         1997 28     29     32     32     34     35     31     32     31     30     29     27       370.0      30.8 12
                         1998 27     31     32     34     37     36     32     32     29     27     26     22       365.0      30.4 12
                         1999 24     28     31     35     34     34     32     30     31     31     26.5   25       361.5      30.1 12
                         2000 23     28     32     35     35     29     30     30     32     31     29     27.5     361.5      30.1 12
                         2001 27     30     31     35     34     32     31     31     30     30     28     27       366.0      30.5 12
                         2002 28     29     33     36     36     34     29     30     30     29     29     28       371.0      30.9 12
                         2003 27     31     32     34     38     33     29     29     28     30     31     27       369.0      30.8 12
                         2004 26     27     32     33     35     31     30     30     29     32     31     29       365.0      30.4 12
                         2005 28     30     32     34     33     37     32     29     29     31     30     29       374.0      31.2 12
                         2006 29     31     32     34     34     34     32     28     27     29     27     27       364.0      30.3 12
                         2007 27     30     30     33     33     34     28     28     31     31     30     28       363.0      30.3 12
                         2008 28     31     33     35     37     35     28     28     28     29     27     28       367.0      30.6 12
                         2009 28     32     32     34     36     35     31     33     28     31     27     27       374.0      31.2 12
                         2010 26     26     28     30     36     36     30     30     30     31     30     27       360.0      30.0 12
                         2011 28     30     32     34     37     34     30     32     30     30     29     26       372.0      31.0 12
                         2012 27     29     30     34     36     36     30     30     29     32     29     27       369.0      30.8 12
                         2013 26     29     31     33     34     34     30     31     28     28     28     28       360.0      30.0 12
                         2014 26     29     31     33     32     32     29     31     29     30     27     27       356.0      29.7 12
                         2015 27     31     29     32     33     31     29     30     30     30     29     28       359.0      29.9 12
                         2016 26     31     30     33     36     34     30     30     30     30     30     28       368.0      30.7 12
                         2017 30     30     32     33     35     35     30     30     30     28     32     29       374.0      31.2 12
                         2018 27     29     33     33     37     37     31     30     27     28     28     26       366.0      30.5 12
                         2019 27            33            35            32     31            29            29       216.0      30.9  7
                         2020 27            35     35     34     34     32     30     30     32     31     27       347.0      31.5 11
                         2021 30     31     33     33     35     33     29     30                                   254.0      31.8  8

MINIMA                        21     24     27     29     30     29     28     27     27     27     26     16        83.0      27.7
MAXIMA                        30     32     35     36     39     37     33     33     32     32     32     30       383.5      32.0
MEDIA                         26.631 28.9   31.321 33.158 34.809 34.146 30.285 30.023 29.412 29.881 28.951 26.964   351.1      30.3
DESV. ESTANDAR                1.8315 2.0229 1.7172 1.4073 1.8901 1.7966 1.4862 1.311  1.2551 1.2137 1.6155 2.3695    50.92      0.9


TEMP MAXIMA PROM
                         1979                                                                26.451 23.733 21.258    71.4      23.8  3
                         1980 19.871 21.775 24.983 21.833 30.258 26.333 28.419 25.387 25.533 25.161 23.1   21.483   294.1      24.5 12
                         1981 19.39  23.642 25.548 28.1   29.709 29.6   26.29  27.129 26.766 26.967 26.466 23.161   312.8      26.1 12
                         1982 24.612 25.714 29.032 31.5   30.516 33.133 26.741 27.838 27.9   26.419 24.133 20.58    328.1      27.3 12
                         1983 18.548 21.785 25.032 28.633 31.064 30.733 25     25.967 25.766 26.258 24.366 25.838   309.0      25.7 12
                         1984 22.29  24.81  27.112 31.033 30.064 29.5   24.516 26.5   26.15  28.193 26.716 24.838   321.7      26.8 12
                         1985 21.871 25     27.419 26.6   29.548 25.733 24.935 25.548 24.9   24.838 24.05  14.096   294.5      24.5 12
                         1986 15     20.803 23.693 30.633 29.451 26.833 26     27.967 27.233 24.903 26.1   23.354   302.0      25.2 12
                         1987 21.258 23     21.306 27.533 29.677 30.233 26.451 28.112 29     27.225 24.633 23.564   312.0      26.0 12
                         1988 22.096 26.051 24.951 29     32.516 29.466 26.451 26.096 26.633 27.161 27.833 25.032   323.3      26.9 12
                         1989 25.258 26.035 27.483 29.433 32.322 31.2   28.677 26.161 25.633 27.871 26.333 20.967   327.4      27.3 12
                         1990 23.516 22.464 27.29  29.9   31.838 29.9   25.451 25.096 24.6   25.193 25.533 24.516   315.3      26.3 12
                         1991 23.677 25.357 29.774 31.033 32.774 30.5   24.29  26.903 24.2   25.161 24.8   22       320.5      26.7 12
                         1992 18.483 22.137 26.096 26.866 28.258 30.433 27.741 26.096 26.3   24.161 23.2   24.419   304.2      25.3 12
                         1993 21.871 25.285 26.354 28.9   29.548 29.5   26.516 27.548 26.266 27.096 27.066 25.258   321.2      26.8 12
                         1994 23.935 26.964 28.58  29.466 32.516 28.766 28.871 26.548 26.2   27.064 25.133 22.806   326.9      27.2 12
                         1995 24.032 25.964 28.806 29.233 33.032 31.1   26.967 25.871 26.333 28.225 26.666 23.096   329.3      27.4 12
                         1996 25.193 27.31  27.387 29.266 32.645 29.866 28.838 27.29  26.366 26.709 25.566 25.096   331.5      27.6 12
                         1997 23.258 25.214 27.354 25.733 29.645 31.133 28.806 29.161 28.1   25.677 25.333 22.741   322.2      26.8 12
                         1998 23.483 24.178 28     31.466 34.322 32.133 28.774 27.79  26.5   24.112 22.3   18.838   321.9      26.8 12
                         1999 20.854 26.732 28.371 30.633 31.483 30.433 28.467 28.258 28.35  27.387 24.783 22.145   327.9      27.3 12
                         2000 20.338 26.155 29.016 30.933 30.951 27.033 28.483 28.241 28.383 27.096 26     23.725   326.4      27.2 12
                         2001 22.935 25.857 26.483 31.533 30.29  28.966 27.645 27.483 26.433 26.419 24.7   23.967   322.7      26.9 12
                         2002 24.129 23.892 29.064 31.633 32.58  30.133 26.483 27.258 26.666 26.871 24.033 23.354   326.1      27.2 12
                         2003 23.129 26.035 27.838 30.9   34.064 30.4   26.064 26.548 25.733 26.677 27.933 23.838   329.2      27.4 12
                         2004 20.967 24.034 27.709 29.066 30.354 26.533 27.064 27.741 26.166 27.741 27.033 23.548   318.0      26.5 12
                         2005 24.548 23.892 26.516 31.133 31.193 32.666 27.741 26.258 26.333 27.709 27     24.774   329.8      27.5 12
                         2006 24.806 27.535 28.709 32.033 30.774 29.733 27.419 25.516 24.666 24.935 24.333 22.354   322.8      26.9 12
                         2007 22.838 25.035 27.967 28.966 31.064 28.466 25.58  26.064 26.366 27.225 26.166 25.387   321.1      26.8 12
                         2008 24.225 26.31  27.193 31.366 30.677 29.333 24.903 25.419 24.066 25.741 24.933 24.871   319.0      26.6 12
                         2009 24.838 26.785 28.645 30.666 31.161 30.233 28.483 28.645 25.7   25.645 23.833 22.677   327.3      27.3 12
                         2010 21.193 20.642 26.161 28.566 32.354 31     25.774 27.387 26.366 27.161 25.5   24.322   316.4      26.4 12
                         2011 24.129 26.642 29.161 31.666 33.225 30.966 27.935 29.032 27.233 26.064 24.933 24.903   335.9      28.0 12
                         2012 23.129 21.655 27.903 29.866 31     29.7   26.161 27.258 26.3   28.871 25.3   24.419   321.6      26.8 12
                         2013 21.612 26.25  26.741 30.1   30.967 29.733 25.193 26.774 24.5   25.903 23.633 21.903   313.3      26.1 12
                         2014 21.451 26.607 27.483 30.066 28.871 28.1   26.419 28     26.433 26.903 23.533 23.129   317.0      26.4 12
                         2015 23.258 24.142 23.967 27.966 30.129 27.233 26.161 27.322 26.733 25.612 25.966 23.387   311.9      26.0 12
                         2016 22     25.931 25.612 29.333 32.419 29.2   27.29  25.806 26.633 26.871 23.3   25.419   319.8      26.7 12
                         2017 24.935 26.392 27.935 30.2   32.935 31.7   26.58  27.483 25.133 25.225 27.133 23.032   328.7      27.4 12
                         2018 22.806 24.714 29.677 30.633 31.129 27.733 27.354 27.096 25.3   24.612 22.7   22.29    316.0      26.3 12
                         2019 23.225        29.225        32.258        27.709 28.58         26.322        24.548   191.9      27.4  7
                         2020 23.096        30.387 31.866 31.387 30.233 28.096 26.871 26.7   29.161 27.766 24.096   309.7      28.2 11
                         2021 24.903 27.535 30.645 31.466 31.58  27.066 26.032 27.032                               226.3      28.3  8

MINIMA                        15     20.642 21.306 21.833 28.258 25.733 24.29  25.096 24.066 24.112 22.3   14.096    71.4      23.8
MAXIMA                        25.258 27.535 30.645 32.033 34.322 33.133 28.871 29.161 29     29.161 27.933 25.838   335.9      28.3
MEDIA                         22.547 24.907 27.348 29.677 31.251 29.578 26.876 27.026 26.264 26.452 25.209 23.215   308.6      26.7
DESV. ESTANDAR                2.1294 1.8957 1.8933 1.9795 1.3938 1.726  1.3092 1.0443 1.1197 1.2161 1.481  2.0708    44.96      0.9


TEMP MEDIA MENS.
                         1979                                                                16.338 12.958 13.516    42.8      14.3  3
                         1980 10.241 12.681 15.322 14.133 20.371 19.55  21     19.032 18.783 16.806 13.983 12.304   194.2      16.2 12
                         1981 10.533 13.571 15.58  18.316 19.854 21.333 19.693 19.887 19.166 19.129 14.866 13.145   205.1      17.1 12
                         1982 12.871 13.696 17.096 20.333 21.322 23.616 20.129 20.096 19.666 17.919 13.933 12.274   213.0      17.7 12
                         1983 10.758 11.75  13.774 17.633 20.983 21.8   19.241 19.322 19.183 17.5   14.466 13.781   200.2      16.7 12
                         1984 13.427 13.491 17.362 19.35  20.129 21.45  19.112 19.564 19.316 17.993 18.3   14.661   214.2      17.8 12
                         1985 12.29  14.75  16.822 17.266 20.435 19.916 18.919 19.032 18.608 17.08  15.1   8.6774   198.9      16.6 12
                         1986 8.0483 11.073 13.508 19.816 20.322 20.533 19.419 20.233 19.666 17.274 15.55  12.435   197.9      16.5 12
                         1987 11.129 13.875 12.854 18.375 19.209 21.625 20.354 20.79  20.683 16.693 16.341 15.008   206.9      17.2 12
                         1988 12.5   15.517 16.056 20.35  23.306 21.733 20.338 19.935 18.933 17.032 15.25  13.145   214.1      17.8 12
                         1989 13.467 14.196 15.354 18.233 21.306 22.25  20.871 20.225 18.666 17.387 15.333 11.419   208.7      17.4 12
                         1990 13.354 13.178 16.161 19.016 22.129 22     19.725 19.241 18.683 17.661 14.75  12.693   208.6      17.4 12
                         1991 12.419 14.017 16.306 19.166 21.677 21.733 19.225 19.596 18.516 16.435 14.383 13.371   206.9      17.2 12
                         1992 11.516 12.137 15.435 16.3   19.491 21.366 20.645 19.709 19.433 17.08  13.666 14.177   201.0      16.7 12
                         1993 12.048 13.107 14.709 18.25  19.258 21.933 20.112 20.193 19.283 18.145 15.533 13.548   206.1      17.2 12
                         1994 12.362 14.776 17.177 18.7   22.08  21.516 20.709 19.983 19.05  18.241 15.1   13.193   212.9      17.7 12
                         1995 12.209 15.339 16.79  20.666 22.677 22.783 20.338 20.274 19.5   17.064 15.783 12.29    215.7      18.0 12
                         1996 14.121 14.569 15.306 17.633 21.983 21.916 21.225 20.29  19.066 17.604 15.033 15.669   214.4      17.9 12
                         1997 11.145 14.125 16.774 16.233 19.29  22.316 21.677 21.08  20.483 16.79  15.416 10.919   206.3      17.2 12
                         1998 11.032 10.678 15.451 18.483 21.951 23.45  21.548 20.887 20.3   16.919 13.45  10.322   204.5      17.0 12
                         1999 10.29  15.607 19.104 19.825 20.427 22.55  20.653 20.54  20.166 18.008 13.241 10.959   211.4      17.6 12
                         2000 10.153 14.543 17.895 19.658 21.129 20.441 19.919 20.088 20.35  18.532 15.233 12.556   210.5      17.5 12
                         2001 12.403 14.91  15.209 20     20.225 21.016 20.096 20.209 19.316 16.548 13.233 12.596   205.8      17.1 12
                         2002 11.629 13.428 16.822 20.383 22.403 21.733 20.225 19.871 20.133 18.177 14.283 11.435   210.5      17.5 12
                         2003 12.403 14.41  15.403 19.7   22.661 22.233 19.838 19.596 20     17.58  16.216 10.774   210.8      17.6 12
                         2004 11.5   11.793 16.548 17.366 20.661 20.183 19.693 20.08  19.533 18.483 14.6   12.322   202.8      16.9 12
                         2005 12.548 14.535 14.629 19.183 19.596 22.25  21.129 19.919 19.183 18.161 14.816 12.661   208.6      17.4 12
                         2006 12.016 14.892 16.661 20.266 21.112 21.683 20.887 20.032 19.1   17.822 14.25  11.838   210.6      17.5 12
                         2007 13     13.071 16.145 17.766 20.354 21.266 19.629 19.467 18.983 17.629 14.516 13.258   205.1      17.1 12
                         2008 11.838 13.189 14.79  18.533 20.338 21.516 19.403 19.983 18.85  17     13.416 12.306   201.2      16.8 12
                         2009 13.032 14.214 16.306 17.916 21.016 22.366 21.016 21.209 20.066 18.467 13.516 12.161   211.3      17.6 12
                         2010 11.225 11.732 14.806 17.016 21.064 22.466 20.548 20.79  20.2   15.862 13.083 10.967   199.8      16.6 12
                         2011 11.241 13.732 16.693 19.766 21.693 22.4   21.306 21.5   19.816 17.209 14.666 13.209   213.2      17.8 12
                         2012 12.161 13.81  16.725 18.333 21.29  21.7   20.193 20.387 18.8   18.483 15.383 13.032   210.3      17.5 12
                         2013 12.951 14.125 14.758 18.2   20.903 22.033 19.822 19.822 19.383 17.935 15.8   12.5     208.2      17.4 12
                         2014 11.661 14.25  15.419 18.916 20.419 21.366 19.871 20.451 20.033 18.048 14.116 12.709   207.3      17.3 12
                         2015 13.709 14.285 15.306 18.833 20.258 21.233 20.145 20.032 19.95  18.112 17.216 13.338   212.4      17.7 12
                         2016 10.483 13.5   14.903 18.15  21.871 21.233 20.435 20.29  20.016 18.564 15.05  14.693   209.2      17.4 12
                         2017 12.548 13.946 16.58  18.033 21.354 23.05  20.403 20.871 19.3   17.532 15.375 13.048   212.0      17.7 12
                         2018 12.145 15.41  16.822 19.3   21.322 21.2   19.903 20.096 19.966 17.983 13.766 11.693   209.6      17.5 12
                         2019 12.322        16.903        20.677        20.774 21.145        19.016        13.161   124.0      17.7  7
                         2020 13.241        19.177 19.683 20.225 22.233 21.354 20.661 19.833 17.596 16.25  13.145   203.4      18.5 11
                         2021 12.5   14     17.403 19.166 21.145 20.733 20.435 20.338                               145.7      18.2  8

MINIMA                        8.0483 10.678 12.854 14.133 19.209 19.55  18.919 19.032 18.516 15.862 12.958 8.6774    42.8      14.3
MAXIMA                        14.121 15.607 19.177 20.666 23.306 23.616 21.677 21.5   20.683 19.129 18.3   15.669   215.7      18.5
MEDIA                         11.963 13.748 16.02  18.64  20.95  21.7   20.285 20.161 19.499 17.615 14.81  12.641   200.4      17.3
DESV. ESTANDAR                1.1694 1.1806 1.3094 1.3157 0.9813 0.8611 0.686  0.5721 0.5784 0.7403 1.1347 1.3088    29.58      0.7


TEMP MINIMA EXT.
                         1979                                                                2      -3.5   2          0.5       0.2  3
                         1980 -4     -2     1      0      5      9      10     10     9      5      1      -4        40.0       3.3 12
                         1981 -4     -2     1      3      4      10     10     8      6      9      -2     0         43.0       3.6 12
                         1982 -4     -4     0      4      7      11     11     8      7      4      -1     -2        41.0       3.4 12
                         1983 -4     -2     -4     -2     6      9      11     10     9      5      -2     -4        32.0       2.7 12
                         1984 0.5    -2     2      4      4      9      10     10     10     0.6    6      -2        52.1       4.3 12
                         1985 -6     2      3      2      7      9      9      10     10     3      1      -2        48.0       4.0 12
                         1986 -3     -5     -4     3      7      12     9      10     9      0      -4     -7        27.0       2.3 12
                         1987 -5     -1     0      5      1      1.5    11     11.5   7      3      4      2         40.0       3.3 12
                         1988 -3     0      1      8      10     10     12     11     3      3      0      -1        54.0       4.5 12
                         1989 -2     -3     -2     3      4      9      9      11     4      2      -1     -5        29.0       2.4 12
                         1990 -2     -3     -1     3      7      12     11     10     10     2      -2     -4        43.0       3.6 12
                         1991 -5     -4     -2     2      6      8      11     9      8      1      -2     -3        29.0       2.4 12
                         1992 0      -4     -2     -1     8      7      11     11     9      4      -2     0         41.0       3.4 12
                         1993 -3     -5     -6     1      3      10     10     8      9      4      0      -2        29.0       2.4 12
                         1994 -4     -3     1      2      7      9      9      11     5      5      0      -5        37.0       3.1 12
                         1995 -5     0      0      9      7      8      11     11     9      -1     -4     -3        42.0       3.5 12
                         1996 0      -3     -2     0      8      10     10     10     10     3      0      2         48.0       4.0 12
                         1997 -8     -5     0      1      5      9      12     11     8      0      -3     -5        25.0       2.1 12
                         1998 -7     -8     -4     2      2      12     11     11.5   10     6      0      -2        33.5       2.8 12
                         1999 -3     2      6      6.5    7      11     9      9      8      3      -2     -5        51.5       4.3 12
                         2000 -3     -2     4.5    4      5      10     8.5    8      11     6      -2     -5        45.0       3.8 12
                         2001 -3     -1     2      3      7      10     10     10     7      1      -3     -5        38.0       3.2 12
                         2002 -4     -4     0      5      8      10     10     9      8      4      -4     -6        36.0       3.0 12
                         2003 -4     -3     -6     4      9      11     10     11     11     0      -1     -7        35.0       2.9 12
                         2004 -3     -6     -2     0      5      11     10     9      8      5      -4     -7        26.0       2.2 12
                         2005 -3     -1     -3     2      3      6      11     10     7      -1     -3     -5        23.0       1.9 12
                         2006 -6     -3     1      3      5      11     12     13     10     4      -3     -8        39.0       3.3 12
                         2007 -3     -3     -1     2      7      9      9      10     6      1      0      -5        32.0       2.7 12
                         2008 -6     -3     -6     0      6      10     7      12     8      2      -2     -4        24.0       2.0 12
                         2009 -2     -3     0      0      3      10     11     11     12     5      -2     -5        40.0       3.3 12
                         2010 -5     -4     0      1      2      7      12     11     7      0      -4     -7        20.0       1.7 12
                         2011 -6     -3     -1     4      5      10     11     11     6      1      0      -3        35.0       2.9 12
                         2012 -4     0      1      2      8      9      11     11     5      3      2      -4        44.0       3.7 12
                         2013 1      -2     -5     0      7      11     10     9      10     3      2      -1        45.0       3.8 12
                         2014 -3     -2     -3     3      5      11     10     10     11     3      -3     -4        38.0       3.2 12
                         2015 -1     -1     0      5      4      12     11     9      7      6      5      -3        54.0       4.5 12
                         2016 -6     -8     -2     1      4      8      11     12     9      5      2      -3        33.0       2.8 12
                         2017 -4     -1     -1     0      3      8      8      12     7      1      -2     -3        28.0       2.3 12
                         2018 -3     4      1      4      5      11     9      11     12     5      -1     -6        52.0       4.3 12
                         2019 -5     -2     2      -1     0      11     10     10     9      7      3      -2        42.0       3.5 12
                         2020 -3            4      2      4      9      11     11     6      2      1      -4        43.0       3.9 11
                         2021 -6     -5     2      3      2      9      12     10                                    27.0       3.4  8

MINIMA                        -8     -8     -6     -2     0      1.5    7      8      3      -1     -4     -8         0.5       0.2
MAXIMA                        1      4      6      9      10     12     12     13     12     9      6      2         54.0       4.5
MEDIA                         -3.654 -2.561 -0.583 2.4404 5.2857 9.5119 10.273 10.261 8.2195 3.0142 -0.845 -3.5      36.9       3.1
DESV. ESTANDAR                1.9707 2.3774 2.7804 2.3274 2.2446 1.9015 1.1487 1.1854 2.0918 2.2672 2.4803 2.4519    10.57      0.9


TEMP MINIMA PROM
                         1979                                                                6.2258 2.1833 5.7741    14.2       4.7  3
                         1980 0.6129 3.5862 5.6612 6.4333 10.483 12.766 13.58  12.677 12.033 8.4516 4.8666 3.1258    94.3       7.9 12
                         1981 1.6774 3.5    5.6129 8.5333 10     13.066 13.096 12.645 11.566 11.29  3.2666 3.129     97.4       8.1 12
                         1982 1.129  1.6785 5.1612 9.1666 12.129 14.1   13.516 12.354 11.433 9.4193 3.7333 3.9677    97.8       8.1 12
                         1983 2.9677 1.7142 2.5161 6.6333 10.903 12.866 13.483 12.677 12.6   8.7419 4.5666 1.7241    91.4       7.6 12
                         1984 4.5645 2.1724 7.6129 7.6666 10.193 13.4   13.709 12.629 12.483 7.7935 9.8833 4.4838   106.6       8.9 12
                         1985 2.7096 4.5    6.2258 7.9333 11.322 14.1   12.903 12.516 12.316 9.3225 6.15   3.258    103.3       8.6 12
                         1986 1.0967 1.3428 3.3225 9      11.193 14.233 12.838 12.5   12.1   9.6451 5      1.5161    93.8       7.8 12
                         1987 1      4.75   4.4032 9.2166 8.7419 13.016 14.258 13.467 12.366 6.1612 8.05   6.4516   101.9       8.5 12
                         1988 2.9032 4.9827 7.1612 11.7   14.096 14     14.225 13.774 11.233 6.9032 2.6666 1.258    104.9       8.7 12
                         1989 1.6774 2.3571 3.2258 7.0333 10.29  13.3   13.064 14.29  11.7   6.9032 4.3333 1.8709    90.0       7.5 12
                         1990 3.1935 3.8928 5.0322 8.1333 12.419 14.1   14     13.387 12.766 10.129 3.9666 0.8709   101.9       8.5 12
                         1991 1.1612 2.6785 2.8387 7.3    10.58  12.966 14.161 12.29  12.833 7.7096 3.9666 4.7419    93.2       7.8 12
                         1992 4.5483 2.1379 4.7741 5.7333 10.725 12.3   13.548 13.322 12.566 10     4.1333 3.9354    97.7       8.1 12
                         1993 2.2258 0.9285 3.0645 7.6    8.9677 14.366 13.709 12.838 12.3   9.1935 4      1.8387    91.0       7.6 12
                         1994 0.7903 2.5892 5.7741 7.9333 11.645 14.266 12.548 13.419 11.9   9.4193 5.0666 3.5806    98.9       8.2 12
                         1995 0.3871 4.7142 4.7741 12.1   12.322 14.466 13.709 14.677 12.666 5.9032 4.9    1.4838   102.1       8.5 12
                         1996 3.0483 1.8275 3.2258 6      11.322 13.966 13.612 13.29  11.766 8.5    4.5    6.2419    97.3       8.1 12
                         1997 -0.967 3.0357 6.1935 6.7333 8.9354 13.5   14.548 13     12.866 7.9032 5.5    -0.903    90.3       7.5 12
                         1998 -1.419 -2.821 2.9032 5.5    9.5806 14.766 14.322 13.983 14.1   9.7258 4.6    1.8064    87.0       7.3 12
                         1999 -0.274 4.4821 9.8387 9.0166 9.3709 14.666 12.838 12.822 11.983 8.629  1.7    -0.225    94.8       7.9 12
                         2000 -0.032 2.931  6.7741 8.3833 11.306 13.85  11.354 11.935 12.316 9.9677 4.4666 1.3871    94.6       7.9 12
                         2001 1.8709 3.9642 3.9354 8.4666 10.161 13.066 12.548 12.935 12.2   6.6774 1.7666 1.2258    88.8       7.4 12
                         2002 -0.871 2.9642 4.5806 9.1333 12.225 13.333 13.967 12.483 13.6   9.4838 4.5333 -0.483    95.0       7.9 12
                         2003 1.6774 2.7857 2.9677 8.5    11.258 14.066 13.612 12.645 14.266 8.4838 4.5    -2.29     92.5       7.7 12
                         2004 2.0322 -0.448 5.3871 5.6666 10.967 13.833 12.322 12.419 12.9   9.2258 2.1666 1.0967    87.6       7.3 12
                         2005 0.5483 5.1785 2.7419 7.2333 8      11.833 14.516 13.58  12.033 8.6129 2.6333 0.5483    87.5       7.3 12
                         2006 -0.774 2.25   4.6129 8.5    11.451 13.633 14.354 14.548 13.533 10.709 4.1666 1.3225    98.3       8.2 12
                         2007 3.1612 1.1071 4.3225 6.5666 9.6451 14.066 13.677 12.871 11.6   8.0322 2.8666 1.129     89.0       7.4 12
                         2008 -0.548 0.0689 2.3871 5.7    10     13.7   13.903 14.548 13.633 8.258  1.9    -0.258    83.3       6.9 12
                         2009 1.2258 1.6428 3.9677 5.1666 10.871 14.5   13.548 13.774 14.433 11.29  3.2    1.6451    95.3       7.9 12
                         2010 1.258  2.8214 3.4516 5.4666 9.7741 13.933 15.322 14.193 14.033 4.5645 0.6666 -2.387    83.1       6.9 12
                         2011 -1.645 0.8214 4.2258 7.8666 10.161 13.833 14.677 13.967 12.4   8.3548 4.4    1.5161    90.6       7.5 12
                         2012 1.1935 5.9655 5.5483 6.8    11.58  13.7   14.225 13.516 11.3   8.0967 5.4666 1.6451    99.0       8.3 12
                         2013 4.2903 2      2.7741 6.3    10.838 14.333 14.451 12.871 14.266 9.9677 7.9666 3.0967   103.2       8.6 12
                         2014 1.8709 1.8928 3.3548 7.7666 11.967 14.633 13.322 12.903 13.633 9.1935 4.7    2.2903    97.5       8.1 12
                         2015 4.1612 4.4285 6.6451 9.7    10.387 15.233 14.129 12.741 13.166 10.612 8.4666 3.2903   113.0       9.4 12
                         2016 -1.032 1.0689 4.1935 6.9666 11.322 13.266 13.58  14.774 13.4   10.258 6.8    3.9677    98.6       8.2 12
                         2017 0.1612 1.5    5.2258 5.8666 9.7741 14.4   14.225 14.258 13.466 9.8387 3.6166 3.0645    95.4       7.9 12
                         2018 1.4838 6.1071 3.9677 7.9666 11.516 14.666 12.451 13.096 14.633 11.354 4.8333 1.0967   103.2       8.6 12
                         2019 1.4193 3.8214 4.5806 5.1    9.0967 14.833 13.838 13.709 12.3   11.709 8.4    1.7741   100.6       8.4 12
                         2020 3.3871        7.9677 7.5    9.0645 14.233 14.612 14.451 12.966 6.0322 4.7333 2.1935    97.1       8.8 11
                         2021 0.0967 0.4642 4.1612 6.8666 10.709 14.4   14.838 13.645                                65.2       8.1  8

MINIMA                        -1.645 -2.821 2.3871 5.1    8      11.833 11.354 11.935 11.233 4.5645 0.6666 -2.387    14.2       4.7
MAXIMA                        4.5645 6.1071 9.8387 12.1   14.096 15.233 15.322 14.774 14.633 11.709 9.8833 6.4516   113.0       9.4
MEDIA                         1.3801 2.6191 4.6927 7.544  10.65  13.846 13.694 13.296 12.723 8.7784 4.5067 2.0667    93.2       7.9
DESV. ESTANDAR                1.6439 1.8056 1.6477 1.5833 1.1957 0.7158 0.7816 0.7511 0.9177 1.6473 1.9652 1.9695    14.59      0.7


