COMISIÓN NACIONAL DEL AGUA
COORDINACIÓN GENERAL DEL SERVICIO METEOROLÓGICO NACIONAL
PROYECTO DE BASES DE DATOS CLIMATOLÓGICOS
    
                         AÑO  ENE    FEB    MAR    ABR    MAY    JUN    JUL    AGO    SEP    OCT    NOV    DIC  ACUMULADO  MEDIA  MESES
00001016
GANADERIA PEÑUELAS, AGUA
DIAS CON GRANIZO
                         1945                      0      0      0      0      0      0      0             0          0.0       0.0  8
                         1946 0      1      0      0      0      0      0      0      2      0             0          3.0       0.3 11
                         1947 2      0      0      0      0      0      0      0      0      0      0      0          2.0       0.2 12
                         1948 0      0      0      0      0      0      0      0      0      0                        0.0       0.0 10
                         1949 0      0      0      0      0      0      0      0      0      0      0      0          0.0       0.0 12
                         1950 0      0      0      0                           0      0      0      0      0          0.0       0.0  9
                         1951 0      0      0      0      0      0      0      0      0      0      0      0          0.0       0.0 12
                         1952 0      0      0      0      0      0      0      0      0      0      0      0          0.0       0.0 12
                         1953 0             0      0                           0      0      0      0      0          0.0       0.0  8
                         1954 0      0      0      0      0      0      0      0      0      0      0      0          0.0       0.0 12
                         1955 0      0      0      0      0      0      0      0      0      0      0      1          1.0       0.1 12
                         1956 0      0      0      0      0      0      0      0      0      0      0      0          0.0       0.0 12
                         1957 0      0      0      0      0      0      0      0      0      0      0      0          0.0       0.0 12
                         1958 0      0      0      0      1      0      0      0      0      0      0      0          1.0       0.1 12
                         1959 0      0      0      0      0      0      0      0      0      0      0      0          0.0       0.0 12
                         1960 0      0      0      0      0      0      0      0      0      1      0      1          2.0       0.2 12
                         1961 0      0      0      0      0      0      0      2      0      0      0      0          2.0       0.2 12
                         1962 0      0      0      1      0      0      2      0      0      0      0      0          3.0       0.3 12
                         1963 0      0      0      0      0      0      0      1      0      0      0      0          1.0       0.1 12
                         1964 2      0      0      0      0      0      0      2      0      0      0                 4.0       0.4 11
                         1965 0      0      0      0      2      0      2      0      0      0      0      0          4.0       0.3 12
                         1966 0      0      0      0      2      0      1      1      0      0      0      0          4.0       0.3 12
                         1967 0      0      2      0      0      2      2      0      0      0      0      0          6.0       0.5 12
                         1968 0      0      0      0      0      0      2      0      0      0      0      0          2.0       0.2 12
                         1969        0             0      0      0      3      0      0             0      0          3.0       0.3  9
                         1970 0      0      0      0      0      0      0      1      0      0                        1.0       0.1 10
                         1971                                                                0      0      0          0.0       0.0  3
                         1972 0      0      0      0      0                                                           0.0       0.0  5
                         1976                             0                                                           0.0       0.0  1

MINIMA                        0      0      0      0      0      0      0      0      0      0      0      0          0.0       0.0
MAXIMA                        2      1      2      1      2      2      3      2      2      1      0      1          6.0       0.5
MEDIA                         0.16   0.04   0.08   0.037  0.1923 0.0833 0.5    0.2692 0.0769 0.0384 0      0.0833     1.3       0.1
DESV. ESTANDAR                0.5537 0.2    0.4    0.1924 0.567  0.4082 0.9325 0.6038 0.3922 0.1961 0      0.2823     1.67      0.1


DIAS CON NIEBLA 
                         1945                      11     8      3      0      0      0      13            0         35.0       4.4  8
                         1946 2      1      0      7      16     2      0      2      0      2             2         34.0       3.1 11
                         1947 3      0      4      7      4      4      0      2      2      6      2      2         36.0       3.0 12
                         1948 2      0      0      0      0      0      0      0      1      0                        3.0       0.3 10
                         1949 0      0      0      0      0      0      0      0      0      0      0      0          0.0       0.0 12
                         1950 0      0      0      0                           1      1      0      0      0          2.0       0.2  9
                         1951 0      0      0      0      0      0      0      0      0      0      0      0          0.0       0.0 12
                         1952 0      0      0      0      0      0      0      0      0      0      0      0          0.0       0.0 12
                         1953 0             0      0                           0      0      0      0      0          0.0       0.0  8
                         1954 0      0      0      0      0      0      0      0      0      0      0      0          0.0       0.0 12
                         1955 0      0      0      0      0      0      0      0      0      0      0      0          0.0       0.0 12
                         1956 0      0      0      0      0      0      0      0      0      0      0      0          0.0       0.0 12
                         1957 0      0      0      0      0      0      0      0      0      0      0      0          0.0       0.0 12
                         1958 0      0      0      0      0      0      0      0      0      0      0      0          0.0       0.0 12
                         1959 0      0      0      0      0      0      0      0      1      0      0      0          1.0       0.1 12
                         1960 0      0      0      0      0      0      0      0      0      0      0      1          1.0       0.1 12
                         1961 0      0      0      0      0      2      0      0      0      0      0      1          3.0       0.3 12
                         1962 0      0      0      0      0      0      0      1      0      0      1      0          2.0       0.2 12
                         1963 0      0      0      0      0      0      0      2      0      0      0      1          3.0       0.3 12
                         1964 3      1      0      0      0      0      1      0      0      1      1                 7.0       0.6 11
                         1965 0      1      0      0      0      0      0      0      2      3      0      0          6.0       0.5 12
                         1966 0      0      0      1      0      0      0      0      0      0      0      0          1.0       0.1 12
                         1967 1      0      2      0      0      0      0      0      0      0      0      1          4.0       0.3 12
                         1968 0      0      0      0      0      0      1      1      2      0      1      0          5.0       0.4 12
                         1969        0             0      0      0      0      0      0             0      1          1.0       0.1  9
                         1970 0      0      0      0      0      1      0      0      2      0                        3.0       0.3 10
                         1971                                                                0      3      2          5.0       1.7  3
                         1972 0      0      1      0      0                                                           1.0       0.2  5
                         1976                             0                                                           0.0       0.0  1

MINIMA                        0      0      0      0      0      0      0      0      0      0      0      0          0.0       0.0
MAXIMA                        3      1      4      11     16     4      1      2      2      13     3      2         36.0       4.4
MEDIA                         0.44   0.12   0.28   0.9629 1.0769 0.5    0.0833 0.3461 0.423  0.9615 0.3478 0.4583     5.3       0.6
DESV. ESTANDAR                0.9609 0.3316 0.8906 2.7383 3.4976 1.1033 0.2823 0.6894 0.7575 2.7925 0.7751 0.721     10.47      1.1


DIAS CON TORMEN.
                         1945                      0      1      2      1      1      0      0             0          5.0       0.6  8
                         1946 0      1      0      0      0      2      7      0      2      0             0         12.0       1.1 11
                         1947 2      0      0      0      0      4      0      3      3      2      0      0         14.0       1.2 12
                         1948 0      0      0      0      0      7      5      1      0      0                       13.0       1.3 10
                         1949 0      0      0      0      0      0      0      0      0      0      0      0          0.0       0.0 12
                         1950 0      0      0      0                           0      0      0      0      0          0.0       0.0  9
                         1951 0      0      0      0      0      0      0      0      0      0      0      0          0.0       0.0 12
                         1952 0      0      0      0      0      0      0      0      0      0      0      0          0.0       0.0 12
                         1953 0             0      0                           0      0      0      0      0          0.0       0.0  8
                         1954 0      0      0      0      0      0      0      0      0      0      0      0          0.0       0.0 12
                         1955 0      0      0      0      0      0      0      1      1      1      0      1          4.0       0.3 12
                         1956 0      0      0      0      3      1      1      0      0      0      0      0          5.0       0.4 12
                         1957 0      0      0      0      0      1      1      3      0      0      0      0          5.0       0.4 12
                         1958 0      1      0      0      0      2      1      6      2      3      0      0         15.0       1.3 12
                         1959 0      2      0      0      0      0      4      4      2      0      0      0         12.0       1.0 12
                         1960 0      0      0      1      0      9      14     16     2      1      0      1         44.0       3.7 12
                         1961 0      0      0      0      6      6      1      5      4      0      1      0         23.0       1.9 12
                         1962 0      0      0      4      1      4      8      2      4      3      0      0         26.0       2.2 12
                         1963 0      0      2      0      0      2      1      2      1      1      0      0          9.0       0.8 12
                         1964 0      0      0      1      0      3      1      2      0      0      0                 7.0       0.6 11
                         1965 0      0      0      1      1      0      0      0      0      0      0      0          2.0       0.2 12
                         1966 0      0      0      0      0      2      1      0      0      0      0      0          3.0       0.3 12
                         1967 0      0      0      1      0      3      0      1      0      0      0      0          5.0       0.4 12
                         1968 0      0      0      0      0      0      0      1      0      0      0      0          1.0       0.1 12
                         1969        0             0      0      0      3      0      0             0      0          3.0       0.3  9
                         1970 0      0      0      0      0      1      0      2      0      0                        3.0       0.3 10
                         1971                                                                1      0      0          1.0       0.3  3
                         1972 0      0      0      0      1                                                           1.0       0.2  5
                         1976                             6                                                           6.0       6.0  1

MINIMA                        0      0      0      0      0      0      0      0      0      0      0      0          0.0       0.0
MAXIMA                        2      2      2      4      6      9      14     16     4      3      1      1         44.0       6.0
MEDIA                         0.08   0.16   0.08   0.2963 0.7307 2.0416 2.0416 1.923  0.8076 0.4615 0.0434 0.0833     7.6       0.9
DESV. ESTANDAR                0.4    0.4725 0.4    0.8234 1.6866 2.4579 3.4068 3.3217 1.2967 0.9046 0.2085 0.2823     9.79      1.3


EVAPORACION MEN.
                         1945                      262.2  250.8  268.4  167.2  164.2  182.7  181.2         126    1,602.7     200.3  8
                         1946 139.7  155.7  238.6  238.3  257.5  204.4  183.8  191.5  192.5  153.1         112.7  2,067.8     188.0 11
                         1947 108.3  172.2  237.6  246    222.3  205.9  260.1  158.8  165.9  177.2  126.6  118    2,198.9     183.2 12
                         1948 108.4  157    228.8  240.2  259    198.6  170.5  184.1  148.4  150.9                1,845.9     184.6 10
                         1949 126.8  137.7  231.2  278.2  256.6  201.8  159    175.9  185    178.4  160.9  140    2,231.5     186.0 12
                         1950 157.5         168.2  216.8                       215.2  170.5  207.7  154.3  134.4  1,424.6     178.1  8
                         1951 137.6  160.2  149.5  171.5  221.3  216.9  175.8  179.1  151.1  137.4  142.7  128.6  1,971.7     164.3 12
                         1952 136.7  134.3  200.6  233.4  304.1  193    148.7  159.5  168.4  165.8  162.3  153.7  2,160.5     180.0 12
                         1953 150.1         216.8  238.5                       149.4  151.9  179.8  164.5  172.1  1,423.1     177.9  8
                         1954 118.1  128.8  230.2  232.7  206.2  171.6  125.6  137.5  116    135.5  132.8  149.6  1,884.6     157.1 12
                         1955 132.1  159.9  231.7  261    297.1  220.6  166.2  137.2  111.6  151.8  135.4         2,004.6     182.2 11
                         1956 139.5  164.7  227.9  236.7  239.1  213.6  150.8  165.8  182.1  180.9  148.1  128.4  2,177.6     181.5 12
                         1957 160.3  147.5  226.5  243.1  258    254.7  209.2  215.2  178.3  144.8  126.1  125    2,288.7     190.7 12
                         1958 98.2   153.3  203.6  251    272.3  198.6  165    168.7  135.3  108.3  88.2   77.2   1,919.7     160.0 12
                         1959 102.7  121    220.7  185.3  222.7  177.6  155.5  152.7  169.9  122.2  143    117.4  1,890.7     157.6 12
                         1960 136.4  174.2  234.9  234.5  271.8  280.8  227.1  178    157.8  146.7  145.4  101.9  2,289.5     190.8 12
                         1961 140.83 170.25 222.25 266.8  282.8  214.95 165.05 193.85 182.6  190.5  158.89 133.9  2,322.7     193.6 12
                         1962 157.4  189.9  249.3  229.15 292.45 262.75 193.3  204.75 151.8  154.6  153.2  100.15 2,338.8     194.9 12
                         1963 153.05 173.7  232.55 276.63 290.25 218.55 168.95 161.33 168.65 165.53 157.14 107.1  2,273.4     189.5 12
                         1964 95.93  171.95 225.7  261.9  266.42 203    210.6  179.15 130.6  160.45 127.7         2,033.4     184.9 11
                         1965 100.5  145.75 231    224.2  249.8  273.6  175.1  140.7  146.3  147    137    99.85  2,070.8     172.6 12
                         1966 118.3  133.75 197.35 236.85 259.45 209.67 176.8  208.18 174.48 166.03 140.8  118.85 2,140.5     178.4 12
                         1967 109.5  150.3  206.1  260.55 260.25 196.3  174.9  136.5  168.7  125.8  115.85 121.75 2,026.5     168.9 12
                         1968 128.25 150.76 169.85 219.2  266.05 212.9  157.3  153.9  138.2  141.1  133.35 113.3  1,984.2     165.3 12
                         1969        155.3         260    277.8  257.6  194.6  175.6  163.1         143.3  118.4  1,745.7     194.0  9
                         1970 132.5  133.85 212.45 264.8  276.43 192.3  169.15 173.45 116.25 139.4                1,810.6     181.1 10
                         1971                                                                       134.8  123.2    258.0     129.0  2
                         1972 120.8  172    210.4  249.8  237.7                                                     990.7     198.1  5

MINIMA                        95.93  121    149.5  171.5  206.2  171.6  125.6  136.5  111.6  108.3  88.2   77.2     258.0     129.0
MAXIMA                        160.3  189.9  249.3  278.2  304.1  280.8  260.1  215.2  192.5  207.7  164.5  172.1  2,338.8     200.3
MEDIA                         128.37 154.75 216.15 241.45 259.92 218.67 177.09 171.54 158    156.48 140.53 122.67 1,906.3     179.0
DESV. ESTANDAR                19.655 17.249 24.074 24.613 25.095 30.735 28.117 23.398 22.62  23.164 17.351 20.022   448.41     15.5


LLUVIA MAX 24 H.
                         1945                      25     9      23     15     47.5   23.5   2             0.5      145.5      18.2  8
                         1946 24     2      0.5    6      9.5    28.5   31.5   8      35     7             7        159.0      14.5 11
                         1947 18     0      0      29     19.5   31     14     20     35.5   18     8      4        197.0      16.4 12
                         1948 25.5   2      8      1.5    3      38.5   32.5   22.5   32     17                     182.5      18.3 10
                         1949 3.9    0      0      0      5      17     51     17     23     17     0      0        133.9      11.2 12
                         1950 0      0      0      0                           10.5   14.5   0      0      0         25.0       2.8  9
                         1951 0      0      0      0      0      25     33     46     37     17.7   0      0        158.7      13.2 12
                         1952 6.7    0.7    0      7      4.5    33.5   60     44     36     0.2    5      6        203.6      17.0 12
                         1953 0             8.5    0                           46.5   26.5   16     19     32       148.5      18.6  8
                         1954 0      1      0      1.5    9      15     56     13     25     19     0      0        139.5      11.6 12
                         1955 0      0      0      0      3      32     33.5   38     15     26.3   0      10.9     158.7      13.2 12
                         1956 0      11     0      0.6    49     23.2   31     41.3   2.6    6.8    1.5    2.3      169.3      14.1 12
                         1957 0.5    0.4    0      0      3.6    11.5   12.9   17.8   52     25     0      0        123.7      10.3 12
                         1958 18     2.5    2.3    0      8.8    44.3   41.5   19     42.2   55.5   38.5   12.3     284.9      23.7 12
                         1959 2.5    13.6   0      26     8      16.1   22.5   21.5   35     25     1.1    1.5      172.8      14.4 12
                         1960 0.8    0      0      1.2    0      47     29     29.8   10.7   18.5   2      6.5      145.5      12.1 12
                         1961 24     0      0      3.5    2.5    20     13.5   48     10.5   7      7      0.5      136.5      11.4 12
                         1962 24     14     0      17     0.5    42     33     20     24.2   15.6   1      6        197.3      16.4 12
                         1963 0      6      4      0      4.8    24     20.5   27.3   20.5   8.2    1.4    31       147.7      12.3 12
                         1964 13.3   2      0      8      10.7   13     23     17.6   16     9      4.3             116.9      10.6 11
                         1965 6.9    17.2   0      22.4   7      17     20     18.5   17.7   15.3   9.5    16.5     168.0      14.0 12
                         1966 8.2    9.5    8      18     7      43.5   35     47     29.5   20.5   2.5    1        229.7      19.1 12
                         1967 40     0.9    12     2.4    25.5   28.8   20.5   52.5   51     34     7.8    2        277.4      23.1 12
                         1968 0      17.5   42     7.7    6.5    17     40     27     36.5   23.3   2      5.5      225.0      18.8 12
                         1969        1.5           6      0      32     29     33     36.5          1      4.5      143.5      15.9  9
                         1970 1      35     0      0      0      60     41     24     32.3   5.7                    199.0      19.9 10
                         1971                                                                0      0      0          0.0       0.0  3
                         1972 35     0      9.5    1.8    13                                                         59.3      11.9  5
                         1976                             8                                                           8.0       8.0  1

MINIMA                        0      0      0      0      0      11.5   12.9   8      2.6    0      0      0          0.0       0.0
MAXIMA                        40     35     42     29     49     60     60     52.5   52     55.5   38.5   32       284.9      23.7
MEDIA                         10.092 5.472  3.792  6.837  8.3615 28.454 30.787 29.126 27.7   15.753 4.8521 6.25     153.7      14.2
DESV. ESTANDAR                12.357 8.4894 8.8047 9.3366 10.199 12.462 12.943 13.549 12.27  12.115 8.6102 8.9263    67.40      5.2


LLUVIA TOTAL MEN
                         1945                      25     15.5   40     104    150.5  29     3             0.5      367.5      45.9  8
                         1946 32.5   2.5    0.5    21.5   17     104.5  125.2  31.5   56.2   31            10.5     432.9      39.4 11
                         1947 39.5   0      0      39     63     98.5   20.5   127.5  77     32     8.5    12.5     518.0      43.2 12
                         1948 46     2      8      1.5    13.5   163    92.7   80     101.5  33                     541.2      54.1 10
                         1949 3.9    0      0      0      14     79     103    63     54     34     0      0        350.9      29.2 12
                         1950 0      0      0      0                           33.5   85.5   0      0      0        119.0      13.2  9
                         1951 0      0      0      0      0      55     126    174.5  146.2  35.7   0      0        537.4      44.8 12
                         1952 6.7    0.7    0      19.7   4.5    135.6  147    159.6  97.7   0.2    5      6        582.7      48.6 12
                         1953 0             12.5   0                           299.4  43.7   31.5   25.7   50       462.8      57.9  8
                         1954 0      1.5    0      1.5    18     59     174.5  36     78.1   36.6   0      0        405.2      33.8 12
                         1955 0      0      0      0      4      79.5   108.8  214.8  70.8   57.7   0      10.9     546.5      45.5 12
                         1956 0      11     0      0.9    78.6   74.3   131.3  157    2.6    11.5   1.5    2.8      471.5      39.3 12
                         1957 0.5    0.4    0      0      3.6    31.4   36.3   61.8   111.7  61.1   0      0        306.8      25.6 12
                         1958 50.3   2.5    3.8    0      13.5   148    149.8  68.6   123.7  160.5  61.5   12.7     794.9      66.2 12
                         1959 2.5    13.6   0      73.1   13.5   70.8   133.7  96.6   50.1   34.8   1.1    1.5      491.3      40.9 12
                         1960 1.1    0      0      1.4    0      47     90.4   162.1  33     68     2      15.5     420.5      35.0 12
                         1961 38     0      0      3.5    3.5    82.3   69.8   79.9   32.9   19.1   8      0.5      337.5      28.1 12
                         1962 26.5   14     0      29.6   0.5    121.3  74.5   96.3   72.3   46.2   1      15.5     497.7      41.5 12
                         1963 0      6.2    5      0      7      104.7  150.7  107.2  47.6   18.8   2.2    73.7     523.1      43.6 12
                         1964 37.8   3      0      8      24.1   62.7   94.9   99.6   105.3  21.7   12.3            469.4      42.7 11
                         1965 9.9    33.7   0      64.1   16     44.3   142.8  127.7  85.5   31.3   10     25.9     591.2      49.3 12
                         1966 20.6   9.8    11.2   39     23.7   117.2  135.9  199.5  44.5   38.1   2.5    1.7      643.7      53.6 12
                         1967 84.8   0.9    34     2.9    59.1   134.6  89     238.6  161.3  71     14.3   2        892.5      74.4 12
                         1968 0      34.3   83.6   9.9    11.3   62.1   130.1  88     122.3  51.3   2.2    10.1     605.2      50.4 12
                         1969        1.5           6      0      45.3   115.5  138.5  93.5          1.5    7.7      409.5      45.5  9
                         1970 1      52.7   0      0      0      229.7  122.5  81.1   173.9  10.2                   671.1      67.1 10
                         1971                                                                0      0      0          0.0       0.0  3
                         1972 39.5   0      19.3   1.8    56.9                                                      117.5      23.5  5
                         1976                             18                                                         18.0      18.0  1

MINIMA                        0      0      0      0      0      31.4   20.5   31.5   2.6    0      0      0          0.0       0.0
MAXIMA                        84.8   52.7   83.6   73.1   78.6   229.7  174.5  299.4  173.9  160.5  61.5   73.7     892.5      74.4
MEDIA                         17.644 7.612  7.116  12.903 18.415 91.241 111.2  122.03 80.765 36.088 6.926  10.833   452.6      41.4
DESV. ESTANDAR                22.727 13.399 17.838 20.171 21.556 47.063 36.314 66.212 42.471 32.437 13.455 17.48    204.12     16.1


TEMP MAXIMA EXT.
                         1945                      33     33.5   35     31     28.5   30     29.5          27.5     248.0      31.0  8
                         1946 29     28     34.5   34     35.5   33.5   30.5   30     31.5   29            27       342.5      31.1 11
                         1947 26     28     31.5   33     33.5   32     30.5   31     28     30.5   28     25       357.0      29.8 12
                         1948 25     29     34     33.5   35     34     29     30.5   30     29.5                   309.5      31.0 10
                         1949 26.5   28.5   32     33.5   36     33.5   30     30     30     30     29     27       366.0      30.5 12
                         1950 28     30.5   32     34                          34     29     29     28     27       271.5      30.2  9
                         1951 28     30     30     31     32     32     31     31     31     29     28     27       360.0      30.0 12
                         1952 30     21     27     26     28     29     30     27     26     28     26     24       322.0      26.8 12
                         1953 21            27     27                          29     28     27     25     24       208.0      26.0  8
                         1954 30     27     27     32     33     34     29     29     27     26     22     23       339.0      28.3 12
                         1955 22     25     25     27     29     30     28     27     27     27     29     27       323.0      26.9 12
                         1956 26     31     32     34     35     33     29     31     29     30     30     29       369.0      30.8 12
                         1957 30     29     30     33     35     36     35     33     32     30     29     28       380.0      31.7 12
                         1958 27     28     31     35     34     33     32     30     29     28     27     26       360.0      30.0 12
                         1959 26     29     31     33     33     33     31     30     31     30     29     28       364.0      30.3 12
                         1960 29     28     32     33     34     36     33     32     31     31     30     27       376.0      31.3 12
                         1961 27     28     30     36     36     33     30     31     32     31     29     29       372.0      31.0 12
                         1962 28     30     32     32     36     36     33     32     31     31     28     28       377.0      31.4 12
                         1963 28     28     32     36     36     36     29     30     31     29     29     25       369.0      30.8 12
                         1964 27     30     30     35     36     35     32     31     29     28     28              341.0      31.0 11
                         1965 25     27     31     33     36     35     30     28     30     28     30     26       359.0      29.9 12
                         1966 26     27     30     33     35     36     31     32     31     30     30     26       367.0      30.6 12
                         1967 26     28     32     35     37     34     31     31     27     29     27     27       364.0      30.3 12
                         1968 28     28     31     32     34     36     29     32     30     30     27     26       363.0      30.3 12
                         1969        28            33     34     36     31     31     30            30     28       281.0      31.2  9
                         1970 27     27     39     37     34     35     31     30     28     30                     318.0      31.8 10
                         1971                                                                29     28     27        84.0      28.0  3
                         1972 27     29.5   31     35     35.5                                                      158.0      31.6  5
                         1976                             33                                                         33.0      33.0  1

MINIMA                        21     21     25     26     28     29     28     27     26     26     22     23        33.0      26.0
MAXIMA                        30     31     39     37     37     36     35     34     32     31     30     29       380.0      33.0
MEDIA                         26.9   28.1   30.96  32.925 34.192 34     30.666 30.423 29.557 29.173 28.087 26.604   313.2      30.2
DESV. ESTANDAR                2.1794 1.9843 2.7497 2.641  2.0884 1.928  1.5719 1.6714 1.6752 1.2957 1.8808 1.5391    88.56      1.6


TEMP MAXIMA PROM
                         1945                      30.816 31.258 32.016 27.338 26.338 27.216 27.048        24.774   226.8      28.4  8
                         1946 23.08  25.285 29     30.866 32.145 28.5   27.354 28.08  28.133 26.596        22.5     301.5      27.4 11
                         1947 21.903 25.214 28.161 30.4   29.322 29.683 29.241 26.016 25.3   27.677 23.783 20.629   317.3      26.4 12
                         1948 20.032 24.569 28.403 30.616 31.322 28.583 26.419 27.564 25.833 26.08                  269.4      26.9 10
                         1949 24.032 26.142 29.483 29.8   31.935 29.583 28     28.225 27.216 28.241 24.233 25.08    332.0      27.7 12
                         1950 25.661 26.321 27.064 30.716                      28.709 27.633 26.483 25.8   24.451   242.8      27.0  9
                         1951 24.806 26.5   27.5   28.55  30.193 29.75  28.209 27.806 25.916 25.032 26.1   21.516   321.9      26.8 12
                         1952 25.903 18.275 20.903 23.4   24.741 25.6   24.677 22.774 23.3   20.548 22.6   18.967   271.7      22.6 12
                         1953 16.483        22.129 23.733                      26.161 24.666 24.483 21.133 17.903   176.7      22.1  8
                         1954 25.5   21.535 23.419 26.833 29.645 29     26.096 26.871 24.966 22.193 18.766 17.419   292.2      24.4 12
                         1955 16.612 18.571 22.096 24.1   26.516 27.4   25.419 24.645 24.5   24.387 25.566 23.354   283.2      23.6 12
                         1956 22.451 26.034 29.709 31.633 30.483 28.266 26     27.225 26.733 27.709 25.433 24       325.7      27.1 12
                         1957 26.483 26.357 26.967 30.7   31.451 32.2   30.967 29.903 28.333 26.032 26.5   24.871   340.8      28.4 12
                         1958 19.193 24.642 27.387 32.066 31.483 29.466 27.322 28.29  27.366 25.129 23.5   20.967   316.8      26.4 12
                         1959 22.533 25.821 27.193 28.266 30.387 28.6   27.387 27.774 28.233 26.193 25.5   23.58    321.5      26.8 12
                         1960 24.903 24.344 28.871 29.866 32.612 32.566 28.709 28.064 26.333 27.935 27     22.419   333.6      27.8 12
                         1961 22.322 24.921 26.677 31.4   33.741 29.266 27.096 28.032 28.166 26.871 26.57  24.335   329.4      27.5 12
                         1962 24.419 26.75  28.838 28.766 32.871 31.633 28.871 28.903 26.733 27.129 25.466 22.967   333.4      27.8 12
                         1963 25     24.964 29.387 32.8   31.419 29.933 26.741 28.161 27.366 25.225 25.633 20.938   327.6      27.3 12
                         1964 20.096 25.689 28.096 32.1   32.129 30.033 29.064 28.451 26.316 24.645 25.333          302.0      27.5 11
                         1965 21.833 22.642 28.709 30.1   32.161 31.833 26.903 25.838 27.3   24.419 26.866 22.096   320.7      26.7 12
                         1966 20.58  23.178 26.387 27.666 31.58  29.8   28.516 26.838 27.333 25.774 24.733 22.322   314.7      26.2 12
                         1967 20.967 25.571 27.516 31.266 31.483 29.2   28.354 26.838 23.8   23.99  24.866 22.677   316.5      26.4 12
                         1968 23.548 22.827 23.419 29.1   32.129 30.133 26.612 26.935 25.766 26.58  25.133 21.967   314.2      26.2 12
                         1969        25.535        30.933 31.967 32.3   28.838 27.612 27.266        26.069 24       254.5      28.3  9
                         1970 23.258 23.464 27.29  32.6   32.129 29.666 26.78  27.064 25.366 26.483                 274.1      27.4 10
                         1971                                                                25.709 25.666 24.629    76.0      25.3  3
                         1972 24     25.879 27.854 32.533 32.693                                                    143.0      28.6  5
                         1976                             31.161                                                     31.2      31.2  1

MINIMA                        16.483 18.275 20.903 23.4   24.741 25.6   24.677 22.774 23.3   20.548 18.766 17.419    31.2      22.1
MAXIMA                        26.483 26.75  29.709 32.8   33.741 32.566 30.967 29.903 28.333 28.241 27     25.08    340.8      31.2
MEDIA                         22.624 24.441 26.898 29.69  31.114 29.792 27.538 27.274 26.426 25.715 24.88  22.432   276.2      26.8
DESV. ESTANDAR                2.6942 2.2489 2.4988 2.6149 1.9082 1.6693 1.4033 1.4414 1.3981 1.751  1.9163 2.1352    77.75      1.8


TEMP MEDIA MENS.
                         1945                      19.15  21.596 23.016 20.879 20.153 19.925 18.298        14.161   157.2      19.6  8
                         1946 13.225 15.732 17.798 20.608 22.653 21.433 20.491 20.677 20.716 19.241        13.637   206.2      18.7 11
                         1947 13.887 14.705 16.895 19.3   21.572 22.475 21.5   20.217 18.933 19.395 15.258 12.983   217.1      18.1 12
                         1948 12.075 15.772 17.588 20.125 21.879 21.95  20.459 20.685 19.316 17.79                  187.6      18.8 10
                         1949 14.443 15.883 18.241 18.716 21.943 22.1   20.967 20.814 20.291 19.435 13.125 14.669   220.6      18.4 12
                         1950 14.79  15.098 17.661 20.016                      20.669 20.575 17.556 15.3   12.548   154.2      17.1  9
                         1951 12.854 14.66  16.233 17.966 19.54  20.55  20.443 20.661 19.716 17.435 16.783 15.29    212.1      17.7 12
                         1952 15.725 13.689 16.29  19.666 21.064 23.1   21.951 20.919 20.9   16.322 17.666 15.145   222.4      18.5 12
                         1953 12.774        18.741 19.766                      23.096 21.55  21.516 16.916 14.274   148.6      18.6  8
                         1954 19     17.678 18.806 22.566 24.548 25.016 23.371 23.806 22.241 19.887 15.466 13.887   246.3      20.5 12
                         1955 13.161 14.285 19.048 20.5   23.241 24.533 20.806 20     20.883 16.677 15.883 12.225   221.2      18.4 12
                         1956 11.371 14.913 17.919 20.016 21.193 20.366 19.209 19.741 18.6   17.677 15.633 14.001   210.6      17.6 12
                         1957 15.129 15.482 15.685 19.216 20.451 22.833 22.225 21.564 20.65  17.79  16.718 14.506   222.3      18.5 12
                         1958 10.682 14.035 16.453 20.866 21.79  22.266 20.774 20.822 20.55  18.79  16     13.451   216.5      18.0 12
                         1959 13.357 16.035 16.58  18.731 20.661 21.516 20.483 20.564 20.266 18.903 15.883 14.048   217.0      18.1 12
                         1960 15.016 12.815 16.661 18.766 21.967 23.533 21.612 21.161 18.9   19.677 17.066 13.758   220.9      18.4 12
                         1961 13.225 13.823 16.08  20.6   23.145 21.933 20.451 20.564 20.466 18.048 16.441 13.78    218.6      18.2 12
                         1962 13.016 16.089 17.516 18.3   22.854 22.966 21.58  21.161 20.416 19.193 15.045 14.112   222.3      18.5 12
                         1963 14.225 13.603 18.064 22.083 22.112 22.516 20.435 20.612 20.118 17.096 15.253 13.38    219.5      18.3 12
                         1964 12.158 14.827 17.274 20.55  22.338 21.816 21.274 20.919 20.058 16.645 15.933          203.8      18.5 11
                         1965 12.294 13.377 17.177 19.966 22.193 23.025 20.161 19.516 20.3   16.225 16.25  13.856   214.3      17.9 12
                         1966 12.135 13.825 16.306 17.95  22.306 21.6   21     20.145 19.833 17.774 14.071 12.295   209.2      17.4 12
                         1967 11.682 14.046 16.951 20.2   22.016 21.616 20.451 20.274 18.433 16.898 15.366 13.477   211.4      17.6 12
                         1968 13.235 13.32  14.485 19.183 21.919 21.9   20.016 19.709 19.216 18.129 15.05  13.677   209.8      17.5 12
                         1969        15.414        19.863 21.806 23.166 21.661 20.741 20.25         16.001 13.904   172.8      19.2  9
                         1970 12.687 14.542 16.596 20.733 21.548 21.916 19.954 20.016 19.183 17.483                 184.7      18.5 10
                         1971                                                                18.483 15.151 14.903    48.5      16.2  3
                         1972 14.066 14.3   16.782 20.835 21.725                                                     87.7      17.5  5
                         1976                             27.661                                                     27.7      27.7  1

MINIMA                        10.682 12.815 14.485 17.95  19.54  20.366 19.209 19.516 18.433 16.225 13.125 12.225    27.7      16.2
MAXIMA                        19     17.678 19.048 22.566 27.661 25.016 23.371 23.806 22.241 21.516 17.666 15.29    246.3      27.7
MEDIA                         13.448 14.718 17.113 19.861 22.143 22.381 20.923 20.739 20.088 18.168 15.75  13.832   190.0      18.6
DESV. ESTANDAR                1.6925 1.1129 1.056  1.1165 1.4802 1.082  0.8718 0.9376 0.8882 1.2547 0.9927 0.7933    52.59      1.9


TEMP MINIMA EXT.
                         1945                      1      6      9      12     11.5   8      3.5           -3        48.0       6.0  8
                         1946 -1.5   3      0      6.5    7.5    10     10     10.5   9      8             1         64.0       5.8 11
                         1947 1.5    0      0      3      9      12     10.5   11.5   7.5    8.5    -2.5   -1        60.0       5.0 12
                         1948 -1.5   3      3      5      7.5    10.5   11.5   10.5   5.5    4.5                     59.5       6.0 10
                         1949 1      1      3      1      8      10.5   10     10     9      4      -1     1         57.5       4.8 12
                         1950 1      1      2      5.5                         9.5    12     3.5    1      -3        32.5       3.6  9
                         1951 -4     -3     -2     4.5    3.5    8.5    9      9.5    7      2      3      1         39.0       3.3 12
                         1952 1      2      1      12     12     17     17     16     14     8      10     6        116.0       9.7 12
                         1953 4             10     12                          14     9      8      4      2         63.0       7.9  8
                         1954 6      7      6      12     15     18     17     19     8      13     8      4        133.0      11.1 12
                         1955 0      5      12     12     16     17     13     13     13     1      0      -3        99.0       8.3 12
                         1956 -5     -1     4      4      8      8      9      9      6      5      0      0         47.0       3.9 12
                         1957 1      0      0      0      5      9      11     11     7      5      0.1    0         49.1       4.1 12
                         1958 -0.3   0      0      4      9      13     11     9      11     6      5      1         68.7       5.7 12
                         1959 0.1    0      3      5      6      10     11     9      7      7      1      0         59.1       4.9 12
                         1960 0      0      2      0      7      11     12     12     6      6      4      0         60.0       5.0 12
                         1961 0      0      0      3      8      11     11     10     9      3      -0.2   -1        53.8       4.5 12
                         1962 -4     4      3      3      8      8      11     1      12     5      0      0         51.0       4.3 12
                         1963 2      -0.4   2      6      9      12     12     10     9      5      0      -0.5      66.1       5.5 12
                         1964 -4     -1     2      6      8      10     10     11     11     2      4                59.0       5.4 11
                         1965 0      0      0      7      9      10     11     11     10     3      1      0         62.0       5.2 12
                         1966 0      0      2      4      8      7      10     10     8      4      0.1    0         53.1       4.4 12
                         1967 0      0      2      4      8      10     10     10     10     4      2      -0.1      59.9       5.0 12
                         1968 0      -0.2   0      3      7      8      10     10     9      4      0      0         50.8       4.2 12
                         1969        0             5      6      9      10     11     5             -3     0         43.0       4.8  9
                         1970 0      0.1    2      4      9      10     10     8      9      5                       57.1       5.7 10
                         1971                                                                5      0      1          6.0       2.0  3
                         1972 -3     0      0      0.1    6.5                                                         3.6       0.7  5
                         1976                             23                                                         23.0      23.0  1

MINIMA                        -5     -3     -2     0      3.5    7      9      1      5      1      -3     -3         3.6       0.7
MAXIMA                        6      7      12     12     23     18     17     19     14     13     10     6        133.0      23.0
MEDIA                         -0.228 0.82   2.28   4.9111 8.8076 10.77  11.208 10.653 8.8846 5.1153 1.5869 0.225     56.7       5.8
DESV. ESTANDAR                2.4795 2.1252 3.1294 3.5709 3.9397 2.9004 2.0265 3.0488 2.2991 2.527  3.0997 1.9676    26.36      3.9


TEMP MINIMA PROM
                         1945                      7.4833 11.935 14.016 14.419 13.967 12.633 9.5483        3.5483    87.6      10.9  8
                         1946 3.3709 6.1785 6.5967 10.35  13.161 14.366 13.629 13.274 13.3   11.887        4.7741   110.9      10.1 11
                         1947 5.8709 4.1964 5.629  8.2    13.822 15.266 13.758 14.419 12.566 11.112 6.7333 5.3387   116.9       9.7 12
                         1948 4.1193 6.9758 6.7741 9.6333 12.435 15.316 14.5   13.806 12.8   9.5                    105.9      10.6 10
                         1949 4.8548 5.625  7      7.6333 11.951 14.616 13.935 13.403 13.366 10.629 2.0166 4.258    109.3       9.1 12
                         1950 3.9193 3.875  8.258  9.3166                      12.629 13.516 8.629  4.8    0.6451    65.6       7.3  9
                         1951 0.9032 2.8214 4.9677 7.3833 8.8871 11.35  12.677 13.516 13.516 9.8387 7.4666 9.0645   102.4       8.5 12
                         1952 5.5483 9.1034 11.677 15.933 17.387 20.6   19.225 19.064 18.5   12.096 12.733 11.322   173.2      14.4 12
                         1953 9.0645        15.354 15.8                        20.032 18.433 18.548 12.7   10.645   120.6      15.1  8
                         1954 12.5   13.821 14.193 18.3   19.451 21.033 20.645 20.741 19.516 17.58  12.166 10.354   200.3      16.7 12
                         1955 9.7096 10     16     16.9   19.967 21.666 16.193 15.354 17.266 8.9677 6.2    1.0967   159.3      13.3 12
                         1956 0.2903 3.7931 6.129  8.4    11.903 12.466 12.419 12.258 10.466 7.6451 5.8333 4.0032    95.6       8.0 12
                         1957 3.7741 4.6071 4.4032 7.7333 9.4516 13.466 13.483 13.225 12.966 9.5483 6.9366 4.1419   103.7       8.6 12
                         1958 2.1709 3.4285 5.5193 9.6666 12.096 15.066 14.225 13.354 13.733 12.451 8.5    5.9354   116.2       9.7 12
                         1959 4.1806 6.25   5.9677 9.1966 10.935 14.433 13.58  13.354 12.3   11.612 6.2666 4.5161   112.6       9.4 12
                         1960 5.129  1.2862 4.4516 7.6666 11.322 14.5   14.516 14.258 11.466 11.419 7.1333 5.0967   108.2       9.0 12
                         1961 4.129  2.725  5.4838 9.8    12.548 14.6   13.806 13.096 12.766 9.2258 6.3133 3.2258   107.7       9.0 12
                         1962 1.6129 5.4285 6.1935 7.8333 12.838 14.3   14.29  13.419 14.1   11.258 4.6233 5.258    111.2       9.3 12
                         1963 3.4516 2.2428 6.7419 11.366 12.806 15.1   14.129 13.064 12.87  8.9677 4.8733 5.8225   111.4       9.3 12
                         1964 4.2193 3.9655 6.4516 9      12.548 13.6   13.483 13.387 13.8   8.6451 6.5333          105.6       9.6 11
                         1965 2.7565 4.1111 5.6451 9.8333 12.225 14.216 13.419 13.193 13.3   8.0322 5.6333 5.6161   108.0       9.0 12
                         1966 3.6903 4.4714 6.2258 8.2333 13.032 13.4   13.483 13.451 12.333 9.7741 3.41   2.2677   103.8       8.6 12
                         1967 2.3967 2.5214 6.3871 9.1333 12.548 14.033 12.548 13.709 13.066 9.8064 5.8666 4.2774   106.3       8.9 12
                         1968 2.9225 3.8137 5.5516 9.2666 11.709 13.666 13.419 12.483 12.666 9.6774 4.9666 5.3871   105.5       8.8 12
                         1969        5.2928        8.7931 11.645 14.033 14.483 13.871 13.233        5.9333 3.8096    91.1      10.1  9
                         1970 2.1161 5.6214 5.9032 8.8666 10.967 14.166 13.129 12.967 13     8.4838                  95.2       9.5 10
                         1971                                                                11.258 4.6366 5.1774    21.1       7.0  3
                         1972 4.1322 2.7206 5.7096 9.1366 10.758                                                     32.5       6.5  5
                         1976                             24.161                                                     24.2      24.2  1

MINIMA                        0.2903 1.2862 4.4032 7.3833 8.8871 11.35  12.419 12.258 10.466 7.6451 2.0166 0.6451    21.1       6.5
MAXIMA                        12.5   13.821 16     18.3   24.161 21.666 20.645 20.741 19.516 18.548 12.733 11.322   200.3      24.2
MEDIA                         4.2733 4.995  7.3286 10.031 13.173 14.97  14.308 14.204 13.749 10.621 6.6207 5.2326   103.9      10.4
DESV. ESTANDAR                2.7289 2.7367 3.2779 3.0222 3.4    2.5252 1.9119 2.2163 2.1852 2.5529 2.7075 2.7144    37.06      3.5


