COMISIÓN NACIONAL DEL AGUA
COORDINACIÓN GENERAL DEL SERVICIO METEOROLÓGICO NACIONAL
PROYECTO DE BASES DE DATOS CLIMATOLÓGICOS
    
                         AÑO  ENE    FEB    MAR    ABR    MAY    JUN    JUL    AGO    SEP    OCT    NOV    DIC  ACUMULADO  MEDIA  MESES
00001033
LOS CONOS, EL LLANO     
DIAS CON GRANIZO
                         1972                      0      0      0      0      0      0      0      0      0          0.0       0.0  9
                         1973 0      0      0      0      0      0      0      0      0      0      0      0          0.0       0.0 12
                         1974 0      0      0      0      0      0      0      0      0      0      0      0          0.0       0.0 12
                         1975 0      0      0      0      0      0      0      0      0      0      0      0          0.0       0.0 12
                         1976 0      0      0      0      0      0      0      0      0      0      0      0          0.0       0.0 12
                         1977 0      0             0      0      0      0      0      0      0      0      0          0.0       0.0 11
                         1978 0      0      0      0      0      0      0      0      0      0      0      0          0.0       0.0 12
                         1979 0      0      0      0      0      0      0      0      0      0      0      0          0.0       0.0 12
                         1980 0      0      0      0      0      0      0      0      0      0      0      0          0.0       0.0 12
                         1981 0      0      0      0      0      0      0      0      0      0      0      0          0.0       0.0 12
                         1982 0      0      0      0      0      0      0      0      0      0      0      0          0.0       0.0 12
                         1983 0      0      0      0      0      0      0      0      0      0      0      0          0.0       0.0 12
                         1984 0      0      0      0      0      0      0      0      0      0      0      0          0.0       0.0 12
                         1985 0      0      0      0      0      0      0      0      0      0      0      0          0.0       0.0 12
                         1986 0      0      0      0      0      0      0      0      0      0      0      0          0.0       0.0 12
                         1987 0      0      0      0      0      0      0      0      0      0      0      0          0.0       0.0 12
                         1988 0      0      0      0      0      0      0      0      0      0      0      0          0.0       0.0 12
                         1989 0      0      0      0      0      0      0      0      0      0      0      0          0.0       0.0 12
                         1990 0      0      0      0      0      0      0      0      0      0      0      0          0.0       0.0 12
                         1991 0      0      0      0      0      0      0      0      0      0      0      0          0.0       0.0 12
                         1992 0      0      0      0      0      0      0      0      0      0      0      0          0.0       0.0 12
                         1993 0      0      0      0      0      0      0      0      0      0      0      0          0.0       0.0 12
                         1994 0      0      0      0      0      0      0      0      0      0      0      0          0.0       0.0 12
                         1995 0      0      0      0      0      0      0      0      0      0      0      0          0.0       0.0 12
                         1996 0      0             0      0      0      0      0      0      0      0      0          0.0       0.0 11
                         1997 0      0      0      0      0      0      0      0      0      0      0      0          0.0       0.0 12
                         1998 0      0      0      0      0      0      0      0      0      0      0      0          0.0       0.0 12
                         1999 0      0      0      0      0      0      0      0      0      0      0      0          0.0       0.0 12
                         2000 0      0      0      0      0      0      0      0      0      0      0      0          0.0       0.0 12
                         2001 0      0      0      0      0      0      0      0      0      0      0      0          0.0       0.0 12
                         2002 0      0      0      0      0      0      0      0      0      0      0      0          0.0       0.0 12
                         2003 0      0      0      0      0      0      0      0      0      0      0      0          0.0       0.0 12
                         2004 0      0      0      0      0      0      0      0      0      0      0      0          0.0       0.0 12
                         2005 0      0      0      0      0      0      0      0      0      0      0      0          0.0       0.0 12
                         2006 0      0      0      0      0      0      0      0      0      0      0      0          0.0       0.0 12
                         2007 0      0      0      0      0      0      0      2      0      0      0      0          2.0       0.2 12
                         2008 0      0      0      0      0      0      0      1      0      0      0      0          1.0       0.1 12
                         2009 0      0      0      0             0             0      1      0      0      0          1.0       0.1 10
                         2010 0      0      0      0      0      0      0      1      0      0      0      0          1.0       0.1 12
                         2011 0      0      0      0      0      0      0      1      2      0      0      0          3.0       0.3 12
                         2012 0      0      0      0      0      0      0      0      1      0      0      0          1.0       0.1 12
                         2013 0      0      0      0      0      0      0      0      0      0      0      0          0.0       0.0 12
                         2014 0      0      0      0      0      0      0      0      0      0      1      0          1.0       0.1 12
                         2015 0      0      0      0      1      0      3      0      0      0      0      0          4.0       0.3 12
                         2016 0      0      1      0      0      0      0      0      0      0      0      0          1.0       0.1 12
                         2017 0      1      0      0      0      0      1      0      0      0      0      0          2.0       0.2 12
                         2018 0      0      0      2      0      0      0      0      0      0      0      0          2.0       0.2 12
                         2019 0      0      0      0      0      0      0      0      0      0      0      0          0.0       0.0 12
                         2020 0             0      0      0      0      0      0      0      0      0      0          0.0       0.0 11
                         2021 0      0      0      0      0      0      0      1      0      0                        1.0       0.1 10

MINIMA                        0      0      0      0      0      0      0      0      0      0      0      0          0.0       0.0
MAXIMA                        0      1      1      2      1      0      3      2      2      0      1      0          4.0       0.3
MEDIA                         0      0.0208 0.0212 0.04   0.0204 0      0.0816 0.12   0.08   0      0.0204 0          0.4       0.0
DESV. ESTANDAR                0      0.1443 0.1458 0.2828 0.1428 0      0.4489 0.3854 0.3404 0      0.1428 0          0.86      0.1


DIAS CON NIEBLA 
                         1972                      0      0      0      0      0      0      0      0      0          0.0       0.0  9
                         1973 0      0      0      0      0      0      0      0      0      0      0      0          0.0       0.0 12
                         1974 0      0      0      0      0      0      0      0      0      0      0      0          0.0       0.0 12
                         1975 0      0      0      0      0      0      0      0      0      0      0      0          0.0       0.0 12
                         1976 0      0      0      0      0      0      0      0      0      0      0      2          2.0       0.2 12
                         1977 0      0             0      0      0      0      0      1      0      0      0          1.0       0.1 11
                         1978 0      0      0      0      0      0      0      0      1      3      0      0          4.0       0.3 12
                         1979 0      0      0      0      0      0      0      0      0      0      0      0          0.0       0.0 12
                         1980 0      1      0      0      0      0      0      0      0      0      0      0          1.0       0.1 12
                         1981 0      0      0      0      0      0      0      0      0      0      0      0          0.0       0.0 12
                         1982 0      0      0      0      0      0      0      0      0      0      0      0          0.0       0.0 12
                         1983 0      0      0      0      0      0      0      1      0      0      0      0          1.0       0.1 12
                         1984 0      0      0      0      0      0      0      0      0      0      0      0          0.0       0.0 12
                         1985 0      0      0      0      0      0      2      0      0      2      0      0          4.0       0.3 12
                         1986 0      0      0      0      0      0      0      0      0      0      0      0          0.0       0.0 12
                         1987 0      1      0      0      1      2      0      0      0      0      0      0          4.0       0.3 12
                         1988 0      0      0      0      0      0      2      0      0      0      0      0          2.0       0.2 12
                         1989 0      0      0      0      0      0      0      0      0      0      0      0          0.0       0.0 12
                         1990 0      0      0      0      0      0      0      0      0      0      0      0          0.0       0.0 12
                         1991 0      0      0      0      0      0      0      0      0      0      0      0          0.0       0.0 12
                         1992 0      0      0      0      0      0      0      0      0      0      0      0          0.0       0.0 12
                         1993 0      0      0      0      0      0      0      0      0      0      0      0          0.0       0.0 12
                         1994 0      0      0      0      0      0      0      0      0      0      0      0          0.0       0.0 12
                         1995 0      0      0      0      0      0      0      0      0      0      0      0          0.0       0.0 12
                         1996 0      0             0      0      0      0      0      0      0      0      0          0.0       0.0 11
                         1997 0      0      0      0      0      0      0      0      0      0      0      0          0.0       0.0 12
                         1998 0      0      0      0      0      0      0      0      0      0      0      0          0.0       0.0 12
                         1999 0      0      0      0      0      0      0      0      0      0      0      0          0.0       0.0 12
                         2000 0      0      0      0      0      0      0      0      0      0      0      0          0.0       0.0 12
                         2001 0      0      0      0      0      0      0      0      0      0      0      0          0.0       0.0 12
                         2002 0      0      0      0      0      0      0      0      0      0      0      0          0.0       0.0 12
                         2003 0      0      0      0      0      0      0      0      0      0      0      0          0.0       0.0 12
                         2004 0      0      0      0      0      0      0      0      0      0      0      0          0.0       0.0 12
                         2005 0      0      0      0      0      0      0      0      0      0      0      0          0.0       0.0 12
                         2006 0      0      0      0      0      0      0      0      0      0      3      2          5.0       0.4 12
                         2007 0      2      0      0      0      0      2      0      2      3      1      0         10.0       0.8 12
                         2008 1      0      0      0      0      0      0      3      0      1      0      0          5.0       0.4 12
                         2009 0      0      0      0             0             0      0      0      0      0          0.0       0.0 10
                         2010 2      1      0      0      0      0      0      0      0      0      0      0          3.0       0.3 12
                         2011 0      0      0      0      0      0      0      0      0      0      0      0          0.0       0.0 12
                         2012 0      0      0      0      0      0      0      0      0      1      0      0          1.0       0.1 12
                         2013 1      0      0      0      0      0      0      1      1      2      2      2          9.0       0.8 12
                         2014 0      0      0      0      0      0      0      0      0      1      0      0          1.0       0.1 12
                         2015 0      0      1      0      0      0      0      0      1      1      0      1          4.0       0.3 12
                         2016 1      0      0      0      0      1      0      1      1      2      1      0          7.0       0.6 12
                         2017 0      0      0      0      0      0      1      0      2      1      1      0          5.0       0.4 12
                         2018 0      0      0      0      1      0      0      1      2      2      1      1          8.0       0.7 12
                         2019 2      0      0      0      0      0      1      1      0      0      1      0          5.0       0.4 12
                         2020 4             0      0      0      0      3      2      0      0      0      0          9.0       0.8 11
                         2021 0      0      0      0      0      0      0      0      1      5                        6.0       0.6 10

MINIMA                        0      0      0      0      0      0      0      0      0      0      0      0          0.0       0.0
MAXIMA                        4      2      1      0      1      2      3      3      2      5      3      2         10.0       0.8
MEDIA                         0.2244 0.1041 0.0212 0      0.0408 0.06   0.2244 0.2    0.24   0.48   0.204  0.1632     1.9       0.2
DESV. ESTANDAR                0.7148 0.3712 0.1458 0      0.1999 0.3136 0.654  0.5714 0.5554 1.0349 0.5766 0.5142     2.89      0.2


DIAS CON TORMEN.
                         1972                      0      0      0      0      0      0      0      0      0          0.0       0.0  9
                         1973 0      0      0      0      0      0      0      0      0      0      0      0          0.0       0.0 12
                         1974 0      0      0      0      0      0      0      0      0      0      0      0          0.0       0.0 12
                         1975 0      0      0      0      0      0      0      0      0      0      0      0          0.0       0.0 12
                         1976 0      0      0      0      0      0      0      0      0      0      0      0          0.0       0.0 12
                         1977 0      0             0      0      0      0      0      0      0      0      0          0.0       0.0 11
                         1978 0      0      0      0      0      0      0      0      2      0      0      0          2.0       0.2 12
                         1979 0      0      0      0      0      0      0      0      0      0      0      0          0.0       0.0 12
                         1980 0      0      0      0      0      0      0      0      0      0      0      0          0.0       0.0 12
                         1981 0      0      0      0      0      0      0      0      0      0      0      0          0.0       0.0 12
                         1982 0      0      0      0      0      0      0      0      0      0      1      0          1.0       0.1 12
                         1983 0      0      0      0      0      0      0      0      0      0      0      0          0.0       0.0 12
                         1984 0      0      0      0      0      0      0      0      0      0      0      0          0.0       0.0 12
                         1985 0      0      0      0      0      0      0      0      1      1      0      0          2.0       0.2 12
                         1986 0      0      0      0      0      0      0      0      0      0      0      0          0.0       0.0 12
                         1987 0      0      0      0      0      0      0      0      0      0      0      0          0.0       0.0 12
                         1988 0      0      0      0      0      0      2      0      0      0      0      0          2.0       0.2 12
                         1989 0      0      0      0      0      0      0      0      0      0      0      0          0.0       0.0 12
                         1990 0      0      0      0      0      0      0      0      0      0      0      0          0.0       0.0 12
                         1991 0      0      0      0      0      0      0      0      0      0      0      0          0.0       0.0 12
                         1992 0      0      0      0      0      0      0      0      0      0      0      0          0.0       0.0 12
                         1993 0      0      0      0      0      0      0      0      0      0      0      0          0.0       0.0 12
                         1994 0      0      0      0      0      0      0      0      0      0      0      0          0.0       0.0 12
                         1995 0      0      0      0      0      0      0      0      0      0      0      0          0.0       0.0 12
                         1996 0      0             0      0      0      0      0      0      0      0      0          0.0       0.0 11
                         1997 0      0      0      0      0      0      0      0      0      0      0      0          0.0       0.0 12
                         1998 0      0      0      0      0      0      0      0      0      0      0      0          0.0       0.0 12
                         1999 0      0      0      0      0      0      0      0      0      0      0      0          0.0       0.0 12
                         2000 0      0      0      0      0      0      0      0      0      0      0      0          0.0       0.0 12
                         2001 0      0      0      0      0      0      0      0      0      0      0      0          0.0       0.0 12
                         2002 0      0      0      0      0      0      0      0      0      0      0      0          0.0       0.0 12
                         2003 0      0      0      0      0      0      0      0      0      0      0      0          0.0       0.0 12
                         2004 0      0      0      0      0      0      0      0      0      0      0      0          0.0       0.0 12
                         2005 0      0      0      0      0      0      0      0      0      0      0      0          0.0       0.0 12
                         2006 0      0      0      0      0      0      0      0      0      0      0      0          0.0       0.0 12
                         2007 0      0      0      0      0      0      3      4      0      1      0      0          8.0       0.7 12
                         2008 0      0      0      0      0      0      0      0      0      0      0      0          0.0       0.0 12
                         2009 0      0      0      0             0             0      0      2      0      2          4.0       0.4 10
                         2010 1      0      0      0      0      0      0      0      0      0      0      0          1.0       0.1 12
                         2011 0      0      0      0      0      0      0      1      0      0      0      0          1.0       0.1 12
                         2012 0      0      0      0      0      0      0      0      0      0      0      0          0.0       0.0 12
                         2013 0      0      0      0      0      0      0      0      1      0      0      1          2.0       0.2 12
                         2014 0      0      0      0      0      0      0      0      0      0      0      1          1.0       0.1 12
                         2015 0      0      0      0      0      0      0      0      0      0      0      0          0.0       0.0 12
                         2016 0      0      0      0      0      0      0      0      0      0      0      0          0.0       0.0 12
                         2017 0      0      0      0      0      0      0      0      0      0      0      0          0.0       0.0 12
                         2018 1      0      0      0      0      0      0      0      0      0      0      0          1.0       0.1 12
                         2019 1      0      0      0      0      0      0      0      0      0      1      0          2.0       0.2 12
                         2020 0             0      2      1      0      0      0      0      0      0      0          3.0       0.3 11
                         2021 0      0      0      0      0      0      0      0      1      0                        1.0       0.1 10

MINIMA                        0      0      0      0      0      0      0      0      0      0      0      0          0.0       0.0
MAXIMA                        1      0      0      2      1      0      3      4      2      2      1      2          8.0       0.7
MEDIA                         0.0612 0      0      0.04   0.0204 0      0.102  0.1    0.1    0.08   0.0408 0.0816     0.6       0.1
DESV. ESTANDAR                0.2422 0      0      0.2828 0.1428 0      0.5101 0.5802 0.3642 0.3404 0.1999 0.3438     1.40      0.1


EVAPORACION MEN.
                         1972                      245.5  284.4  160.1  193.9  124.7  150.8  164.8  140.4  140    1,604.6     178.3  9
                         1973 148.4  145.4  232.8  257.8  254.1  174.1  177    175.9  159.4  160.8  167.8  134.3  2,187.8     182.3 12
                         1974 121.9  142.5  177.8  203.2  242    236.8  201.9  183    152.5  166.3  138.3  133    2,099.2     174.9 12
                         1975 95.4   137.7  214.8  222.7  236.7  199    173    167.6  136    152.9  144    134    2,013.8     167.8 12
                         1976 137.6  142.98 206    232.8  230.4  237.8  161.5  160.2  160.2  127.3  117.9  118.87 2,033.6     169.5 12
                         1977 148.2  142.8         216.3  238    196.1  190    217.7  163.3  153.9  124.7  145    1,936.0     176.0 11
                         1978 161.1  141.6  182.8  194.2  255.2  242.3  195.4  156.6  122.6  108.3  159.2  113.1  2,032.4     169.4 12
                         1979 129.8  123.7  244.7  240.7  245.7  211.4  179    162    153.2  157.1  109.1  88.6   2,045.0     170.4 12
                         1980 91.66  115.98 191.3  235.5  254    265.6  211.5  166.23 133.34 167.8  99.6   109.2  2,041.7     170.1 12
                         1981 90.74  144.79 209.8  204.02 271.3  205.68 174    165.8  155.09 122.5  144.6  90.6   1,978.9     164.9 12
                         1982 111.39 125.4  218.6  195.2  260.8  258    160.4  180.9  162.1  134.5  128.8  120.2  2,056.3     171.4 12
                         1983 75.2   97.1   184.8  157.9  263.7  229    153.9                                     1,161.6     165.9  7
                         1984        141.1  248.4  249.8  183.7  220.1  137.9  96.2   126.4  127.1  97.6   86.3   1,714.6     155.9 11
                         1985 136.4  119.5  178    182.9  241.3  163.4  156.1  150.2  153    137    128    122.6  1,868.4     155.7 12
                         1986 135.2  141.4  178.3  182.3  196    168.6  166.4  165.4  144.5  138.8  104.1  100.2  1,821.2     151.8 12
                         1987 100.6  104.2  152.3  170.2  216    195.1  167.3  172.2  159.2  141.5  111.5  117.7  1,807.8     150.7 12
                         1988 103.85 137.7  214.4  192.1  243.6  203.1  138.8  140.9  124.42 120.22 106.59 87.7   1,813.4     151.1 12
                         1989 99.7   120.9  134.6  233.1         253    155.2  129.7  138.1  136.3  106    77.4   1,584.0     144.0 11
                         1990 97.4   93.5   180.3  211.9  223.8  224.8  127.6  133    118.6  110.8  106.46 102.81 1,731.0     144.2 12
                         1991 103.43 120.08 223.01 230.75 301.68 196.14 108.4  161.51 111.57 111.79 113.91 82.41  1,864.7     155.4 12
                         1992 61.02  104.85 160.79 180.85                                    109.48 86.14  78.77    781.9     111.7  7
                         1993 90.16  136.32 179.03 217.75 220.93 191.92 137.21 163.74 130.84 139.12 115.57 108.29 1,830.9     152.6 12
                         1994 113.33 125.16 189.9  213.85 232.38 156.11 203.85 151.02 117.34 120.82 123.71 99.06  1,846.5     153.9 12
                         1995 99.04  133.63 203.16 225.64 250.05 184.54 195.42 121.11 120.99 133.76 123.26 87.01  1,877.6     156.5 12
                         1996 112.54 104.35        228.33 233.36 232.96 213.29 201.97 158.09 185.18 133.39 129.11 1,932.6     175.7 11
                         1997 134.8  140.19 168.25 146.82 192.62 216.82 198.87 188.74 177.23 138.45 114.28 119.5  1,936.6     161.4 12
                         1998 126.38 132.87 194.44 232.37 345.11 240.98 196.69 196.17 138.72 138.23 135.08 134.22 2,211.3     184.3 12
                         1999 142.89 134.19 194.79 218.82 204.22 194.5  177.53 166.01 150.6  156.86 149.89 151.23 2,041.5     170.1 12
                         2000 173.88 155.08 166.17 214.41 234.23 172.08 198.52 213.25 203.38 175.82 147.29 141.48 2,195.6     183.0 12
                         2001 167.91 150.44 205.44 212.46 216.8  182.13 172.17 171.34 143.67 176.44 169.15 161.99 2,129.9     177.5 12
                         2002 137.6  160.39 181.49 213.19 226    181.66 145.79 150.37 150.17 170.91 174.23 92.7   1,984.5     165.4 12
                         2003 87.92  136.69 195.42 213.6  254.94 194.22 164.44 140.59 136.49 95.36  109.52 110.23 1,839.4     153.3 12
                         2004 99.14  133.25 191.16 198.75 209.59 133.31 175.91 160.32 128.38 114.32 99.86  85.3   1,729.3     144.1 12
                         2005 102.33 101.45 181.23 224.72 235.92 247.48 183.1  149.06 149.81 119.9  118.01 92.27  1,905.3     158.8 12
                         2006 99.06  128.35 200.01 228.83 233.05 216.87 161.8  140.3  104.58 94.81  94.93  80.83  1,783.4     148.6 12
                         2007 79.34  117.67 169.78 205.75 219.65 202.59 151.76 152.59 133.49 133.2  118.18 101.63 1,785.6     148.8 12
                         2008 107.98 143.47 205.43 225.04 242.12 197.08 149    141.92 92.71  124.31 101.6  94.63  1,825.3     152.1 12
                         2009 103.53 137.1  190    236.04 296    210.01 212.89 205.26 118.5  85.33  86.22  69.93  1,950.8     162.6 12
                         2010 71.23  93.74  158.18 190.97 224.3  236.76 132.43 175.51 126.77 144.91 122.1  103.06 1,780.0     148.3 12
                         2011 102.94 134.92 194.88 218.43 252.5  234.42 180.56 188.69 147.82 128.67 96.1   96.65  1,976.6     164.7 12
                         2012 91.22  83.84  168.66 208.1  244.73 213.9  146.92 130.13 104.39 134.1  85.42  79.07  1,690.5     140.9 12
                         2013 78.66  119.47 154.34 200.78 195.09 196.8  130.5  115.05 77.45  73.22  56.69  68.58  1,466.6     122.2 12
                         2014 61.84  102.53 159.98 194.29        185.9  125.24 117.03 113.67 108.13 70.56  73.38  1,312.6     119.3 11
                         2015 81.24  103.41 128.57 171.22 208.92 155.01 189.04 152.39 110.86 103.28 77.89  74.7   1,556.5     129.7 12
                         2016 78.34  118.43 153.48 172.93 242.18 191.15 163.73 135.75 84.53  87.4   58.4   59.61  1,545.9     128.8 12
                         2017 104.82 132.01 177.65 213.4  258.38 253.34 175.45 152.74 93.01  115.02 121.87 88.65  1,886.3     157.2 12
                         2018 97.19  109.53 174.12 149.97 233.32 222.9  181.08 166.39 127.3  99.89  73.97  72.84  1,708.5     142.4 12
                         2019 96.84  130.79 191.48 225.74 262.62 214.68 204.33 203.77 131.65 125.14 90.21  83.57  1,960.8     163.4 12
                         2020 89.79         178.18 228.7  235.73 208.08 168.97 150.22 137.04 159.87 113.53 94.14  1,764.3     160.4 11
                         2021 100.56 136.14 201.03 224.63 236.97 159.53 146.98 157.05 120.17 115.78               1,598.8     159.9 10

MINIMA                        61.02  83.84  128.57 146.82 183.7  133.31 108.4  96.2   77.45  73.22  56.69  59.61    781.9     111.7
MAXIMA                        173.88 160.39 248.4  257.8  345.11 265.6  213.29 217.7  203.38 185.18 174.23 161.99 2,211.3     184.3
MEDIA                         107.94 126.63 187.01 209.9  240.08 205.46 169.64 159.75 134.45 131.58 114.9  102.84 1,824.6     157.3
DESV. ESTANDAR                26.616 17.804 25.329 25.111 29.298 30.437 25.62  26.412 24.264 25.922 27.185 24.623   261.95     16.3


LLUVIA MAX 24 H.
                         1971                             23            15.2   14.5   32.4   9.8    2.5    0         97.4      13.9  7
                         1972               12.8   0      18     34     52     15     12     6      2.5    2        154.3      15.4 10
                         1973 8      15     0      0      6.5    67     42     35     23     19     0      0        215.5      18.0 12
                         1974 0      0      0      0      10     0      20     47     35     7      2      8        129.0      10.8 12
                         1975 10.9   0      0      0      7      9      36     61     0      0      0      8        131.9      11.0 12
                         1976 0      7      9      11     13     8      52     16     8.4    16     22     5.2      167.6      14.0 12
                         1977 4      0             4      3      15     16     32     21     14     4      0        113.0      10.3 11
                         1978 0      0      0      0      0      43.2   35.4   77.1   34     30.7   7.5    2.5      230.4      19.2 12
                         1979 3.5    9.5    0      0      0      7.2    52     20     19.5   0      1      27.5     140.2      11.7 12
                         1980 20.3   8.7    0      12.5   2.6    14.5   36     53     10.5   10.5   21     11.5     201.1      16.8 12
                         1981 22.4   10     1      20.4   9.2    16     18     21     13     25     0      8        164.0      13.7 12
                         1982 0      0      0      9      8      16     25     7      17     20.7   28     13.9     144.6      12.1 12
                         1983 7      0      0      0      17     8.5    13.5   22.5   34     16.7   8      0        127.2      10.6 12
                         1984 19.1   3      0      0      12.7   15.2   36.5   16.3   6      23     3.9    4.5      140.2      11.7 12
                         1985 2.7    0      0      3      14.8   26.5   33     50.1   5.6    52.2   2.3    8.2      198.4      16.5 12
                         1986 0      2.1    0      4      3.8    66.4   25     17.5   22.5   38.8   16     0        196.1      16.3 12
                         1987 7.5    9.9    0      12     28     37     36.5   13     7      0      1      0        151.9      12.7 12
                         1988 19.5   0      9      28.3   0      11     33     31.6   37.2   6.7    0      0        176.3      14.7 12
                         1989 0      0      0      0      1      6      40     29.3   38     2      14     14.4     144.7      12.1 12
                         1990 10.3   6.3    2      2.7    20     10.7   39.2   61     22     15.2   0      0        189.4      15.8 12
                         1991 1.2    6.4    0      0      0      12.6   41     12     33     13     0      8        127.2      10.6 12
                         1992 28.6   3      2      16     3.5    4.3    32     77     16     49.4   42.5   5.4      279.7      23.3 12
                         1993 12.6   0      0      0      11.6   51     36     31     13     20     15     0        190.2      15.9 12
                         1994 20     0      0      8.5    5      18.1   27     26.7   30     12.6   0      0        147.9      12.3 12
                         1995 3      3      0      0      8.6    45.2   46.7   25     18     0      5      13       167.5      14.0 12
                         1996 0      0             22     2      10     43.5   12.3   26.5   10     0      0        126.3      11.5 11
                         1997 25     18.5   17.3   12     20     18.4   27     34.5   7      20     10     0        209.7      17.5 12
                         1998 0      0      0      0      0      16     27.3   48.5   28     25.5   4      0        149.3      12.4 12
                         1999 0      0      0      0      13.5   27     43     40.4   14     16     0      0        153.9      12.8 12
                         2000 0      0      0      0      14     47.6   21     18     17.5   8.7    4      15       145.8      12.2 12
                         2001 0      0      18     14.1   13.5   24.5   60     29     49.5   9.3    0      4.6      222.5      18.5 12
                         2002 52     9.3    0      0      17     22     61.5   33     35     7.6    24     0        261.4      21.8 12
                         2003 3      1      0      0      30     43     22     30     49     22     0      0        200.0      16.7 12
                         2004 8.7    3      23     4.3    13     52     34     18     18     23.6   0      0        197.6      16.5 12
                         2005 0      32     5.7    0      4.7    3.6    18     17     22     8      0      2.5      113.5       9.5 12
                         2006 0      0      0      1      19     13     46.8   26     18     24     9      2.6      159.4      13.3 12
                         2007 11.1   9      0      0      17     47     44.5   22.7   43.5   20.1   2.9    0        217.8      18.2 12
                         2008 0      1.5    0      7      14.2   37.8   74.6   46.1   50.2   0      0      0        231.4      19.3 12
                         2009 0      0      1.5    2.1    8      45.6   29.4   53.2   83.4   16.1   6.3    2.1      247.7      20.6 12
                         2010 21.3   42.9   0      1.4    2.2    29.7   40     10     25     0      0      0        172.5      14.4 12
                         2011 0.7    0      0      0.4    9.3    29.8   5.2    12.7   85.5   20     0      0        163.6      13.6 12
                         2012 1      36.7   0      0      1.4    47.7   23.1   35     20.4   8      1.5    6.5      181.3      15.1 12
                         2013 49.5   0      1      0.6    43.8   37     37.8   37.8   34.7   9      18     24.5     293.7      24.5 12
                         2014 5      0      3.4    0.7    30     47     25.9   33.5   45     7.9    20     1.4      219.8      18.3 12
                         2015 3.3    11.7   55     3.3    20.9   43.4   69.9   16.1   24.2   28.9   3.7    24.4     304.8      25.4 12
                         2016 1.5    7.1    12     0.7    3.9    18.5   40.5   61     16.1   4.9    16.1   0        182.3      15.2 12
                         2017 0      2      9.1    0      1      21.4   63.2   28.5   86.8   3.4    0      7.2      222.6      18.6 12
                         2018 32     24.5   0      100    17.5   49.5   26.4   41.5   62.4   30.3   35.9   0        420.0      35.0 12
                         2019 7.1           2.3           3.2           33.9   58.5          25.9          20       150.9      21.6  7
                         2020 10            3.7    16.3   9.3    42.3   38     33.6   24.5   3.3    0      5.6      186.6      17.0 11
                         2021 9.5    0      0      0      11.6   39.2   33.7   48.1   57     38.8                   237.9      23.8 10

MINIMA                        0      0      0      0      0      0      5.2    7      0      0      0      0         97.4       9.5
MAXIMA                        52     42.9   55     100    43.8   67     74.6   77.1   86.8   52.2   42.5   27.5     420.0      35.0
MEDIA                         9.0061 6.0234 3.9125 6.4755 11.103 27.661 35.866 32.482 29.026 15.678 7.2163 5.13     186.2      16.0
DESV. ESTANDAR                12.286 9.9669 9.3062 15.289 9.3451 17.485 14.461 17.359 19.991 12.331 10.171 7.198     57.76      4.8


LLUVIA TOTAL MEN
                         1971                             47.6          56.9   85.7   125.8  41.8   2.5    0        360.3      51.5  7
                         1972               21.9   0      66     78.4   169    25     36.6   15.8   6.5    2        421.2      42.1 10
                         1973 20     17     0      0      19.3   152.5  150    139    68     44     0      0        609.8      50.8 12
                         1974 0      0      0      0      10     0      121    139    95     7      2      17       391.0      32.6 12
                         1975 20.8   0      0      0      7      20     120    209    0      0      0      11       387.8      32.3 12
                         1976 0      10.4   9      11     18     14     311    67     21.3   59     50     6.2      576.9      48.1 12
                         1977 4      0             6      6      51     51     117    86     25     4      0        350.0      31.8 11
                         1978 0      0      0      0      0      43.2   152    202.4  91.2   47.5   11     4.7      552.0      46.0 12
                         1979 5      15     0      0      0      7.2    108.6  107.1  74.2   0      1      46.9     365.0      30.4 12
                         1980 50.1   18.6   0      12.5   2.6    20.7   77.2   153    33.9   44.3   26.3   21       460.2      38.4 12
                         1981 45.6   17     1      20.4   15.2   25     48     59     21     78     0      8        338.2      28.2 12
                         1982 0      0      0      9      15     16     100    19     33.5   57     28     32.9     310.4      25.9 12
                         1983 18     0      0      0      27     17.5   80.2   80.5   70.1   25.2   11.1   0        329.6      27.5 12
                         1984 37.3   6      0      0      18.2   56.4   172.8  62.3   9      75.3   3.9    13.4     454.6      37.9 12
                         1985 4.7    0      0      5      25.7   152.3  98.3   124.5  12.6   93.4   2.7    15.7     534.9      44.6 12
                         1986 0      2.1    0      6.5    5.1    281    71.1   51.9   69.5   99.3   30     0        616.5      51.4 12
                         1987 21.4   27.9   0      12.3   62.1   119.1  118.8  41.4   10     0      2      0        415.0      34.6 12
                         1988 19.5   0      16.8   48.4   0      26     185.8  145.3  53.8   8      0      0        503.6      42.0 12
                         1989 0      0      0      0      1      10.3   81.7   146.6  41.8   2      14     35.5     332.9      27.7 12
                         1990 18.3   15.7   2      2.7    60.8   13.8   208.3  153.4  70     16.2   0      0        561.2      46.8 12
                         1991 1.2    13     0      0      0      62.1   325.4  36.2   127.4  13     0      23.5     601.8      50.2 12
                         1992 168.8  3.3    2      20.5   4.9    10.9   57.5   208.8  52.3   116.8  47.9   5.4      699.1      58.3 12
                         1993 26.4   0      0      0      16.1   114.8  151.4  83.1   49.2   24     15.5   0        480.5      40.0 12
                         1994 20     0      0      20.9   9.9    95.2   68     91.9   83.7   25.2   0      0        414.8      34.6 12
                         1995 5.1    7.5    0      0      16.3   56.8   136    157.8  72.3   0      9      21.8     482.6      40.2 12
                         1996 0      0             50.2   2      34.4   75.5   73.2   133.3  32.5   0      0        401.1      36.5 11
                         1997 25.5   18.5   21.3   52.8   33.9   53.9   61.4   110    7.5    57.7   18.5   0        461.0      38.4 12
                         1998 0      0      0      0      0      31.5   71.7   247    58.2   40.5   4      0        452.9      37.7 12
                         1999 0      0      0      0      13.5   55.7   177.6  113.2  41.2   23     0      0        424.2      35.4 12
                         2000 0      0      0      0      53.5   204.8  63.1   38.4   27.1   12.7   4      36       439.6      36.6 12
                         2001 0      0      18     28.4   26.5   88     138.5  68.8   103.8  9.3    0      4.6      485.9      40.5 12
                         2002 62.7   24.3   0      0      20.6   46.8   152.3  117.9  123    26.2   31     0        604.8      50.4 12
                         2003 4      1      0      0      34.4   118.9  143.2  106.9  164.5  39.3   0      0        612.2      51.0 12
                         2004 40.5   3      37.2   5.3    55.5   234.5  72.3   64.7   48.6   23.6   0      0        585.2      48.8 12
                         2005 0      43.2   10.3   0      4.7    3.6    114.6  87.6   31     8      0      2.5      305.5      25.5 12
                         2006 0      0      0      1      56.7   22.5   92.9   155    51.5   55.8   9      4.9      449.3      37.4 12
                         2007 24.6   23.1   0      0      29     180.2  111.6  108.5  101.2  20.3   6.9    0        605.4      50.5 12
                         2008 0      1.5    0      9      24.5   67.4   185    346.8  74.7   0      0      0        708.9      59.1 12
                         2009 0      0      1.5    2.1    15     139.1  88.4   111.1  196.5  48.5   13     6.1      621.3      51.8 12
                         2010 46.3   112.9  0      2.6    6.5    71.4   152.8  30.7   47.9   0      0      0        471.1      39.3 12
                         2011 0.7    0      0      0.4    9.3    36     13.2   54.1   125.2  33.3   0      0        272.2      22.7 12
                         2012 1.4    86.6   0      0      2      119.6  105.5  98.9   57.6   8.6    1.5    6.5      488.2      40.7 12
                         2013 54.8   0      1.5    0.6    52.1   78.7   238.3  98.3   115.8  19.3   31.4   64.6     755.4      63.0 12
                         2014 5.8    0      4.6    0.7    93.2   199.9  95.6   96.7   83.8   14.6   25.2   2.5      622.6      51.9 12
                         2015 3.5    21.8   80.3   6.7    83.3   177.7  227.7  54.1   56.5   90.7   3.7    24.4     830.4      69.2 12
                         2016 2.2    14.5   12     0.7    7.9    63.2   136    229.2  50.1   12.3   42     0        570.1      47.5 12
                         2017 0      2.5    14.6   0      1      59.6   161.2  135.5  197.9  3.4    0      7.2      582.9      48.6 12
                         2018 51.5   33     0      106.3  39     299.2  64.3   129.8  190.7  65.3   54.5   0      1,033.6      86.1 12
                         2019 13.2          2.3           3.2           100.4  160.7         40.6          20.9     341.3      48.8  7
                         2020 17.2          5.7    16.6   16.1   77.9   157.4  73.6   37.4   3.3    0      9.8      415.0      37.7 11
                         2021 9.9    0      0      0      20.6   149.2  139.2  161.1  213.3  75.2                   768.5      76.8 10

MINIMA                        0      0      0      0      0      0      13.2   19     0      0      0      0        272.2      22.7
MAXIMA                        168.8  112.9  80.3   106.3  93.2   299.2  325.4  346.8  213.3  116.8  54.5   64.6   1,033.6      86.1
MEDIA                         17.346 11.476 5.4583 9.3591 22.702 82.814 124.7  113.28 74.93  32.976 10.451 9.1      507.0      43.6
DESV. ESTANDAR                28.324 21.739 13.494 19.257 23.182 73.586 62.847 63.054 52.408 29.56  14.916 14.033   149.84     12.7


TEMP MAXIMA EXT.
                         1972                      31     32     29     27     26     29     26     28     26       254.0      28.2  9
                         1973 25     26     27     31     32     32     28     28     29     26     28     24       336.0      28.0 12
                         1974 26     25     27     31     31     32     26     26     25     27     25     25       326.0      27.2 12
                         1975 27     28     28     31     32     30     27     25     26     26     25     24       329.0      27.4 12
                         1976 24     27.5   31     30     33     30     28     26     29     24     24     25       331.5      27.6 12
                         1977 24     25            31     31     29     27     29     28     28     26     28       306.0      27.8 11
                         1978 26.5   29     30.5   32     33.5   33.5   32.5   29.5   29     29     27     27       359.0      29.9 12
                         1979 26     25     30     32     32     34     34     29     28     30     33     24.5     357.5      29.8 12
                         1980 25     25     31     33.5   32     33.5   34     32     30     29     26     26       357.0      29.8 12
                         1981 24     27     29     31     32     33     30     29     29     29     30     25       348.0      29.0 12
                         1982 27     28     31     30     33     35     30     28     31     30     28     24       355.0      29.6 12
                         1983 23     24.5   28     31     35     33     32.5   29     30     29     28     27       350.0      29.2 12
                         1984 26.5   26     30     32     32     33     29.5   27     24     29     26     31       346.0      28.8 12
                         1985 28     26.5   30     32.5   34     32     26.5   27     29.5   29     28     25       348.0      29.0 12
                         1986 25     30     31     32     35     32     31     28     29     30     27     25       355.0      29.6 12
                         1987 24     27     27     29     32     31     29     29     32     29     28     26       343.0      28.6 12
                         1988 25.5   29     31.5   33     34     32     28     27     28     28     29     25       350.0      29.2 12
                         1989 27     28     30     31     34     33     33     27     27     28     28     23       349.0      29.1 12
                         1990 25     25     30     32     33     32     27     27     26     27.5   28     26       338.5      28.2 12
                         1991 25     27     32     34     34     33.5   26     28     27     27     25     25       343.5      28.6 12
                         1992 23     25     29     30     30     33     32     28     29     26     25     25       335.0      27.9 12
                         1993 26     29     29     32     32     35     30     30     27     30     28     27       355.0      29.6 12
                         1994 25     28     32     33     35     33     31     29     29     30     28     27       360.0      30.0 12
                         1995 27     29     34     33     33     35     31     31     30     30     28     28       369.0      30.8 12
                         1996 27     29            32     35     32     30.5   30     27     28     29     26       325.5      29.6 11
                         1997 26     28     31     31     32     34     30     31     30     30     29     29       361.0      30.1 12
                         1998 25     26     31     34     36     37     30     29     28     28     28     28       360.0      30.0 12
                         1999 27     29     31     35     35     35     31     30     31     30     26     26       366.0      30.5 12
                         2000 26.5   29     33     35     35.5   32     30     29     31     30     28     26       365.0      30.4 12
                         2001 26     28.5   28     38     33     31     31     29.5   29     29     28     25       356.0      29.7 12
                         2002 26     27     32     35     35     33     32     29     28     30     28     27       362.0      30.2 12
                         2003 26     29     32     34     37     32     29     29     29     28     29     26       360.0      30.0 12
                         2004 26     26     32     33     35     29     30     28     30     32     29     27       357.0      29.8 12
                         2005 29     29     32     34     39     37     31.5   30     30     31     29     27       378.5      31.5 12
                         2006 27     30     33     34     35     34     31     29     28     29     28     27       365.0      30.4 12
                         2007 25.5   30     30     32.5   32     34     29     27.5   29     29.5   29     28       356.0      29.7 12
                         2008 26.5   31     31     34     35     33.5   28.5   28.5   26.5   27     29.5   30       361.0      30.1 12
                         2009 30     33.5   32.5   35.5   35     17     32     34     29     32     28.5   28.5     367.5      30.6 12
                         2010 27.5   27.5   30.5   32.5   37     38     29.5   31.5   32     32     30.5   28.5     377.0      31.4 12
                         2011 28     32.5   34     35     38.5   35     33     33     31.5   31.5   30     28.5     390.5      32.5 12
                         2012 29     31     32     35     38     35     30     31     30.5   33.5   30     28       383.0      31.9 12
                         2013 27.5   30.5   33     35     35     35     31.5   31     30     28     29     28       373.5      31.1 12
                         2014 26     28.5   32     33.5   32.5   30.5   28.5   29.5   28.5   29.5   27     26.5     352.5      29.4 12
                         2015 26     30.5   30.5   31.5   33.5   31.5   28.5   28.5   30.5   29.5   28.5   27       356.0      29.7 12
                         2016 25.5   30.5   30.5   32     35     32.5   29.5   28.5   29.5   29     29.5   27       359.0      29.9 12
                         2017 29     30.5   31.5   32.5   35.5   34     29     29.5   28.5   28     31.5   28       367.5      30.6 12
                         2018 26.5   28     32.5   31.5   36.5   33     30     28.5   27.5   28.5   28.5   26       357.0      29.8 12
                         2019 27            34            35            30.5   31.5          30            28.5     216.5      30.9  7
                         2020 26.5          34     36     35     34     31     28.5   29.5   31.5   31.5   28       345.5      31.4 11
                         2021 31     32     33.5   34     35     32     28     28.5   28     29                     311.0      31.1 10

MINIMA                        23     24.5   27     29     30     17     26     25     24     24     24     23       216.5      27.2
MAXIMA                        31     33.5   34     38     39     38     34     34     32     33.5   33     31       390.5      32.5
MEDIA                         26.275 28.212 30.946 32.724 34.05  32.642 29.89  28.95  28.816 29     28.125 26.591   348.6      29.7
DESV. ESTANDAR                1.6331 2.1763 1.8715 1.8287 1.9929 3.0086 1.9879 1.785  1.6946 1.8013 1.7939 1.6604    28.85      1.2


TEMP MAXIMA PROM
                         1972                      28.35  29.209 24.433 21.967 22.871 25.2   24.193 24.016 22.677   222.9      24.8  9
                         1973 21.741 21.928 24.516 27.166 28.064 26.133 24.387 24.096 22.833 22.387 25.1   21.548   289.9      24.2 12
                         1974 22.516 22.607 23.967 26.566 28.096 28.366 23.064 23.548 22.766 24     22.433 22.032   290.0      24.2 12
                         1975 22.612 23.232 25.548 28.166 28.935 26.266 23.193 21.903 22.066 23.645 22.733 20.225   288.5      24.0 12
                         1976 20.451 24.275 27.322 27.5   28.854 26.566 22.129 22.871 25.85  21.483 19.333 22.419   289.1      24.1 12
                         1977 21.29  22.053        26.233 28.064 26.966 24.838 25.774 23.533 23.903 21.633 23.629   267.9      24.4 11
                         1978 21.629 23.357 24.967 28.033 29.354 29.816 27.903 27.064 25.633 24.903 22.933 23.451   309.0      25.8 12
                         1979 22.419 22.642 25.903 28.483 30     30.65  29.225 25.225 24.916 26.741 26.4   20.693   313.3      26.1 12
                         1980 21.161 21.62  25.822 28.566 29.016 29.75  30.225 28.838 26.233 24.548 23.366 22.225   311.4      25.9 12
                         1981 19.741 23.392 25.064 28.866 29.387 28.1   26     26.29  25.4   25.871 25.133 21.967   305.2      25.4 12
                         1982 24     25.25  27.451 28.216 29.935 30.8   27.225 26.354 27.283 26.967 24.8   21.338   319.6      26.6 12
                         1983 19.193 21.875 24.774 27.183 30.58  29.783 27.758 25.967 25.366 25.709 23.75  23.822   305.8      25.5 12
                         1984 22     21.862 26.645 29.5   26.58  27.466 24.403 22.387 21.85  25.693 23.533 22.677   294.6      24.5 12
                         1985 20.887 23.982 27.083 26.466 29.967 26.55  23.774 21.629 25.566 24.838 23.616 21.887   296.2      24.7 12
                         1986 22.516 24.803 25.532 27.066 27.79  24.516 27.209 22.58  25.6   23.983 23.433 21.516   296.5      24.7 12
                         1987 17.274 21.892 23.774 25.5   28.29  27.783 24.451 27.451 27.533 25.919 24.133 23.483   297.5      24.8 12
                         1988 21.354 24.431 24.645 27.683 31.112 27.75  24.725 24.677 25.233 24.532 25.9   23.016   305.1      25.4 12
                         1989 24.419 24.357 26.451 28.5   30.822 29.216 27.629 24.564 23.483 25.903 24.616 19.451   309.4      25.8 12
                         1990 21.645 22.017 26.274 28.866 29.822 28.916 24.516 24.338 24.066 22.903 23.15  22.532   299.1      24.9 12
                         1991 22.322 23.557 28.838 30.316 31.645 28.983 22.532 25.419 23.033 23.225 23.266 20.548   303.7      25.3 12
                         1992 18.064 21.069 25.354 26.2   27.177 28.633 26.935 25.354 25.3   23.032 21.633 21.612   290.4      24.2 12
                         1993 21.871 24.25  25.693 28.383 29.258 29.1   26.064 26.822 25.2   26.096 25.366 24.322   312.4      26.0 12
                         1994 23.241 25.392 27.967 28.766 31.871 28.3   28.322 26.629 25.633 26.29  26.483 24.661   323.6      27.0 12
                         1995 22.903 25.535 28.419 29.733 30.838 30.7   27.064 25.806 25.533 26.725 25.033 21.645   319.9      26.7 12
                         1996 23.5   25.586        28.75  31.725 28.933 28.241 26.387 25.7   25.064 23.8   23.806   291.5      26.5 11
                         1997 23.629 24.232 26.258 25.633 29.064 30.1   27.871 28.612 27.066 24.871 25.333 22.322   315.0      26.2 12
                         1998 22.548 22.321 27.645 31.3   33.354 31.683 27.919 26.435 25.333 26     25.9   24.403   324.8      27.1 12
                         1999 23.758 26.767 27.548 31.266 31.871 30.4   26.596 27.177 25.933 25.645 23.466 22.709   323.1      26.9 12
                         2000 24.983 27.413 29.419 31.45  32.612 28.1   26.677 26.532 27.05  26.129 24.933 21.806   327.1      27.3 12
                         2001 23.129 24.91  25.338 29.5   28.645 27.1   27.387 26.338 24.833 24.548 23.466 22.58    307.8      25.6 12
                         2002 22.419 22.035 27.58  30.8   31.838 29.25  26.225 26.29  25.55  26.29  23.366 22.258   313.9      26.2 12
                         2003 22.032 25.714 27.451 30.616 33.064 29.516 25.967 26.129 24.8   24.806 26.166 23.129   319.4      26.6 12
                         2004 20.258 23.413 27.483 28.7   30.838 26.166 26.741 26.516 25.75  27.161 25.35  21.612   310.0      25.8 12
                         2005 23.629 23.428 26.274 31.3   31.677 31.816 28.548 26.774 26.633 27     25.8   23.516   326.4      27.2 12
                         2006 24.645 26.392 28.677 31.533 30.516 29.3   27.193 24.967 24.5   23.774 23     20.435   314.9      26.2 12
                         2007 20.693 23.821 27.58  28.9   30.306 27.866 25.887 25.58  25.783 25.677 24.383 24.419   310.9      25.9 12
                         2008 22.709 25.569 26.58  30.5   30.564 28.116 25.241 25.145 22.816 23.548 24.616 25.161   310.6      25.9 12
                         2009 25.693 28     29.645 31.75  31.645 15.066 29.612 29.967 26.633 26.645 24.4   23.822   322.9      26.9 12
                         2010 21.677 20.732 26.564 29.95  33.79  32.45  26.177 29.08  28.366 28.5   26.216 24.838   328.3      27.4 12
                         2011 24.935 27.678 30.629 33.533 34.806 31.65  29.258 30.371 27.966 26.854 27.05  25.967   350.7      29.2 12
                         2012 24     23.224 29.354 31.416 33.145 31.383 27.387 27.532 26.95  29.709 25.82  25.274   335.2      27.9 12
                         2013 22.758 27.821 27.887 31.916 32.403 30.666 27.016 27.564 26.35  25.758 22.516 21.677   324.3      27.0 12
                         2014 21.048 26.732 27.79  30.2   28.483 27.216 25.79  26.661 25.633 26.322 23.433 23.016   312.3      26.0 12
                         2015 22.806 23.464 24.209 28.166 29.145 26.844 25.467 26.629 26.366 24.887 25.483 23.08    306.6      25.5 12
                         2016 21.951 25.155 24.951 28.866 31.903 28.783 27     25.354 25.983 26.387 22.15  24.225   312.7      26.1 12
                         2017 24.274 25.875 27.048 30.183 33.338 30.433 26.161 27.112 24.8   24.854 26.033 22.725   322.8      26.9 12
                         2018 22.838 24.982 29.354 30.18  30.661 27.533 27.225 26.516 25.616 25.145 23.2   22.274   315.5      26.3 12
                         2019 23.58         30.08         32.661        27.903 28.258        26.354        23.371   192.2      27.5  7
                         2020 22.096        29.806 32.533 31.693 30.033 28.129 26.967 26.383 28.112 27.583 24.096   307.4      27.9 11
                         2021 25.129 27.678 30.693 31.5   31.209 26.85  25.419 26.596 25.766 25.661                 276.5      27.7 10

MINIMA                        17.274 20.732 23.774 25.5   26.58  15.066 21.967 21.629 21.85  21.483 19.333 19.451   192.2      24.0
MAXIMA                        25.693 28     30.693 33.533 34.806 32.45  30.225 30.371 28.366 29.709 27.583 25.967   350.7      29.2
MEDIA                         22.367 24.22  26.976 29.199 30.512 28.424 26.371 25.999 25.381 25.384 24.276 22.773   305.3      26.0
DESV. ESTANDAR                1.7285 1.9424 1.8258 1.9034 1.8611 2.6887 1.9197 1.9198 1.4448 1.5633 1.604  1.4037    25.31      1.2


TEMP MEDIA MENS.
                         1972                      17.991 19.04  17.133 16.516 16.403 17.991 16.871 15.716 13.5     151.2      16.8  9
                         1973 11.564 12.883 15.217 18.166 19.951 19.425 18.145 18.177 16.966 15.838 15.533 9.8064   191.7      16.0 12
                         1974 12.371 12.705 16.145 16.883 18.854 19.583 16.193 16.677 15.983 16.387 11.85  12.935   186.6      15.5 12
                         1975 12.596 13.062 14.08  18.666 19.951 18.316 16.161 15.919 15.116 14.895 11.45  9.8064   180.0      15.0 12
                         1976 11     15.172 18.524 19.816 21.233 18.333 16.387 15.806 17.141 14.29  12     14.33    194.0      16.2 12
                         1977 11.387 13.616        18.133 19.306 18.433 17.064 17.661 16.416 15.435 12.05  13.653   173.2      15.7 11
                         1978 12.121 13.866 15.79  18.75  20.621 21.225 20.927 20.129 18.866 18.451 13.825 13.822   208.4      17.4 12
                         1979 13.548 13.41  15.564 18.858 19.661 23.158 21.177 18.5   17.6   16.032 14.116 12.564   204.2      17.0 12
                         1980 11.725 13.241 16.25  19.375 20.725 21.108 21.354 20.451 19.258 16.854 15.683 14.185   210.2      17.5 12
                         1981 11.201 14.446 16.145 20.066 22.322 20.975 20.451 20.096 19.15  19.322 17.283 14.935   216.4      18.0 12
                         1982 14.371 15.339 17.596 20.15  21.887 23.833 21.048 20.491 20.366 19.564 15.683 12.475   222.8      18.6 12
                         1983 12.282 11.571 15.322 17.558 21.838 21.783 20.306 19.516 19.3   18.169 14.8   13.862   206.3      17.2 12
                         1984 13.346 12.482 17.274 18.6   18.371 19.766 18.217 15.435 14.391 18.032 13.933 13.04    192.9      16.1 12
                         1985 11.137 13.776 16.614 17.191 21.096 19.191 17.145 15.072 17.925 17.209 14.191 12.58    193.1      16.1 12
                         1986 11.927 13.517 13.983 17.541 18.451 18.358 20.435 16.596 18.983 17.072 15.516 12.572   195.0      16.2 12
                         1987 10.161 12.839 14.177 16.666 19.298 20.016 18.879 20.508 19.4   16.572 14.25  14.314   197.1      16.4 12
                         1988 11.467 14.284 15.475 18.116 20.346 19.925 18.741 19.08  18.308 16.08  15.016 12.758   199.6      16.6 12
                         1989 13.903 13.901 14.943 17.958 20.411 21.116 19.967 19.024 17.416 16.258 14.925 10.927   200.8      16.7 12
                         1990 12.83  12.892 16.032 18.4   21.153 21.025 18.814 18.572 18.041 15.887 13.808 12.338   199.8      16.6 12
                         1991 12.193 13.653 16.362 18.908 20.871 20.808 17.983 18.677 17.733 15.854 14.008 13.048   200.1      16.7 12
                         1992 11.645 12.258 15.758 16.516 19.024 20.516 19.629 18.774 18.333 16.354 13.375 13.048   195.2      16.3 12
                         1993 12.661 13.339 14.596 17.558 19.185 21.391 19.564 19.588 18.708 17.564 15.391 13.435   203.0      16.9 12
                         1994 12.411 14.383 16.677 18.083 21.661 20.691 20.177 19.491 18.675 18.008 16.158 14.282   210.7      17.6 12
                         1995 12.008 15.196 16.387 18.425 22.935 22.433 20.104 19.927 18.75  16.725 15.383 12.112   210.4      17.5 12
                         1996 11.58  14.034        19.058 21.927 21.05  20.532 19.717 19.066 16.991 13.816 13.121   190.9      17.4 11
                         1997 12.419 13.883 16     16.441 19.112 21.708 20.556 20.451 19.616 16.677 15.541 11.612   204.0      17.0 12
                         1998 11.064 10.66  15.459 18.566 21.629 23.316 20.709 20.233 19.733 18.58  16.175 13.346   209.5      17.5 12
                         1999 11.403 14.428 15.838 19.566 20.29  22.091 19.395 19.879 18.866 16.693 12.675 10.991   202.1      16.8 12
                         2000 12.29  14.853 16.185 19.3   21.483 20.425 18.991 18.935 19.25  17.725 15     11.629   206.1      17.2 12
                         2001 12.693 14.258 14.419 19.283 19.54  19.683 19.532 19.54  18.383 15.871 13.483 12.338   199.0      16.6 12
                         2002 11.322 12.625 16.306 19.966 21.806 21.033 19.322 19.096 19.075 17.887 14.133 11.306   203.9      17.0 12
                         2003 11.548 14.375 15.403 19.141 21.903 21.475 19.088 19.048 18.75  16.596 15.266 10.645   203.2      16.9 12
                         2004 11.258 12.051 16.564 17.408 20.612 19.183 19.258 18.951 18.725 18.274 14.608 11.677   198.6      16.5 12
                         2005 12.491 14     14.717 19.116 19.951 21.708 20.354 19.467 18.866 17.596 14.5   12.314   205.1      17.1 12
                         2006 12.564 14.303 16.758 19.683 20.29  20.75  19.951 19.532 18.5   16.822 13.6   10.854   203.6      17.0 12
                         2007 11.814 12.776 15.782 17.175 19.298 19.766 18.677 18.443 17.966 16.475 13.541 12.645   194.4      16.2 12
                         2008 11.137 13.069 14.362 17.85  19.983 20.1   18.532 18.572 17.175 15.274 13.166 12.653   191.9      16.0 12
                         2009 13.403 14.75  17.04  18.666 21.145 13.608 21.435 21.008 19.666 18.572 13.833 12.903   206.0      17.2 12
                         2010 11.137 11.946 15.121 18.075 21.5   22.833 20.056 21.04  20.591 16.314 13.225 11.411   203.3      16.9 12
                         2011 11.919 14.571 17.604 20.275 22.225 22.6   21.58  21.435 19.436 16.862 15.058 13.822   217.4      18.1 12
                         2012 12.83  14.327 17.685 18.633 21.451 21.866 19.959 19.919 18.908 18.556 15.701 13.693   213.5      17.8 12
                         2013 13.193 15.026 15.346 18.816 21.354 21.733 19.758 19.693 19.65  17.516 15.05  12.411   209.6      17.5 12
                         2014 10.935 14.651 16.564 19     20.032 20.816 19.193 19.701 19.216 17.782 14.225 13.322   205.4      17.1 12
                         2015 13.669 14.133 15.991 19.325 20.298 20.275 19.153 19.661 19.5   17.983 17.025 13.645   210.7      17.6 12
                         2016 11.274 13.646 15.943 18.616 21.887 21.2   20.25  19.862 19.266 17.741 14.683 14.354   208.7      17.4 12
                         2017 13.121 14.625 16.943 18.758 22.008 22.633 20.064 20.564 18.775 17.33  15.175 12.733   212.7      17.7 12
                         2018 12.338 15.973 17.725 19.15  21.548 21.041 19.967 19.862 19.741 18.354 15.058 12.29    213.1      17.8 12
                         2019 13.604        18.411        21.79         20.854 20.991        18.887        13.072   127.6      18.2  7
                         2020 12.871        19.54  20.891 20.766 21.725 21.032 20.379 19.35  17.693 16.341 13.516   204.1      18.6 11
                         2021 13.241 14.973 18.056 19.625 20.991 20.25  19.766 19.983 19.233 17.871                 184.0      18.4 10

MINIMA                        10.161 10.66  13.983 16.441 18.371 13.608 16.161 15.072 14.391 14.29  11.45  9.8064   127.6      15.0
MAXIMA                        14.371 15.973 19.54  20.891 22.935 23.833 21.58  21.435 20.591 19.564 17.283 14.935   222.8      18.6
MEDIA                         12.183 13.74  16.142 18.587 20.66  20.641 19.467 19.131 18.533 17.133 14.517 12.707   199.4      17.0
DESV. ESTANDAR                0.9216 1.0823 1.2304 1.0175 1.1312 1.7418 1.3883 1.5126 1.229  1.1409 1.2932 1.1754    15.82      0.8


TEMP MINIMA EXT.
                         1972                      3      5      6      8      8      8      7      2.5    -1.5      46.0       5.1  9
                         1973 -5     0      3      5      9      10     9      10     6      5      3      -7        48.0       4.0 12
                         1974 -2     -3     6      2      7      8      6      7      5      6      -7     -2        33.0       2.8 12
                         1975 -4     -3     0      6      8      6      6      7      2      3      -8     -7        16.0       1.3 12
                         1976 -5     -1     4      6      9      5      8      6      6      3      0      1         42.0       3.5 12
                         1977 -3     2.5           5      8      8      5      8      6      2      -3     -2        36.5       3.3 11
                         1978 -2     1      2      5      6      8.5    12     11     10     6      2      2         63.5       5.3 12
                         1979 -1     2      3      5      5      13     10     9      3      2      -5     1         47.0       3.9 12
                         1980 -3     1      3      2      11     10     10     10     9      3      2      1         59.0       4.9 12
                         1981 -3     1      3      6      12     9      9      9      10     7      2      4         69.0       5.8 12
                         1982 1      1      4      7      8      15     13     12     12     5      4      -2.5      79.5       6.6 12
                         1983 0.5    -2     1      1      10     12     9      9      9      6.5    1      -1.5      55.5       4.6 12
                         1984 -2     -2     3      3      7      10     9.5    4      4      6      -1     -1        40.5       3.4 12
                         1985 -6     0      3      3      8.5    8      7      7      8      3      1      0         42.5       3.5 12
                         1986 -4     -4     -3     4      4      7      10     7      7      6      -1     -4.5      28.5       2.4 12
                         1987 -3     -2     -1     2      8      9      9.5    11     9      3      0      0.5       46.0       3.8 12
                         1988 -6     -2.5   2      4      4.5    7      9      10.5   3      4      2      0         37.5       3.1 12
                         1989 0      -4     -3     3.5    5      7      10     11     5      2      1      -5        32.5       2.7 12
                         1990 0      -1     0      4      8      9      10     10     9      2      -3     -3        45.0       3.8 12
                         1991 -3     -2     -2     1      4      9      10     8      8      3      -3     0         33.0       2.8 12
                         1992 1      -2     0      1      8      9      9      10     10     5      -1     1.5       51.5       4.3 12
                         1993 0      -2     -2     2      4      10     10     9      8      4      1      -3        41.0       3.4 12
                         1994 -4     -2     2      2      9      10     8      10     5      6      1      -3        44.0       3.7 12
                         1995 -4     0      1      3      11.5   11     10     11     8      1      -4     -1        47.5       4.0 12
                         1996 -3     -3            5      8      11     7      11     10     4      -3     0         47.0       4.3 11
                         1997 -3     -2     0      1      5      11     11     10     8      0      -1     -7        33.0       2.8 12
                         1998 -6     -6     -2     3      3      10     11     12     11     5      2      -2        41.0       3.4 12
                         1999 -5     -3     1      5      4      10     8      9      7      -1     -1     -4        30.0       2.5 12
                         2000 -3     -2     -4     1      7      10     8      7      9      8      0      -5        36.0       3.0 12
                         2001 -4     -2     -2     5      6      9      9      9      8      0      0      -4        34.0       2.8 12
                         2002 -4     -2     0      5      9      9      9      9      8      6      -5     -5        39.0       3.3 12
                         2003 -6     -3     -4     2      6      11     8      9      9      0      -2     -8        22.0       1.8 12
                         2004 -4     -6     -1     2      5      10     9      8      8      5      -1     -6        29.0       2.4 12
                         2005 -3     -1     -2     2      3      6      8      8      5      2      -2     -4        22.0       1.8 12
                         2006 -8     -3     2      3      5      9      10     7      9      1      -3     -6        26.0       2.2 12
                         2007 -3     -1     0      2      5      7      8.5    9      5.5    -3     -1     -4        25.0       2.1 12
                         2008 -6.5   -3     -5     -3     2      9.5    7      9      5      2.5    -4     -5.5       8.0       0.7 12
                         2009 -2.5   -4     0      1      6      0      11     9      9      4.5    -1.5   -3.5      29.0       2.4 12
                         2010 -4     -3.5   -0.5   1      2.5    8      10     9.5    4.5    -1     -5     -6        15.5       1.3 12
                         2011 -5     -2.5   0.5    4      4.5    10     10     9.5    6.5    0.5    -8.5   -3        26.5       2.2 12
                         2012 -4     -2     3      2.5    5      8      9.5    9      7      3.5    0.5    -2.5      39.5       3.3 12
                         2013 -2     0      -5.5   0.5    4.5    10.5   10     9      10     2.5    -1     -2        36.5       3.0 12
                         2014 -5     0      0      4      6.5    11.5   10     10.5   10.5   3      -3     -3.5      44.5       3.7 12
                         2015 0      -2.5   2      5.5    4      10.5   10     8.5    7      5      4.5    -1.5      53.0       4.4 12
                         2016 -5.5   -5     -1     2      6.5    10     10.5   11.5   10     3.5    0.5    -2.5      40.5       3.4 12
                         2017 -3     -0.5   0.5    1      5      11     11.5   11.5   7.5    0      -2.5   -6.5      35.5       3.0 12
                         2018 -5.5   4.5    1.5    4      7      11.5   10     10.5   10     6      2      -7        54.5       4.5 12
                         2019 -4     0      3.5    -4.5   4      10.5   10.5   10     8      7.5    4.5    -1.5      48.5       4.0 12
                         2020 -3            6.5    3      5.5    9      11     9.5    6      3      -0.5   -2.5      47.5       4.3 11
                         2021 -4     -3.5   1.5    4      4      8      10.5   11     10     5                       46.5       4.7 10

MINIMA                        -8     -6     -5.5   -4.5   2      0      5      4      2      -3     -8.5   -8         8.0       0.7
MAXIMA                        1      4.5    6.5    7      12     15     13     12     12     8      4.5    4         79.5       6.6
MEDIA                         -3.336 -1.666 0.5106 2.93   6.25   9.15   9.3    9.21   7.57   3.46   -0.908 -2.765    39.9       3.4
DESV. ESTANDAR                2.0396 2.0867 2.6773 2.1618 2.3435 2.2885 1.5551 1.6291 2.2587 2.4719 2.9994 2.7501    13.43      1.2


TEMP MINIMA PROM
                         1972                      7.6333 8.8709 9.8333 11.064 9.9354 10.783 9.5483 7.4166 4.3225    79.4       8.8  9
                         1973 1.3871 3.8392 5.9193 9.1666 11.838 12.716 11.903 12.258 11.1   9.2903 5.9666 -1.935    93.5       7.8 12
                         1974 2.2258 2.8035 8.3225 7.2    9.6129 10.8   9.3225 9.8064 9.2    8.7741 1.2666 3.8387    83.2       6.9 12
                         1975 2.5806 2.8928 2.6129 9.1666 10.967 10.366 9.129  9.9354 8.1666 6.1451 0.1666 -0.612    71.5       6.0 12
                         1976 1.5483 6.0689 9.7258 12.133 13.612 10.1   10.645 8.7419 8.4333 7.0967 4.6666 6.2419    99.0       8.3 12
                         1977 1.4838 5.1785        10.033 10.548 9.9    9.2903 9.5483 9.3    6.9677 2.4666 3.6774    78.4       7.1 11
                         1978 2.6129 4.375  6.6129 9.4666 11.887 12.633 13.951 13.193 12.1   12     4.7166 4.1935   107.7       9.0 12
                         1979 4.6774 4.1785 5.2258 9.2333 9.3225 15.666 13.129 11.774 10.283 5.3225 1.8333 4.4354    95.1       7.9 12
                         1980 2.2903 4.862  6.6774 10.183 12.435 12.466 12.483 12.064 12.283 9.1612 8      6.1451   109.1       9.1 12
                         1981 2.6612 5.5    7.2258 11.266 15.258 13.85  14.903 13.903 12.9   12.774 9.4333 7.9032   127.6      10.6 12
                         1982 4.7419 5.4285 7.7419 12.083 13.838 16.866 14.871 14.629 13.45  12.161 6.5666 3.6129   126.0      10.5 12
                         1983 5.3709 1.2678 5.8709 7.9333 13.096 13.783 12.854 13.064 13.233 10.629 5.85   3.9032   106.9       8.9 12
                         1984 4.6935 3.1034 7.9032 7.7    10.161 12.066 12.032 8.4838 6.9333 10.371 4.3333 3.4032    91.2       7.6 12
                         1985 1.3871 3.5714 6.1451 7.9166 12.225 11.833 10.516 8.5161 10.283 9.5806 4.7666 3.2741    90.0       7.5 12
                         1986 1.3387 2.2321 2.4354 8.0166 9.1129 12.2   13.661 10.612 12.366 10.161 7.6    3.629     93.4       7.8 12
                         1987 3.0483 3.7857 4.5806 7.8333 10.306 12.25  13.306 13.564 11.266 7.2258 4.3666 5.1451    96.7       8.1 12
                         1988 1.5806 4.1379 6.3064 8.55   9.5806 12.1   12.758 13.483 11.383 7.629  4.1333 2.5       94.1       7.8 12
                         1989 3.3871 3.4464 3.4354 7.4166 10     13.016 12.306 13.483 11.35  6.6129 5.2333 2.4032    92.1       7.7 12
                         1990 4.0161 3.7678 5.7903 7.9333 12.483 13.133 13.112 12.806 12.016 8.8709 4.4666 2.1451   100.5       8.4 12
                         1991 2.0645 3.75   3.8871 7.5    10.096 12.633 13.435 11.935 12.433 8.4838 4.75   5.5483    96.5       8.0 12
                         1992 5.2258 3.4482 6.1612 6.8333 10.871 12.4   12.322 12.193 11.366 9.6774 5.1166 4.4838   100.1       8.3 12
                         1993 3.4516 2.4285 3.5    6.7333 9.1129 13.683 13.064 12.354 12.216 9.0322 5.4166 2.5483    93.5       7.8 12
                         1994 1.5806 3.375  5.3871 7.4    11.451 13.083 12.032 12.354 11.716 9.7258 5.8333 3.9032    97.8       8.2 12
                         1995 1.1129 4.8571 4.3548 7.1166 15.032 14.166 13.145 14.048 11.966 6.7258 5.7333 2.5806   100.8       8.4 12
                         1996 -0.338 2.4827        9.3666 12.129 13.166 12.822 13.048 12.433 8.9193 3.8333 2.4354    90.3       8.2 11
                         1997 1.2096 3.5357 5.7419 7.25   9.1612 13.316 13.241 12.29  12.166 8.4838 5.75   0.9032    93.1       7.8 12
                         1998 -0.419 -1     3.2741 5.8333 9.9032 14.95  13.5   14.032 14.133 11.161 6.45   2.2903    94.1       7.8 12
                         1999 -0.951 2.0892 4.129  7.8666 8.7096 13.783 12.193 12.58  11.8   7.7419 1.8833 -0.725    81.1       6.8 12
                         2000 -0.403 2.2931 2.9516 7.15   10.354 12.75  11.306 11.338 11.45  9.3225 5.0666 1.4516    85.0       7.1 12
                         2001 2.258  3.6071 3.5    9.0666 10.435 12.266 11.677 12.741 11.933 7.1935 3.5    2.0967    90.3       7.5 12
                         2002 0.2258 3.2142 5.0322 9.1333 11.774 12.816 12.419 11.903 12.6   9.4838 4.9    0.3548    93.9       7.8 12
                         2003 1.0645 3.0357 3.3548 7.6666 10.741 13.433 12.209 11.967 12.7   8.3871 4.3666 -1.838    87.1       7.3 12
                         2004 2.258  0.6896 5.6451 6.1166 10.387 12.2   11.774 11.387 11.7   9.3871 3.8666 1.7419    87.2       7.3 12
                         2005 1.3548 4.5714 3.1612 6.9333 8.2258 11.6   12.161 12.161 11.1   8.1935 3.2    1.1129    83.8       7.0 12
                         2006 0.4838 2.2142 4.8387 7.8333 10.064 12.2   12.709 14.096 12.5   9.8709 4.2    1.2741    92.3       7.7 12
                         2007 2.9354 1.7321 3.9838 5.45   8.2903 11.666 11.467 11.306 10.15  7.2741 2.7    0.8709    77.8       6.5 12
                         2008 -0.435 0.5689 2.1451 5.2    9.4032 12.083 11.822 12     11.533 7      1.7166 0.1451    73.2       6.1 12
                         2009 1.1129 1.5    4.4354 5.5833 10.645 12.15  13.258 12.048 12.7   10.5   3.2666 1.9838    89.2       7.4 12
                         2010 0.5967 3.1607 3.6774 6.2    9.2096 13.216 13.935 13     12.816 4.129  0.2333 -2.016    78.2       6.5 12
                         2011 -1.096 1.4642 4.5806 7.0166 9.6451 13.55  13.903 12.5   10.906 6.8709 3.0666 1.6774    84.1       7.0 12
                         2012 1.6612 5.431  6.0161 5.85   9.758  12.35  12.532 12.306 10.866 7.4032 5.5833 2.1129    91.9       7.7 12
                         2013 3.629  2.2321 2.8064 5.7166 10.306 12.8   12.5   11.822 12.95  9.2741 7.5833 3.1451    94.8       7.9 12
                         2014 0.8225 2.5714 5.3387 7.8    11.58  14.416 12.596 12.741 12.8   9.2419 5.0166 3.629     98.6       8.2 12
                         2015 4.5322 4.8035 7.7741 10.483 11.451 13.706 12.838 12.693 12.633 11.08  8.5666 4.2096   114.8       9.6 12
                         2016 0.5967 2.1379 6.9354 8.3666 11.871 13.616 13.5   14.371 12.55  9.0967 7.2166 4.4838   104.7       8.7 12
                         2017 1.9677 3.375  6.8387 7.3333 10.677 14.833 13.967 14.016 12.75  9.8064 4.3166 2.7419   102.6       8.6 12
                         2018 1.8387 6.9642 6.0967 8.12   12.435 14.55  12.709 13.209 13.866 11.564 6.9166 2.3064   110.6       9.2 12
                         2019 3.629  5.5892 6.7419 6.85   10.919 15.15  13.806 13.725 12.1   11.419 8.7666 2.7741   111.5       9.3 12
                         2020 3.6451        9.2741 9.25   9.8387 13.416 13.935 13.79  12.316 7.2741 5.1    2.9354   100.8       9.2 11
                         2021 1.3548 2.2678 5.4193 7.75   10.774 13.65  14.112 13.371 12.7   10.08                   91.5       9.1 10

MINIMA                        -1.096 -1     2.1451 5.2    8.2258 9.8333 9.129  8.4838 6.9333 4.129  0.1666 -2.016    71.5       6.0
MAXIMA                        5.3709 6.9642 9.7258 12.133 15.258 16.866 14.903 14.629 14.133 12.774 9.4333 7.9032   127.6      10.6
MEDIA                         2      3.3089 5.3088 7.9527 10.808 12.903 12.562 12.262 11.693 8.8825 4.8401 2.6405    94.5       8.0
DESV. ESTANDAR                1.6316 1.5518 1.8235 1.5946 1.5929 1.4031 1.2808 1.5097 1.4265 1.8048 2.0996 2.0742    11.81      1.0


