COMISIÓN NACIONAL DEL AGUA
COORDINACIÓN GENERAL DEL SERVICIO METEOROLÓGICO NACIONAL
PROYECTO DE BASES DE DATOS CLIMATOLÓGICOS
    
                         AÑO  ENE    FEB    MAR    ABR    MAY    JUN    JUL    AGO    SEP    OCT    NOV    DIC  ACUMULADO  MEDIA  MESES
00001077
EL OCOTE, AGUASCALIENTES
DIAS CON GRANIZO
                         1979                                                         0      0      0      0          0.0       0.0  4
                         1980 0      0      0      0      0      0      0                    0      0      0          0.0       0.0 10
                         1981 0      0      0      0      0      0      0      0      0      0      0      0          0.0       0.0 12
                         1982 0      0      0      0      0      0      0      0      0      0      0      0          0.0       0.0 12
                         1983 0      0      0      0      0      0      0      0      0      0      0      0          0.0       0.0 12
                         1984 0      0      0      0      0      0      0      0      0      0      0      0          0.0       0.0 12
                         1985 0      0      0      0      0      0      0      0      0      0      0      0          0.0       0.0 12
                         1986 0      0      0      0      0      0      0      0      0      0      0      0          0.0       0.0 12
                         1987 0      0      0      0      0      0      0      0      0      0      0      0          0.0       0.0 12
                         1988 0      0      0      0      0      0      0      0      0      0      0      0          0.0       0.0 12
                         1989 0      0      0      0      0      0      0      0             0      0      0          0.0       0.0 11
                         1990 0      0      0      0      0      0      0      0      0      0      0      0          0.0       0.0 12
                         1991 0      0      0      0      0      0      0      0      0      0      0      0          0.0       0.0 12
                         1992 0      0      0      0      0      0      0      0      0      0      0      0          0.0       0.0 12
                         1993 0      0      0      0      0      0      0      0      0      0      0      0          0.0       0.0 12
                         1994 0      0      0      0      0      0      0      0      0      0      0      0          0.0       0.0 12
                         1995 0      0      0      0      0      0      0      0      0      0      0      0          0.0       0.0 12
                         1996 0      0      0      0      0      0      0      0      0      0      0      0          0.0       0.0 12
                         1997 0      0      0      0      0      0      0      0      0      0      0      0          0.0       0.0 12
                         1998 0      0      0      0      0      0      0      0      0      0      0      0          0.0       0.0 12
                         1999 0      0      0      0      0      0      0      0      0      0      0      0          0.0       0.0 12
                         2000 0      0      0      0      0      0      0      0      0      0      0      0          0.0       0.0 12
                         2001 0      0      0      0      0      0      0      0      0      0      0      0          0.0       0.0 12
                         2002 0      0      0      0      0      0      0      0      0      0      0      0          0.0       0.0 12
                         2003 0      0      0      0      0      0      0      0      0      0      0      0          0.0       0.0 12
                         2004 0      0      0      0      0      0      0      0      0      0      0      0          0.0       0.0 12
                         2005 0      0      0      0      0      0      0      0      0      0      0      0          0.0       0.0 12
                         2006 0      0      0      0      0      0      0      0      0      0      0      0          0.0       0.0 12
                         2007 0      0      0      0      0      0      0      0      0      0      0      0          0.0       0.0 12
                         2008 0      0      0      0      0      0      0      0      0      0      0      0          0.0       0.0 12
                         2009 0      0      0      0      0      0      0      0      0      0      0      0          0.0       0.0 12
                         2010 0      0      0      0      0      0      0      0      0      0      0      0          0.0       0.0 12
                         2011 0      0      0      0      0      0      0      0      0      0      0      0          0.0       0.0 12
                         2012 0      0      0      0      0      0      0      0      0      0      0      0          0.0       0.0 12
                         2013 0      0      0      0      0      0      0      0      0      0      0      0          0.0       0.0 12
                         2014 0      0      0      0      0      0      0      0      0      0      0      0          0.0       0.0 12
                         2015 0      0      0      0      0      0      0      0      0      0      0      0          0.0       0.0 12
                         2016 1      0      0      0      0      0      0      0      0      0      0      0          1.0       0.1 12
                         2017 0      0      0      0      0      0      0      0      0      0      0      0          0.0       0.0 12
                         2018 0      0      0      0      0      0      0      0      0      0      0      0          0.0       0.0 12
                         2019 0      0             0      0      0      0      0      0      0                        0.0       0.0  9
                         2021               0      0      0      0      0                                             0.0       0.0  5

MINIMA                        0      0      0      0      0      0      0      0      0      0      0      0          0.0       0.0
MAXIMA                        1      0      0      0      0      0      0      0      0      0      0      0          1.0       0.1
MEDIA                         0.025  0      0      0      0      0      0      0      0      0      0      0          0.0       0.0
DESV. ESTANDAR                0.1581 0      0      0      0      0      0      0      0      0      0      0          0.15      0.0


DIAS CON NIEBLA 
                         1979                                                         0      0      0      0          0.0       0.0  4
                         1980 0      0      0      0      0      0      0                    0      0      0          0.0       0.0 10
                         1981 0      0      0      0      0      0      0      0      0      0      0      0          0.0       0.0 12
                         1982 0      0      0      0      0      0      0      0      0      0      0      0          0.0       0.0 12
                         1983 0      0      0      0      0      0      0      0      0      0      0      0          0.0       0.0 12
                         1984 0      0      0      0      0      0      0      0      0      0      0      0          0.0       0.0 12
                         1985 0      0      0      0      0      0      0      2      2      0      0      1          5.0       0.4 12
                         1986 0      0      0      0      0      0      0      0      0      1      1      0          2.0       0.2 12
                         1987 0      0      0      0      1      0      0      0      0      0      0      0          1.0       0.1 12
                         1988 0      0      0      0      0      0      0      0      0      0      0      0          0.0       0.0 12
                         1989 0      0      0      0      0      0      0      0             0      0      0          0.0       0.0 11
                         1990 0      0      0      0      0      0      0      0      0      0      0      0          0.0       0.0 12
                         1991 0      0      0      0      0      0      0      0      0      0      0      0          0.0       0.0 12
                         1992 0      0      0      0      0      0      0      0      0      0      0      0          0.0       0.0 12
                         1993 0      0      0      0      0      0      0      0      0      0      0      0          0.0       0.0 12
                         1994 0      0      0      0      0      0      0      0      0      0      0      0          0.0       0.0 12
                         1995 0      0      0      0      0      0      0      0      0      0      0      0          0.0       0.0 12
                         1996 0      0      0      0      0      0      0      0      0      0      0      0          0.0       0.0 12
                         1997 0      0      0      0      0      0      0      0      0      0      0      0          0.0       0.0 12
                         1998 0      0      0      0      0      0      0      0      0      0      0      0          0.0       0.0 12
                         1999 0      0      0      0      0      0      0      0      0      0      0      0          0.0       0.0 12
                         2000 0      0      0      0      0      0      0      0      0      0      0      0          0.0       0.0 12
                         2001 0      0      0      0      0      0      0      0      0      0      0      0          0.0       0.0 12
                         2002 0      0      0      0      0      0      0      0      0      0      0      0          0.0       0.0 12
                         2003 0      0      0      0      0      0      0      0      0      0      0      0          0.0       0.0 12
                         2004 0      0      0      0      0      0      0      0      0      0      0      0          0.0       0.0 12
                         2005 0      0      0      0      0      0      0      0      0      0      0      0          0.0       0.0 12
                         2006 0      0      0      0      0      0      0      0      0      0      0      0          0.0       0.0 12
                         2007 0      0      0      0      0      0      0      0      0      0      0      0          0.0       0.0 12
                         2008 0      0      0      0      0      0      0      0      0      0      0      0          0.0       0.0 12
                         2009 0      0      0      0      0      0      0      0      0      0      0      0          0.0       0.0 12
                         2010 0      0      0      0      0      0      0      0      0      0      0      0          0.0       0.0 12
                         2011 0      0      0      0      0      0      0      0      0      0      0      0          0.0       0.0 12
                         2012 0      0      0      0      0      0      0      0      0      0      0      0          0.0       0.0 12
                         2013 0      0      0      0      0      0      0      0      0      0      0      3          3.0       0.3 12
                         2014 0      0      0      0      0      0      0      0      3      0      0      0          3.0       0.3 12
                         2015 0      0      0      0      0      0      0      0      0      0      0      0          0.0       0.0 12
                         2016 0      0      0      0      0      0      0      0      0      0      0      0          0.0       0.0 12
                         2017 0      0      0      0      0      0      0      0      0      0      0      0          0.0       0.0 12
                         2018 0      0      0      0      0      0      0      0      0      0      0      0          0.0       0.0 12
                         2019 0      0             0      0      0      0      0      0      0                        0.0       0.0  9
                         2021               0      0      0      0      0                                             0.0       0.0  5

MINIMA                        0      0      0      0      0      0      0      0      0      0      0      0          0.0       0.0
MAXIMA                        0      0      0      0      1      0      0      2      3      1      1      3          5.0       0.4
MEDIA                         0      0      0      0      0.0243 0      0      0.0512 0.1282 0.0243 0.025  0.1        0.3       0.0
DESV. ESTANDAR                0      0      0      0      0.1561 0      0      0.3202 0.5703 0.1561 0.1581 0.4961     1.03      0.1


DIAS CON TORMEN.
                         1979                                                         0      0      0      0          0.0       0.0  4
                         1980 0      0      0      0      0      0      0                    0      0      0          0.0       0.0 10
                         1981 0      0      0      0      0      0      0      0      0      0      0      0          0.0       0.0 12
                         1982 0      0      0      0      0      0      5      0      0      0      0      0          5.0       0.4 12
                         1983 0      0      0      0      0      0      0      0      0      0      0      0          0.0       0.0 12
                         1984 0      0      0      0      0      0      0      0      0      0      0      0          0.0       0.0 12
                         1985 0      0      0      0      0      0      0      2      1      0      0      0          3.0       0.3 12
                         1986 0      0      0      0      0      0      0      0      0      2      1      0          3.0       0.3 12
                         1987 0      0      0      0      2      1      0      0      0      0      0      0          3.0       0.3 12
                         1988 0      0      0      0      0      0      0      0      0      0      0      0          0.0       0.0 12
                         1989 0      0      0      0      0      0      0      0             0      0      0          0.0       0.0 11
                         1990 0      0      0      0      0      0      0      0      0      0      0      0          0.0       0.0 12
                         1991 0      0      0      0      0      0      0      0      0      0      0      0          0.0       0.0 12
                         1992 0      0      0      0      0      0      0      0      0      0      0      0          0.0       0.0 12
                         1993 0      0      0      0      0      0      0      0      0      0      0      0          0.0       0.0 12
                         1994 0      0      0      0      0      0      0      0      0      0      0      0          0.0       0.0 12
                         1995 0      0      0      0      0      0      0      0      0      0      0      0          0.0       0.0 12
                         1996 0      0      0      0      0      0      0      0      0      0      0      0          0.0       0.0 12
                         1997 0      0      0      0      0      0      0      0      0      0      0      0          0.0       0.0 12
                         1998 0      0      0      0      0      0      0      0      0      0      0      0          0.0       0.0 12
                         1999 0      0      0      0      0      0      0      0      0      0      0      0          0.0       0.0 12
                         2000 0      0      0      0      0      0      0      0      0      0      0      0          0.0       0.0 12
                         2001 0      0      0      0      0      0      0      0      0      0      0      0          0.0       0.0 12
                         2002 0      0      0      0      0      0      0      0      0      0      0      0          0.0       0.0 12
                         2003 0      0      0      0      0      0      0      0      0      0      0      0          0.0       0.0 12
                         2004 0      0      0      0      0      0      0      0      0      0      0      0          0.0       0.0 12
                         2005 0      0      0      0      0      0      0      0      0      0      0      0          0.0       0.0 12
                         2006 0      0      0      0      0      0      0      0      0      0      0      0          0.0       0.0 12
                         2007 0      0      0      0      0      0      0      0      0      0      0      0          0.0       0.0 12
                         2008 0      0      0      0      0      0      0      0      0      0      0      0          0.0       0.0 12
                         2009 0      0      0      0      0      0      0      0      0      0      0      0          0.0       0.0 12
                         2010 0      0      0      0      0      0      0      0      0      0      0      0          0.0       0.0 12
                         2011 0      0      0      0      0      0      0      0      0      0      0      0          0.0       0.0 12
                         2012 0      0      0      0      0      0      0      0      0      0      0      0          0.0       0.0 12
                         2013 0      0      0      0      0      2      7      3      14     2      0      4         32.0       2.7 12
                         2014 0      0      0      0      0      0      0      0      0      0      0      0          0.0       0.0 12
                         2015 0      0      0      0      0      0      0      0      0      0      0      0          0.0       0.0 12
                         2016 0      0      0      0      0      0      0      0      0      0      0      0          0.0       0.0 12
                         2017 0      0      0      0      0      0      0      0      0      0      0      0          0.0       0.0 12
                         2018 0      0      0      0      0      0      0      0      0      0      0      0          0.0       0.0 12
                         2019 0      0             0      0      0      0      0      0      0                        0.0       0.0  9
                         2021               0      0      0      0      0                                             0.0       0.0  5

MINIMA                        0      0      0      0      0      0      0      0      0      0      0      0          0.0       0.0
MAXIMA                        0      0      0      0      2      2      7      3      14     2      1      4         32.0       2.7
MEDIA                         0      0      0      0      0.0487 0.0731 0.2926 0.1282 0.3846 0.0975 0.025  0.1        1.1       0.1
DESV. ESTANDAR                0      0      0      0      0.3123 0.3457 1.3274 0.5703 2.2433 0.4361 0.1581 0.6324     5.00      0.4


EVAPORACION MEN.
                         1979                                                         167.4  170.2  133.9  110.6    582.1     145.5  4
                         1980 120.08 131.87 234.4  250.1  270    255.5  209.3                139.7  112.6  108.7  1,832.3     183.2 10
                         1981 104.6  145.81 226.5  161.7  248.8  211.97 153.7  197.4  149.97 177.7  148.3  118.1  2,044.6     170.4 12
                         1982 152.35 146.6  238.6  262.9  243.9  273.1  163.5  215.5  212.7  158.2  163.6  99.76  2,330.7     194.2 12
                         1983 78.6   136.1  198    223.9  260.8  210.2  172.7  146.7  134.2  153.9  130.4  137.5  1,983.0     165.3 12
                         1984 111.9  138.6  199.3  276    216.1  174.9  115.4  165    126.5  154.9  150.5  112.5  1,941.6     161.8 12
                         1985 125.9  156.5  196.3  185.4  207.6  159.1  178.4  166.8  158.9  133.1  106    120    1,894.0     157.8 12
                         1986 142.8  139.4  143.9  233.2  243.7  123.8  146.5  156.9  118.4  131.1  114.2  104.3  1,798.2     149.9 12
                         1987 94.5   103.3  153.4  168.5  166.2  203.6  164.3  161.1  149.6  156.4  98.6   92.8   1,712.3     142.7 12
                         1988 99.8   138.9  181.8  218.2  268.6  187.5  125.68 132.12 121.5  137.39 119.07 101    1,831.6     152.6 12
                         1989 121    145.9  220.5  216.1  271.8  221.2  175.9  120.3                       82.9   1,575.6     175.1  9
                         1990 102.2  115.5  158.4  231.9  231.8  202    114.8  111.3  131.1  94.4   104.2  103.8  1,701.4     141.8 12
                         1991 99.35  111.66 254.28 268.28 278.6  174.3  109.17 172.66 97.52  131.5  112.95 77.66  1,887.9     157.3 12
                         1992 70.21  115.97 141.14 185.67 160.93 169.83 153.55 139.59 132.34 103.61 98.94  89.34  1,561.1     130.1 12
                         1993 117.65 159.7  185.22 225.04 218.53 171.16 127.11 133.33 124.57 132.31 114.3  117.34 1,826.3     152.2 12
                         1994 180.15 186.74 215.79 212.18 227.67 142.16 173.68 109.87 112.54 147.43 106.63 107.93 1,922.8     160.2 12
                         1995 101.98 128.46 90.07  135.6  225.14 172.05 188.89 175.43 160.01 130.05 91.88  107.81 1,707.4     142.3 12
                         1996 105.85 139.26 186.81 216.91 214.07 206.14 213.01 195.57 160.31 183.65 131.8  102.39 2,055.8     171.3 12
                         1997 154.8  112.32 179.7  172.92 203.86 179.88 168.79 184.19 172.82 134.71 156.6  149.11 1,969.7     164.1 12
                         1998 176.13 185.74 214.4  245.32 239.64 226.73 194.04 199.88 174.59 159.1  140.23 150    2,305.8     192.2 12
                         1999 181.02 176.21 223.59 214.9  282.36 213.08 176.19 186.95 184.7  177.54 179.6  165.09 2,361.2     196.8 12
                         2000 126.35 136.32 218.74 231.54 255.49 223.77 161.31 162.01 135.62 119.59 110.34 91.33  1,972.4     164.4 12
                         2001 137.26 152.8  198.08 183.57 188.16 149.08 144.48 150.07 124.89 158.72 160.99 157.32 1,905.4     158.8 12
                         2002 157.2  131.59 202.23 199.86 204.75 207.23 141.96 148.81 130.96 88.65  118    96.92  1,828.2     152.3 12
                         2003 94.07  145.27 207.33 196.97 203.59 167.8  164.04 143.21 151.49 154.43 132    111.6  1,871.8     156.0 12
                         2004 140.65 181.13 147.36 186.12 159.86 142.24 130.52 143.32 98.7   139.84 92.13  152.78 1,714.7     142.9 12
                         2005 101.04 102.73 217.16 164.66 191.55 180.15 189.95 125.6  153.3  132.72 116.26 149.16 1,824.3     152.0 12
                         2006 113.32 111.88 151.71 134.74 194.21 122.82 127.94 158.01 129.78 130.36 116.44 141.96 1,633.2     136.1 12
                         2007 112.4  109.12 157.75 190    243.79 144.8  140.64 133.21 146.59 158.02 150.18 116.21 1,802.7     150.2 12
                         2008 116.48 118.81 161.95 196.6  245.97 138.46 122.57 115.6  147.51 131.2  126.65 126.53 1,748.3     145.7 12
                         2009 116.62 121.48 173.07 181.94 183.12 133.93 130.5  133.04 162.53 136.01 114.39 127.59 1,714.2     142.9 12
                         2010 115.98 115.61 158.08 161.71 160.7  134.38 129.27 141.53 146.92 150.03 124.37 159    1,697.6     141.5 12
                         2011 130.24 128.13 201.55 191.97 196.02 151.05 153.87 164.23 182.63 126.8  131.06 113.37 1,870.9     155.9 12
                         2012 108.63 98.27  199.26 242.58 263.69 178.53               136.93 152.01 153.85 97.7   1,631.5     163.1 10
                         2013 88.98  111.14 161.7  210.3  203.21 165.62 85.95  107.36 64.54  119.15 105.95 110.8  1,534.7     127.9 12
                         2014 87.6   122.25 172.35 211.4  154.25 164.35 129.2  127.9  109.9  102.5  93.2   96.16  1,571.1     130.9 12
                         2015 86.9   94.65  123.6  160.7  182.75 152.9  129.3  134.8  98.15  94.06  83     83.85  1,424.7     118.7 12
                         2016 113.75 125.85 156.25 194.35               161.9  149.8  108.15 81.45  64.2   88.4   1,244.1     124.4 10
                         2017 123.9  135    169.8  173.53 165.49        95.3   61.46  90.6   114.07 101.35 108.11 1,338.6     121.7 11
                         2018 85.62  74.99  94.36  88.24  65.23  37.6          71.59  53.77  55.97                  627.4      69.7  9
                         2019 62.01  73.91         77.99  180.72 112.17 79.23  103.09 122.03 118.15                 929.3     103.3  9

MINIMA                        62.01  73.91  90.07  77.99  65.23  37.6   79.23  61.46  53.77  55.97  64.2   77.66    582.1      69.7
MAXIMA                        181.02 186.74 254.28 276    282.36 273.1  213.01 215.5  212.7  183.65 179.6  165.09 2,361.2     196.8
MEDIA                         116.49 130.13 182.42 197.08 213.4  173.29 148.48 145.92 135.5  134.26 121.28 115.06 1,724.6     150.4
DESV. ESTANDAR                28.15  26.397 37.36  42.843 44.481 43.249 31.937 33.369 32.173 27.618 24.684 23.313   371.94     23.9


LLUVIA MAX 24 H.
                         1979                                                         15     0      0      35        50.0      12.5  4
                         1980 24     13     0      8      1      17     27                   21     25     11       147.0      14.7 10
                         1981 23     15.5   0      32     4      19     42.5   24     17     33     0      6        216.0      18.0 12
                         1982 0      0      0      10     12     18     33.5   25.5   8      55.5   40     22.5     225.0      18.8 12
                         1983 11.5   0      1      0      40     21     40.5   14.5   16     24     10     1        179.5      15.0 12
                         1984 10     0      0      0      45     27.5   31     34     16     11.5   0      6.5      181.5      15.1 12
                         1985 2.1    0      0      0      0      28     39     34     9      20     0      20       152.1      12.7 12
                         1986 0      9.5    1      0      24.5   39     56.4   20     25     17     24.4   0        216.8      18.1 12
                         1987 10     15     0      5.2    20     9      54.5   28.1   43     0      0      2.2      187.0      15.6 12
                         1988 9      0      6.7    2.9    1      26.5   30.8   40     20     3.5    0      2.4      142.8      11.9 12
                         1989 0      0      0      0      39     22     30     40            0      9      14.8     154.8      14.1 11
                         1990 3.5    7.3    0      0      10.5   46.5   35.3   68     17.5   21.5   0      0        210.1      17.5 12
                         1991 1.5    5      0      0      0      40     77     37     25.5   6.5    7      12.5     212.0      17.7 12
                         1992 40     2.5    0      2.5    10.5   20     29     13.5   30.5   45     29     10.5     233.0      19.4 12
                         1993 8.5    0      0      8      6      31.5   20     34     42     9.5    0      0        159.5      13.3 12
                         1994 0      0      0      7      11.5   24     20     21     34     19     0      0        136.5      11.4 12
                         1995 2      4      0      0      12.5   24     9      42     60     0      0      11       164.5      13.7 12
                         1996 0      0      0      0      18     29.5   19     45     69.5   30     5      0        216.0      18.0 12
                         1997 4      23     5.5    10.5   6.5    30     28.5   13     26.5   29     18.5   0        195.0      16.3 12
                         1998 0      0      0      0      0      20     20     43     28     24     0      0        135.0      11.3 12
                         1999 0      0      0      0      0      27.5   65     51.5   31     0      0      0        175.0      14.6 12
                         2000 0      0      0      1      40     43     25.5   25.5   25     5.5    0.5    12       178.0      14.8 12
                         2001 0      0      26.5   6      5      57     63     25     19     21.5   1      1.5      225.5      18.8 12
                         2002 22.5   12.5   0      4      9.3    25.4   25     45.7   35     9.8    27.7   0.1      217.0      18.1 12
                         2003 8.5    0      0      0      0      18.8   20     18.5   10.3   16     0      4         96.1       8.0 12
                         2004 8.8    0.1    0      8      18     28.5   24     12.7   9.5    10     0      0        119.6      10.0 12
                         2005 0      0      0      0      0      35.2   18.5   48.3   18.8   13     0      0        133.8      11.2 12
                         2006 0      0      0      0      17     8.5    47     44.6   44     33.2   0      16       210.3      17.5 12
                         2007 10.8   12.5   0      0      1      42.9   68.9   22.7   44     0      0      0        202.8      16.9 12
                         2008 0      0      0      1.3    0      66.6   62     80.5   44     0      0      0        254.4      21.2 12
                         2009 0      0      0      0      19.3   24.2   45.2   24.1   11.5   6.2    0      0        130.5      10.9 12
                         2010 25.2   29.2   0      0      10.7   20.9   20.8   40.8   27     0      0      0        174.6      14.6 12
                         2011 0      0      0      0      0      12.8   24.2   9.4    9.8    21     0      0         77.2       6.4 12
                         2012 11.7   24.8   0      0      8.5    40     65.7   8.4    0      0      0      8        167.1      13.9 12
                         2013 10     0      0      0      15.7   28.8   60.1   34.5   35.3   10.2   7.4    22       224.0      18.7 12
                         2014 2      0      4.9    0      12.5   60.4   26.6   19     57     17     16     0        215.4      18.0 12
                         2015 0      12.5   41     7.3    18.9   66     32     31.8   37     40.2   14.9   32.5     334.1      27.8 12
                         2016 8.5    4.5    8.5    8      5.5    24     41.2   49.5   13.5   15     16.5   3        197.7      16.5 12
                         2017 0      5      2.5    0      0      7      46     36     5.5    46.5   0      26.5     175.0      14.6 12
                         2018 23.5   25     0      5.7    20     30     25.5   20.5   44     14     32.5   5        245.7      20.5 12
                         2019 0                           17.2   12.1   7.8    7.5    1.5    0                       46.1       6.6  7
                         2021               0      0      10.9   20     22.6                                         53.5      10.7  5

MINIMA                        0      0      0      0      0      7      7.8    7.5    0      0      0      0         46.1       6.4
MAXIMA                        40     29.2   41     32     45     66.6   77     80.5   69.5   55.5   40     35       334.1      27.8
MEDIA                         7.015  5.6641 2.44   3.185  11.987 29.075 36.087 31.617 26.287 15.831 7.11   7.15     175.4      15.1
DESV. ESTANDAR                9.5192 8.4441 7.7207 5.8081 12.059 14.579 17.463 16.023 16.48  14.429 11.17  9.6907    57.90      4.1


LLUVIA TOTAL MEN
                         1979                                                         44.3   0      0      62.9     107.2      26.8  4
                         1980 56     15     0      8      1      32     82.6                 65.5   41.5   22       323.6      32.4 10
                         1981 53     15.5   0      58.5   4      66     120.5  105    34     64.5   0      7.5      528.5      44.0 12
                         1982 0      0      0      15     13.5   18     105    51     24.5   123    48.5   53       451.5      37.6 12
                         1983 22.5   0      1      0      56     42.5   158.5  79.5   81     54     30     1        526.0      43.8 12
                         1984 20.5   0      0      0      69     173.5  220    134.5  36.5   37.5   0      8.5      700.0      58.3 12
                         1985 2.1    0      0      0      0      186.5  167    103    49     40.5   0      36       584.1      48.7 12
                         1986 0      9.5    1      0      33.5   316.8  100.4  68.3   134.5  70.3   24.4   0        758.7      63.2 12
                         1987 26.9   34.7   0      10.2   40.5   18.7   297.4  93.1   145    0      0      2.2      668.7      55.7 12
                         1988 9      0      10.6   4.8    1      89.4   228.2  203.5  87.6   5      0      2.4      641.5      53.5 12
                         1989 0      0      0      0      39     51.9   96.5   220.8         0      15     35       458.2      41.7 11
                         1990 10.2   26.6   0      0      20.9   58     269.3  241.4  109.5  51.5   0      0        787.4      65.6 12
                         1991 1.5    6.5    0      0      0      93.5   432.5  53     89     6.5    7      35.5     725.0      60.4 12
                         1992 229.5  2.5    0      2.5    43     45.5   96     88.1   57.5   130    41.5   12       748.1      62.3 12
                         1993 16     0      0      8      22.6   107.5  125.5  133.5  97     17.5   0      0        527.6      44.0 12
                         1994 0      0      0      7      11.5   81     62     165.5  133.5  19     0      0        479.5      40.0 12
                         1995 2      9      0      0      14.1   70     58     265.5  158    0      0      15.5     592.1      49.3 12
                         1996 0      0      0      0      22.8   64.7   66.5   139.4  180.3  62.5   9.1    0        545.3      45.4 12
                         1997 4      25.3   9.1    46.4   22     79.5   108.5  35.5   50.5   49.5   23     0        453.3      37.8 12
                         1998 0      0      0      0      0      70.7   74.5   136.5  115.5  28.5   0      0        425.7      35.5 12
                         1999 0      0      0      0      0      111.9  274.5  92.5   93.5   0      0      0        572.4      47.7 12
                         2000 0      0      0      1      139.3  144    141.1  71     48.8   13.7   0.5    22       581.4      48.5 12
                         2001 0      0      27.5   13.5   17.5   191.8  280.5  101    76.5   22.5   1      2.3      734.1      61.2 12
                         2002 23.5   37.5   0      15.1   27.6   64.7   231.8  130.1  235    28.2   35.8   0.1      829.4      69.1 12
                         2003 8.5    0      0      0      0      90.5   105.9  153.4  122.4  31.3   0      4        516.0      43.0 12
                         2004 29.1   0.1    0      16     55     77.7   116.9  35.3   9.5    18     0      0        357.6      29.8 12
                         2005 0      0      0      0      0      38.7   73.4   149.3  57.1   24     0      0        342.5      28.5 12
                         2006 0      0      0      0      27     24.5   212.7  304.3  134.2  143.3  0      19.6     865.6      72.1 12
                         2007 25.6   25.5   0      0      1.8    227.4  206.2  123.3  109.8  0      0      0        719.6      60.0 12
                         2008 0      0      0      1.3    0      330.2  300.4  300.8  135.2  0      0      0      1,067.9      89.0 12
                         2009 0      0      0      0      51.1   119    177.2  128.6  35     15.7   0      0        526.6      43.9 12
                         2010 60.4   62.4   0      0      29.4   127.7  164.8  180.2  63     0      0      0        687.9      57.3 12
                         2011 0      0      0      0      0      47.8   62.9   17.8   28.9   43.9   0      0        201.3      16.8 12
                         2012 15.2   54.5   0      0      8.9    94.1   211.4  101.2  0      0      0      8        493.3      41.1 12
                         2013 12     0      0      0      28.8   67.3   232.3  61.4   183.2  27.8   13.3   69.1     695.2      57.9 12
                         2014 4.6    0      4.9    0      25     176    75     119.6  163.9  57     28     0        654.0      54.5 12
                         2015 0      35.6   83.3   18.8   29.4   239    90     135.5  157    123.6  16.4   34       962.6      80.2 12
                         2016 8.5    6.5    18.5   16     6      103.8  285.9  269.3  59     27.8   30.5   3        834.8      69.6 12
                         2017 0      5      5.7    0      0      15.5   292.5  160    19.5   55     0      36       589.2      49.1 12
                         2018 45.8   25     0      5.7    39     246.5  75.2   109    269.5  44     34.5   5        899.2      74.9 12
                         2019 0                           25     63.2   33.2   16.7   2.2    0                      140.3      20.0  7
                         2021               0      0      22.8   128.3  135.1                                       286.2      57.2  5

MINIMA                        0      0      0      0      0      15.5   33.2   16.7   0      0      0      0        107.2      16.8
MAXIMA                        229.5  62.4   83.3   58.5   139.3  330.2  432.5  304.3  269.5  143.3  48.5   69.1   1,067.9      89.0
MEDIA                         17.16  10.171 4.04   6.195  23.122 107.2  162.14 130.19 93.087 36.612 10     12.415   585.5      50.4
DESV. ESTANDAR                38.329 16.288 13.994 12.285 26.171 77.953 91.165 73.868 63.483 38.108 15.03  18.676   211.93     15.8


TEMP MAXIMA EXT.
                         1979                                                         27.5   29     26     24       106.5      26.6  4
                         1980 25     26     33     32     34     34     31                   28     26     24       293.0      29.3 10
                         1981 23     27     31     30     31     33     28     30     29     30     27     25       344.0      28.7 12
                         1982 27     27     34     39     34     36     30     30     31     30     28     23       369.0      30.8 12
                         1983 25     25     29     35     34     35     28     28     29     30     27     27       352.0      29.3 12
                         1984 26     28     30     33     33     33     26     28.5   27     29     28     27       348.5      29.0 12
                         1985 25     26     30     32     34     32     28     27     28     29     27     26       344.0      28.7 12
                         1986 27.5   27     27     33     33     29.5   26.5   28     26     27     29     26       339.5      28.3 12
                         1987 26.5   28     28     28     29     30     32     29     32     29     29     29.5     350.0      29.2 12
                         1988 26     30     32     35     35     34     29     28     28     29.5   29.5   28       364.0      30.3 12
                         1989 27     29     30     31     34.5   35     32     28            28.5   29.5   25       329.5      30.0 11
                         1990 26.5   27.5   31     33     35     33     25     25     26     27     26     26       341.0      28.4 12
                         1991 26     28     32     33     34     34     26     27     27     28     24     24       343.0      28.6 12
                         1992 22     24     25     26     32     29     29     28     29     26     26     27       323.0      26.9 12
                         1993 26     28     29     31     31     34     29     29     28     29     29     28       351.0      29.3 12
                         1994 28     29     31     33     34     33     31     29     28     29     29     27       361.0      30.1 12
                         1995 26     29     29     32     39     35     29     30     28     28     28     27       360.0      30.0 12
                         1996 27     29     28     32     34     31     30     31     28     28     31     27       356.0      29.7 12
                         1997 27     26     31     30     34     34     29     31     28     27     27     23       347.0      28.9 12
                         1998 20     19.5   29     35     37     31.5   32     32     31     29     29     27       352.0      29.3 12
                         1999 26     28.5   31     34     35     35     30     29     30.5   30     26.5   26       361.5      30.1 12
                         2000 28     30     33     35     35     29     29.5   29     32     30     29     27       366.5      30.5 12
                         2001 26     29     31     39     35     33     30     30     28     30     27     27       365.0      30.4 12
                         2002 26     27     31     34     34     33     33     31     27     29     28     28       361.0      30.1 12
                         2003 26     26     27     33     35     36     35     35     35     29     28     26       371.0      30.9 12
                         2004 26     26     31     36     35     36     32     31     35     32     27     26       373.0      31.1 12
                         2005 27     28     35     33     35     35     36     33     29     30     28     28       377.0      31.4 12
                         2006 27     29     32     32     35     35     36     34     35     30     29     28       382.0      31.8 12
                         2007 27     27     32     35     33     35     34     33     31     30     29     27       373.0      31.1 12
                         2008 28     29     32     33     33     35     35     35     35     31     29     27       382.0      31.8 12
                         2009 28     9      32     33     34     33     34     33     33     29     29     30       357.0      29.8 12
                         2010 25     29     34     33     38     34     35     34     35     31     29     33       390.0      32.5 12
                         2011 30     33     35     34     34     34     36     36     36     37     31     26       402.0      33.5 12
                         2012 24     26     26     29     32     35     29     37     30     29     29     28       354.0      29.5 12
                         2013 24     28     30     29     33     33     34     35     33     32     29     30       370.0      30.8 12
                         2014 21     26     28     29     28     28     26     25     32     25     24     27       319.0      26.6 12
                         2015 26     29     25     27     30     28     26     25     25     25     25     23       314.0      26.2 12
                         2016 21     25     25     28     32     29     25     24     25     25     25     23       307.0      25.6 12
                         2017 25     31     28     29     32     30.5   28     25     25     25     25     26       329.5      27.5 12
                         2018 22     32     28     28.5   31.5   31     26     24     26     25     25     23       322.0      26.8 12
                         2019 30                          31     32     32     32     32     32                     221.0      31.6  7
                         2021               32     33     34     33     30                                          162.0      32.4  5

MINIMA                        20     9      25     26     28     28     25     24     25     25     24     23       106.5      25.6
MAXIMA                        30     33     35     39     39     36     36     37     36     37     31     33       402.0      33.5
MEDIA                         25.737 27.192 30.175 32.237 33.561 32.89  30.292 29.961 29.743 28.926 27.662 26.487   338.9      29.6
DESV. ESTANDAR                2.236  3.7777 2.6203 2.9132 2.1365 2.2762 3.2518 3.4343 3.1951 2.3091 1.7773 2.1408    55.60      1.8


TEMP MAXIMA PROM
                         1979                                                         25.183 26.838 23.366 20.677    96.1      24.0  4
                         1980 20.645 22.724 27.371 28.05  30.935 30.216 28.225               24.419 22.233 20.032   254.9      25.5 10
                         1981 18     24     26.903 26.833 27.967 29     25.741 26.29  25.8   26.096 25.483 22.193   304.3      25.4 12
                         1982 24.225 24.375 29.161 31.716 30.645 32.716 26.871 27.612 27.166 25.935 24.016 19.774   324.2      27.0 12
                         1983 18.161 22.25  25.096 28.166 28.935 30.766 25.387 25.161 25.5   26.064 24.666 24.241   304.4      25.4 12
                         1984 22.483 23.758 27.483 30.566 28.806 28.033 22.709 25     23.5   26.032 25.266 23.612   307.3      25.6 12
                         1985 21.919 24.142 27.483 27.166 30.806 26.266 24.516 25.967 26.166 25.709 24.533 22.387   307.1      25.6 12
                         1986 24.403 24.375 24.483 31.433 29.774 25.716 24.177 26.112 25.1   24.29  24.966 22.564   307.4      25.6 12
                         1987 21.467 22.982 23.838 24.65  25.435 27.716 25.741 27.225 27.633 25.967 25.633 26.596   304.9      25.4 12
                         1988 21.951 26.931 25.871 30.066 32.806 29.266 25.725 25.467 25.483 25.806 26.816 24.177   320.4      26.7 12
                         1989 24.354 25.303 27     28.366 31.177 29.766 27.5   25.145        26.548 25.016 20.29    290.5      26.4 11
                         1990 22.193 22.321 27.5   29.75  31.161 27.166 23.064 22.564 22.883 23.08  23.45  22.08    297.2      24.8 12
                         1991 21.661 24.214 29.096 30.166 31.193 28.5   22.29  25.596 22.4   24.225 19.333 18.564   297.2      24.8 12
                         1992 18.129 20     21.032 22.15  27.096 26.266 24.032 25.193 25.133 22.677 21.966 22.322   276.0      23.0 12
                         1993 20.322 24     25.58  27.9   28.645 28.066 25.677 26.064 25.466 25.709 26.166 25.322   308.9      25.7 12
                         1994 25.274 26.142 27.79  28.7   29.967 27.666 27.322 24.806 24.6   25.096 25.5   24.838   317.7      26.5 12
                         1995 21.741 25.928 25.967 29.9   32.419 29.2   25.483 24     24.3   25.064 24.133 22.709   310.8      25.9 12
                         1996 23.064 25.034 25.016 27.966 31.612 27.733 27.774 26.29  25.7   26.387 24.733 23.322   314.6      26.2 12
                         1997 25.096 22.821 27.096 26     29.612 27.633 27.225 28.548 26.333 23.483 22.1   16.193   302.1      25.2 12
                         1998 14.741 16.517 20.919 29.766 33.548 29.05  28.645 28.838 27.8   26.274 26.2   24.29    306.6      25.5 12
                         1999 22.451 27.196 29.129 31.316 33.048 30.35  26.58  27.258 27.316 26.548 23.65  22.161   327.0      27.3 12
                         2000 24.983 27.275 29.322 31.333 31.903 27.533 28.048 27.596 27.233 26.709 25.833 22.161   329.9      27.5 12
                         2001 23.032 25.964 27.29  32.666 31.032 29.133 27.354 26.483 25.366 24.967 24.166 24.096   321.6      26.8 12
                         2002 23.612 23.571 28.225 28.5   30.483 30.2   28.129 27.709 25.133 25.032 24.466 24.032   319.1      26.6 12
                         2003 23.709 23.285 24.096 28.966 31.58  32.533 29.806 31.838 32.366 26.548 25.3   22.967   333.0      27.8 12
                         2004 23.871 24.241 27.419 29.066 30.645 32.7   29.451 28.225 31.833 29     24.5   21.935   332.9      27.7 12
                         2005 24.129 26.035 31.193 30.366 30.193 32.166 31.354 29.032 26.866 27.967 24.8   24.354   338.5      28.2 12
                         2006 22.548 24.678 29.645 30.533 31.483 31.7   31.774 30.871 28.233 27.612 25.233 23.645   338.0      28.2 12
                         2007 22.871 24.071 28.451 30.7   31.451 31.1   30.354 30.516 27.566 28.193 25.966 24.516   335.8      28.0 12
                         2008 24.516 25.103 29.129 29.9   31.419 31.233 31.548 31.161 28.433 28.709 25.766 24.645   341.6      28.5 12
                         2009 25     7.9285 28.129 30.833 31.483 30.066 31.451 31.387 28.733 27.322 25.7   26.903   324.9      27.1 12
                         2010 21.322 25.5   28.322 30.5   34.129 30.766 31.387 31.29  28.433 27.58  25.866 28.419   343.5      28.6 12
                         2011 25.903 28.892 32     31.166 31.741 31.4   32.741 32.548 33.033 32.032 26.233 22.838   360.5      30.0 12
                         2012 22.225 21.551 24.741 25.966 30.29  31.7   27.741 27.533 28.666 27.225 27.566 24.838   320.0      26.7 12
                         2013 19.645 26.107 27.354 26.666 31.064 31.666 31.225 31.516 30.9   29.258 25.633 23.612   334.7      27.9 12
                         2014 17.306 23.928 23.338 26.333 25.483 24.683 23.08  23.274 22.533 22.854 20.15  24.419   277.4      23.1 12
                         2015 19.38  27.535 20.032 23.883 26.612 23.466 22.838 23.016 22.616 22.129 21.983 18.951   272.4      22.7 12
                         2016 17.983 22.931 21.387 25.25  28.516 25.116 22.951 21.58  22.383 22.741 19.466 20.758   271.1      22.6 12
                         2017 20.467 29.571 24.145 26.433 28.693 27.783 23.451 23.193 21.333 22.677 20.2   19.258   287.2      23.9 12
                         2018 18.838 30.392 25.564 26.142 27.233 24.433 22.758 21.967 21.466 21.645 20.05  18.709   279.2      23.3 12
                         2019 28.645                      29.612 30.733 30.935 30.838 30.9   30.838                 212.5      30.4  7
                         2021               30.629 31.366 31.919 31.033 27.483                                      152.4      30.5  5

MINIMA                        14.741 7.9285 20.032 22.15  25.435 23.466 22.29  21.58  21.333 21.645 19.333 16.193    96.1      22.6
MAXIMA                        28.645 30.392 32     32.666 34.129 32.716 32.741 32.548 33.033 32.032 27.566 28.419   360.5      30.5
MEDIA                         22.057 24.194 26.606 28.68  30.306 29.079 27.086 27.044 26.346 25.934 24.202 22.735   300.1      26.3
DESV. ESTANDAR                2.7933 3.672  2.8039 2.4204 2.0212 2.4157 3.0473 2.9887 2.9451 2.2903 2.1012 2.485     48.58      2.0


TEMP MEDIA MENS.
                         1979                                                         18.033 18.064 14.283 13.645    64.0      16.0  4
                         1980 12.532 14.284 17.854 18.783 21.871 22.175 21.274               17.612 14.416 13.129   173.9      17.4 10
                         1981 11.048 16.026 18.096 18.933 20     20.916 18.225 20.024 19.033 19.096 16.233 13.693   211.3      17.6 12
                         1982 14.645 14.714 18.645 21.583 21.637 24.366 19.919 20.475 19.633 18.298 15.125 12.459   221.5      18.5 12
                         1983 11.145 12.517 14.774 17.266 19.854 21.616 19.217 19.112 19.116 18.048 15.45  14.233   202.4      16.9 12
                         1984 13.274 13.655 17.088 19.483 19.371 20     17.338 18.604 17.7   17.806 15.05  13.919   203.3      16.9 12
                         1985 12.322 14.357 17.419 17.95  21.258 19.383 18.112 18.758 18.633 17.838 15.166 13.83    205.0      17.1 12
                         1986 13.935 14.544 15.508 20.466 19.467 19.183 16.282 17.677 16.55  16.951 16.833 13.467   200.9      16.7 12
                         1987 11.806 13.33  15.596 16.808 16.733 19.583 19.29  20.774 21.016 15.983 15.25  15.443   201.6      16.8 12
                         1988 12     16.413 16.709 20.066 22.564 21.533 19.895 19.798 19.058 17.701 17.041 14.717   217.5      18.1 12
                         1989 15.217 15.642 16.612 18.983 21.467 21.95  20.653 19.395        18.153 16.608 12.903   197.6      18.0 11
                         1990 14.532 14.428 17.862 20.066 22.669 20.85  18.322 17.79  17.983 15.766 14.683 12.629   207.6      17.3 12
                         1991 12.959 14.723 17.564 19.025 20.661 19.85  17.427 19.169 16.5   16.129 12.933 12.491   199.4      16.6 12
                         1992 11.612 12.172 13.854 15.008 18.516 19.35  18.193 19.209 18.75  15.774 12.9   13.322   188.7      15.7 12
                         1993 12.371 14.267 14.951 17.733 18.758 20.716 19.225 19.096 18.483 17.741 15.516 14.129   203.0      16.9 12
                         1994 17.556 18.026 18.653 19.358 19.669 20.45  19.951 18.371 17.883 17.903 15.983 14.693   218.5      18.2 12
                         1995 11.548 15.464 16.362 20.333 22.58  21.616 19.483 18.871 18.45  18.048 16.183 14.08    213.0      17.8 12
                         1996 12.854 14.724 16.153 18.475 21.854 20.391 20.387 19.532 18.966 18.516 16.208 15.371   213.4      17.8 12
                         1997 16.572 14.901 17.322 16.533 19.709 20.35  20.306 20.58  19.65  16.532 14.85  9.0645   206.4      17.2 12
                         1998 8.0161 9.491  12.701 18.825 22.951 21.575 20.596 20.733 20.358 18.596 16.483 14.161   204.5      17.0 12
                         1999 11.645 16.723 17.927 20.091 21.766 21.675 18.895 19.798 19.166 17.491 14.108 11.564   210.9      17.6 12
                         2000 13.459 15.258 19.75  20.983 21.903 19.9   19.871 19.483 19.425 18.354 15.833 12.822   217.0      18.1 12
                         2001 13.112 15.696 16.467 21.55  21.161 20.2   19.306 19.161 18.266 16.096 14.283 13.709   209.0      17.4 12
                         2002 13.096 14.66  18.967 20.166 20.967 21.633 20.403 21.532 16.533 16.225 15.133 12.838   212.2      17.7 12
                         2003 12.08  13.232 13.774 19.775 21.314 21.95  20.741 21.822 22.133 18.371 15.85  12.016   213.1      17.8 12
                         2004 13.645 14.603 17.096 18.25  20.919 21.933 20.612 20.048 22.816 20.838 16.708 11.854   219.3      18.3 12
                         2005 13.322 15.285 20.016 19.55  20.548 21.683 21.306 20.209 19.033 18.371 15.9   13.516   218.7      18.2 12
                         2006 10.354 13.75  19.225 19.85  20.661 19.066 20.451 20.419 19.283 17.58  15.683 12.209   208.5      17.4 12
                         2007 12.403 14.142 19.161 21.966 22.306 21     21.064 20.612 19.383 19.338 16.6   13.774   221.8      18.5 12
                         2008 14.838 16.103 19.596 19.7   21.983 20.7   20.338 20.258 19.333 18.887 15.933 13.467   221.1      18.4 12
                         2009 13.306 6.5714 18.629 20.016 21.193 20.683 20.725 20.693 19.266 18.806 16.15  15.483   211.5      17.6 12
                         2010 11.177 14.267 18.129 19.733 20.806 19.633 19.967 19.838 18.916 17.854 15.983 14.483   210.8      17.6 12
                         2011 12.58  17.482 20.903 19.966 20.838 20.133 20.806 21.096 21.066 20.435 15.133 10.419   220.9      18.4 12
                         2012 11.887 12.189 16.79  16.933 20.193 20.866 17.758 18.9   18.45  17.58  17.066 14.306   202.9      16.9 12
                         2013        15     17.741 17.366 21.322 21.55  20.177 21.032 20.316 19.645 15.85  13.887   203.9      18.5 11
                         2014 10.669 15.267 15.346 18.116 18.08  18.325 17.266 17.072 16.9   16.282 13.391 14.532   191.3      15.9 12
                         2015 12.577 16.785 13.33  17.058 18.741 17.65  16.983 16.822 16.808 15.741 15.225 12.314   190.0      15.8 12
                         2016 10.701 13.965 13.951 17.475 20.209 18.258 16.991 16.645 16.591 15.822 13.016 13.282   186.9      15.6 12
                         2017 12.741 17.446 15.975 17.583 20.25  20.291 17.645 17.516 16.2   15.435 13.483 11.919   196.5      16.4 12
                         2018 11.486 18.803 17.137 16.946 19.683 18.1   16.766 16.483 16.25  15.741 13.491 11.637   192.5      16.0 12
                         2019 17.838                      19.774 20.466 20.387 20.177 20.233 20.129                 139.0      19.9  7
                         2021               17.669 19.933 22.298 22.858 21.04                                       103.8      20.8  5

MINIMA                        8.0161 6.5714 12.701 15.008 16.733 17.65  16.282 16.483 16.2   15.435 12.9   9.0645    64.0      15.6
MAXIMA                        17.838 18.803 20.903 21.966 22.951 24.366 21.306 21.822 22.816 20.838 17.066 15.483   221.8      20.8
MEDIA                         12.791 14.639 17.033 18.967 20.695 20.595 19.356 19.425 18.773 17.697 15.3   13.285   198.9      17.5
DESV. ESTANDAR                1.906  2.1766 1.9412 1.5522 1.372  1.3492 1.4407 1.3561 1.5607 1.3789 1.1668 1.325     30.30      1.0


TEMP MINIMA EXT.
                         1979                                                         7      5      1      3         16.0       4.0  4
                         1980 2      3      3      4.5    8      11     11                   9      1      1         53.5       5.4 10
                         1981 -2     6      6      8      7      9      8      12     8      9      2      0         73.0       6.1 12
                         1982 3      3      3      9      9      14     10     11     9      7      1.5    2         81.5       6.8 12
                         1983 -3     -1     1      2      5      9      11     11     11     5      1      0         52.0       4.3 12
                         1984 -1     1      2      4      6      9      10     10     10     7      2      2         62.0       5.2 12
                         1985 -2     2      5      6      7      9      10     10     9      5      2      3         66.0       5.5 12
                         1986 1      -1     4      7      8      8      3.5    7      5      8      4      -1.5      53.0       4.4 12
                         1987 -3     0.5    1      5      5      8      10     12     10     3      1.5    0.5       53.5       4.5 12
                         1988 -4     2      3      5      9      10     12     11.5   6      6      3.5    2.5       66.5       5.5 12
                         1989 3      -1.5   -0.5   7      8      11     12     10.5          5.5    5      2         62.0       5.6 11
                         1990 2.5    1.5    3      5.5    11     12     12     11     11.5   4      1      -3        72.0       6.0 12
                         1991 -1     1      2      3.5    7      7      9      7      7      3      1      1         47.5       4.0 12
                         1992 1      0      1.5    2      6      10     9      11     10     5      -1     2         56.5       4.7 12
                         1993 1      0      0      1      5      10     9      8      8      5      1      -1        47.0       3.9 12
                         1994 8      8      8      7      8      8      10     9      7      7      1      -3        78.0       6.5 12
                         1995 -3     1      3      7      8      11     11     11     11     3      3      2         68.0       5.7 12
                         1996 0      0      3      5      8      11     10     10     10     8      2      6         73.0       6.1 12
                         1997 6      5      3      3      7      10     12     11     10     2      2      -6        65.0       5.4 12
                         1998 -2     0      0      6      9.5    11     10     10.5   11     5      3      0.5       64.5       5.4 12
                         1999 -3     4      5      6      8      11.5   8.5    10     7      3      1.5    -3        58.5       4.9 12
                         2000 -2     -2     8.5    9      10     10.5   9.5    9.5    9      7      0      -2        67.0       5.6 12
                         2001 -3     3      3      8      9      9      10     10     8      3      -1     -3        56.0       4.7 12
                         2002 -2     3      5      9      9      11     10     13     5      5      0      0         68.0       5.7 12
                         2003 -6     0      0      8      7      10     10     9      9      7      2      -5        51.0       4.3 12
                         2004 0      0      5      4      7      9      10     10     11     10     6.5    -2        70.5       5.9 12
                         2005 -1     3      6      5      7      7      10     10     8      3      3      -8        53.0       4.4 12
                         2006 -9     -9     5      5      5      2      4      7      3      2      1      -9         7.0       0.6 12
                         2007 -3     -1     5      10     10     5      9      8      8      7      4      -1        61.0       5.1 12
                         2008 2      2      5      5      9      3      5      5      5      5      2      -2        46.0       3.8 12
                         2009 -4     0      5      5      6      8      7      7      3      4      3      -4        40.0       3.3 12
                         2010 -3     -2     3      5      4      6      5      5      3      3      1      -9        21.0       1.8 12
                         2011 -9     -6     5      5      6      6      5      6      6      6      -9     -9        12.0       1.0 12
                         2012 -8     -9     6      5      6      7      6      7      5      5      5      1         36.0       3.0 12
                         2013        1      2      5      9      9      5      9      7      7      2      2         58.0       5.3 11
                         2014 2      5      1      4      6      10     9      9      9      7      0      2         64.0       5.3 12
                         2015 3      4      2      7      8      9      8      8      8      7      6      2         72.0       6.0 12
                         2016 1      3      -2     6      9      9      9      9      9      5      3      2         63.0       5.3 12
                         2017 2      2      4      5      8      10     10     10     8      2      3      -6        58.0       4.8 12
                         2018 2      4      4      5      9      10     8      9      9      7      2      -2        67.0       5.6 12
                         2019 5      7             7      8      8      8      1      8      8                       60.0       6.7  9
                         2021               2.5    5      8      13     12.5                                         41.0       8.2  5

MINIMA                        -9     -9     -2     1      4      2      3.5    1      3      2      -9     -9         7.0       0.6
MAXIMA                        8      8      8.5    10     11     14     12.5   13     11.5   10     6.5    6         81.5       8.2
MEDIA                         -0.756 1.0625 3.275  5.6219 7.5487 9.0487 8.9756 9.1025 7.9102 5.4756 1.8125 -1.075    55.7       4.9
DESV. ESTANDAR                3.7694 3.5431 2.27   1.9741 1.5961 2.379  2.2911 2.3203 2.288  2.0855 2.4276 3.6856    17.06      1.4


TEMP MINIMA PROM
                         1979                                                         10.883 9.2903 5.2    6.6129    32.0       8.0  4
                         1980 4.4193 5.8448 8.3387 9.5166 12.806 14.133 14.322               10.806 6.6    6.2258    93.0       9.3 10
                         1981 4.0967 8.0535 9.2903 11.033 12.032 12.833 10.709 13.758 12.266 12.096 6.9833 5.1935   118.3       9.9 12
                         1982 5.0645 5.0535 8.129  11.45  12.629 16.016 12.967 13.338 12.1   10.661 6.2333 5.1451   118.8       9.9 12
                         1983 4.129  2.7857 4.4516 6.3666 10.774 12.466 13.048 13.064 12.733 10.032 6.2333 4.2258   100.3       8.4 12
                         1984 4.0645 3.5517 6.6935 8.4    9.9354 11.966 11.967 12.209 11.9   9.5806 4.8333 4.2258    99.3       8.3 12
                         1985 2.7258 4.5714 7.3548 8.7333 11.709 12.5   11.709 11.548 11.1   9.9677 5.8    5.2741   103.0       8.6 12
                         1986 3.4677 4.7142 6.5322 9.5    9.1612 12.65  8.3871 9.2419 8      9.6129 8.7    4.3709    94.3       7.9 12
                         1987 2.1451 3.6785 7.3548 8.9666 8.0322 11.45  12.838 14.322 14.4   6      4.8666 4.2903    98.3       8.2 12
                         1988 2.0483 5.8965 7.5483 10.066 12.322 13.8   14.064 14.129 12.633 9.5967 7.2666 5.258    114.6       9.6 12
                         1989 6.0806 5.9821 6.2258 9.6    11.758 14.133 13.806 13.645        9.758  8.2    5.5161   104.7       9.5 11
                         1990 6.8709 6.5357 8.2258 10.383 14.177 14.533 13.58  13.016 13.083 8.4516 5.9166 3.1774   118.0       9.8 12
                         1991 4.258  5.2321 6.0322 7.8833 10.129 11.2   12.564 12.741 10.6   8.0322 6.5333 6.4193   101.6       8.5 12
                         1992 5.0967 4.3448 6.6774 7.8666 9.9354 12.433 12.354 13.225 12.366 8.8709 3.8333 4.3225   101.3       8.4 12
                         1993 4.4193 4.5357 4.3225 7.5666 8.8709 13.366 12.774 12.129 11.5   9.7741 4.8666 2.9354    97.1       8.1 12
                         1994 9.8387 9.9107 9.5161 10.016 9.3709 13.233 12.58  11.935 11.166 10.709 6.4666 4.5483   119.3       9.9 12
                         1995 1.3548 5      6.758  10.766 12.741 14.033 13.483 13.741 12.6   11.032 8.2333 5.4516   115.2       9.6 12
                         1996 2.6451 4.4137 7.2903 8.9833 12.096 13.05  13     12.774 12.233 10.645 7.6833 7.4193   112.2       9.4 12
                         1997 8.0483 6.9821 7.5483 7.0666 9.8064 13.066 13.387 12.612 12.966 9.5806 7.6    1.9354   110.6       9.2 12
                         1998 1.2903 2.4642 4.4838 7.8833 12.354 14.1   12.548 12.629 12.916 10.919 6.7666 4.0322   102.4       8.5 12
                         1999 0.8387 6.25   6.7258 8.8666 10.483 13     11.209 12.338 11.016 8.4354 4.5666 0.9677    94.7       7.9 12
                         2000 1.9354 3.2413 10.177 10.633 11.903 12.266 11.693 11.371 11.616 10     5.8333 3.4838   104.2       8.7 12
                         2001 3.1935 5.4285 5.6451 10.433 11.29  11.266 11.258 11.838 11.166 7.2258 4.4    3.3225    96.5       8.0 12
                         2002 2.5806 5.75   9.7096 11.833 11.451 13.066 12.677 15.354 7.9333 7.4193 5.8    1.6451   105.2       8.8 12
                         2003 0.4516 3.1785 3.4516 10.583 11.048 11.366 11.677 11.806 11.9   10.193 6.4    1.0645    93.1       7.8 12
                         2004 3.4193 4.9655 6.7741 7.4333 11.193 11.166 11.774 11.871 13.8   12.677 8.9166 1.7741   105.8       8.8 12
                         2005 2.5161 4.5357 8.8387 8.7333 10.903 11.2   11.258 11.387 11.2   8.7741 7      2.6774    99.0       8.3 12
                         2006 -1.838 2.8214 8.8064 9.1666 9.8387 6.4333 9.129  9.9677 10.333 7.5483 6.1333 0.7741    79.1       6.6 12
                         2007 1.9354 4.2142 9.8709 13.233 13.161 10.9   11.774 10.709 11.2   10.483 7.2333 3.0322   107.7       9.0 12
                         2008 5.1612 7.1034 10.064 9.5    12.548 10.166 9.129  9.3548 10.233 9.0645 6.1    2.2903   100.7       8.4 12
                         2009 1.6129 5.2142 9.129  9.2    10.903 11.3   10     10     9.8    10.29  6.6    4.0645    98.1       8.2 12
                         2010 1.0322 3.0357 7.9354 8.9666 7.4838 8.5    8.5483 8.3871 9.4    8.129  6.1    0.5483    78.1       6.5 12
                         2011 -0.741 6.0714 9.8064 8.7666 9.9354 8.8666 8.8709 9.6451 9.1    8.8387 4.0333 -2        81.2       6.8 12
                         2012 1.5483 2.8275 8.8387 7.9    10.096 10.033 7.7741 10.266 8.2333 7.9354 6.5666 3.7741    85.8       7.1 12
                         2013        3.8928 8.129  8.0666 11.58  11.433 9.129  10.548 9.7333 10.032 6.0666 4.1612    92.8       8.4 11
                         2014 4.0322 6.6071 7.3548 9.9    10.677 11.966 11.451 10.871 11.266 9.7096 6.6333 4.6451   105.1       8.8 12
                         2015 5.7741 6.0357 6.629  10.233 10.871 11.833 11.129 10.629 11     9.3548 8.4666 5.6774   107.6       9.0 12
                         2016 3.4193 5      6.5161 9.7    11.903 11.4   11.032 11.709 10.8   8.9032 6.5666 5.8064   102.8       8.6 12
                         2017 5.0161 5.3214 7.8064 8.7333 11.806 12.8   11.838 11.838 11.066 8.1935 6.7666 4.5806   105.8       8.8 12
                         2018 4.1333 7.2142 8.7096 7.75   12.133 11.766 10.774 11     11.033 9.8387 6.9333 4.5645   105.9       8.8 12
                         2019 7.0322 8.4642        9.1428 9.9354 10.2   9.8387 9.5161 9.5666 9.4193                  83.1       9.2  9
                         2021               4.7096 8.5    12.677 14.683 14.596                                       55.2      11.0  5

MINIMA                        -1.838 2.4642 3.4516 6.3666 7.4838 6.4333 7.7741 8.3871 7.9333 6      3.8333 -2        32.0       6.5
MAXIMA                        9.8387 9.9107 10.177 13.233 14.177 16.016 14.596 15.354 14.4   12.677 8.9166 7.4193   119.3      11.0
MEDIA                         3.4645 5.1681 7.46   9.2518 11.084 12.111 11.625 11.807 11.201 9.4606 6.3983 3.8358    98.6       8.6
DESV. ESTANDAR                2.3422 1.6637 1.7108 1.3734 1.4219 1.7998 1.7301 1.5871 1.4972 1.3073 1.223  1.9321    16.37      0.9


