COMISIÓN NACIONAL DEL AGUA
COORDINACIÓN GENERAL DEL SERVICIO METEOROLÓGICO NACIONAL
PROYECTO DE BASES DE DATOS CLIMATOLÓGICOS
    
                         AÑO  ENE    FEB    MAR    ABR    MAY    JUN    JUL    AGO    SEP    OCT    NOV    DIC  ACUMULADO  MEDIA  MESES
00001031
EL NOVILLO, EL LLANO    
DIAS CON GRANIZO
                         1972                             0      0      0      0      0      0      0      0          0.0       0.0  8
                         1973 0      0      0      0      0      0      0      0      0      0      0      0          0.0       0.0 12
                         1974 0      0      0      0      0      0      0      0      0      0      0      0          0.0       0.0 12
                         1975 0      0      0      0      0      0      0      0      0      0      0      0          0.0       0.0 12
                         1976 0      0      0      0      0      0      0      0      0      0      0      0          0.0       0.0 12
                         1977 0      0      0      0             0      0      0      0      0      0      0          0.0       0.0 11
                         1978 0      0      0      0      0      0      0      0      0      0      0      0          0.0       0.0 12
                         1979 0      0      0      0      0      0      0      0      0      0      0      0          0.0       0.0 12
                         1980 0      0      0      0      0      0      0      0      0      0      0      0          0.0       0.0 12
                         1981 0      0      0      0      0      0      0      0      0      0      0      0          0.0       0.0 12
                         1982 0      0      0      0      0      0      0      0      0      0      0      0          0.0       0.0 12
                         1983 0      0      0      0      0      0      0      0      0      0      0      0          0.0       0.0 12
                         1984 0      0      0      0      0      0      0      0      0      0      0      0          0.0       0.0 12
                         1985 0      0      0      0      0      0      0      0      0      0      0                 0.0       0.0 11
                         1986        0      0      0      0      0      0      0      0      0      0      0          0.0       0.0 11
                         1987 0      0      0      0      0      0      0      0      0      0      0      0          0.0       0.0 12
                         1988 0      0      0      0      0      0      0      0      0      0      0      0          0.0       0.0 12
                         1989 0      0      0      0      0      0             0      0      0      0      0          0.0       0.0 11
                         1990 0      0      0      0      0      0      0      0      0      0      0      0          0.0       0.0 12
                         1991 0      0      0      0      0      0      0      0      0      0      0      0          0.0       0.0 12
                         1992 0      0      0      0      0      0      0      0      0      0      0      0          0.0       0.0 12
                         1993 0      0      0      0      0      0      0      0      0      0      0      0          0.0       0.0 12
                         1994 0      0      0      0      0      0      0      0      0      0      0      0          0.0       0.0 12
                         1995 0      0      0      0      0      0      0      0      0      0      0      0          0.0       0.0 12
                         1996 0      0      0      0      0      0      0      0      0      0      0      0          0.0       0.0 12
                         1997 0      0      0      0      0      0      0      0      0      0      0      0          0.0       0.0 12
                         1998 0      0      0      0      0      0      0      0      0      0      0      0          0.0       0.0 12
                         1999 0      0      0      0      0      0      0      0      0      0      0      0          0.0       0.0 12
                         2000 0      0      0      0      0      0      0      0      0      0      0      0          0.0       0.0 12
                         2001 0      0      0      0      0      0      0      0      0      0      0      0          0.0       0.0 12
                         2002 0      0      0      0      0      0      0      0      0      1      0      0          1.0       0.1 12
                         2003 0      0      0      0      0      0      0      0      0      0      0      0          0.0       0.0 12
                         2004 0      0      0      0      0      0      0      0      0      0      0      0          0.0       0.0 12
                         2005 0      0      0      0      0      0      0      0      0      0      0      0          0.0       0.0 12
                         2006 0      0      0      0      0      0      0      0      0      0      0      0          0.0       0.0 12
                         2007 0      0      0      0      0      0      0      0      0      0      0      0          0.0       0.0 12
                         2008 0      0      0      0      0      0      0      0      0      0      0      0          0.0       0.0 12
                         2009 0      0      0      0      0      0      0      0      0      0      0      0          0.0       0.0 12
                         2010 0      0      0      0      0      0      0      0      0      0      0      0          0.0       0.0 12
                         2011 0      0      0      0      0      0      0      0      0      0      0      0          0.0       0.0 12
                         2012 0      0      0      0      0      0      0      0      0      0      0      0          0.0       0.0 12
                         2013 0      0      0      0      0      0      0      0      0      0      0      0          0.0       0.0 12
                         2014 0      0      0      0      1      0      0      0      0      0      0      0          1.0       0.1 12
                         2015 0      0      0      0      0      0      0      0      0      0      0      0          0.0       0.0 12
                         2016 0      0      0      0      0      0      0      0      0      0      0      0          0.0       0.0 12
                         2017 0      0      0      0      0      0      0      0      0      0      0      0          0.0       0.0 12
                         2018 0      0      0      0      0      0      0      0      0      0      0      0          0.0       0.0 12
                         2019 0      0      0      0      0      0      0      0      0      0      0      0          0.0       0.0 12
                         2020 0             0      0      0      0      0      0      0      0      0      0          0.0       0.0 11
                         2021 0      0      0      0      0      0      0      0      0      0                        0.0       0.0 10

MINIMA                        0      0      0      0      0      0      0      0      0      0      0      0          0.0       0.0
MAXIMA                        0      0      0      0      1      0      0      0      0      1      0      0          1.0       0.1
MEDIA                         0      0      0      0      0.0204 0      0      0      0      0.02   0      0          0.0       0.0
DESV. ESTANDAR                0      0      0      0      0.1428 0      0      0      0      0.1414 0      0          0.20      0.0


DIAS CON NIEBLA 
                         1972                             0      0      0      0      0      0      0      0          0.0       0.0  8
                         1973 0      0      0      0      0      0      0      0      0      0      0      0          0.0       0.0 12
                         1974 0      0      0      0      0      0      0      0      0      0      0      0          0.0       0.0 12
                         1975 0      0      0      0      0      0      0      0      0      0      0      0          0.0       0.0 12
                         1976 0      0      0      0      0      0      0      0      0      0      0      0          0.0       0.0 12
                         1977 0      0      0      0             0      0      0      0      0      0      0          0.0       0.0 11
                         1978 0      0      0      1      0      0      0      0      0      0      0      0          1.0       0.1 12
                         1979 0      0      0      0      0      0      0      0      0      0      0      0          0.0       0.0 12
                         1980 0      0      0      0      0      0      0      0      0      0      0      0          0.0       0.0 12
                         1981 0      0      0      0      0      0      0      0      0      0      0      0          0.0       0.0 12
                         1982 0      0      0      0      0      0      0      0      0      0      0      0          0.0       0.0 12
                         1983 0      0      0      0      0      0      0      0      0      0      0      0          0.0       0.0 12
                         1984 0      0      0      0      0      0      0      0      0      0      0      0          0.0       0.0 12
                         1985 0      0      0      0      0      0      0      0      0      1      0                 1.0       0.1 11
                         1986        0      0      0      0      0      0      0      0      0      0      0          0.0       0.0 11
                         1987 0      1      0      0      1      1      0      0      0      0      0      0          3.0       0.3 12
                         1988 0      0      0      0      0      0      1      0      0      0      0      0          1.0       0.1 12
                         1989 0      0      0      0      0      0             0      0      0      0      0          0.0       0.0 11
                         1990 0      0      0      0      1      0      0      0      0      0      0      0          1.0       0.1 12
                         1991 0      0      0      0      0      0      0      0      0      0      0      0          0.0       0.0 12
                         1992 0      0      0      0      0      0      0      0      0      0      2      0          2.0       0.2 12
                         1993 0      0      0      0      0      0      0      0      0      0      0      0          0.0       0.0 12
                         1994 0      0      0      0      0      0      0      0      0      0      0      0          0.0       0.0 12
                         1995 0      0      0      0      0      0      0      0      0      0      0      0          0.0       0.0 12
                         1996 0      0      0      0      0      1      0      0      0      0      0      0          1.0       0.1 12
                         1997 0      0      0      0      0      0      0      0      0      0      0      0          0.0       0.0 12
                         1998 0      0      0      0      0      0      0      0      0      0      0      0          0.0       0.0 12
                         1999 0      0      0      0      0      0      0      0      0      0      0      0          0.0       0.0 12
                         2000 0      0      0      0      0      0      0      0      0      0      0      0          0.0       0.0 12
                         2001 0      0      0      0      0      0      0      0      0      0      0      0          0.0       0.0 12
                         2002 1      0      0      0      0      0      0      0      3      2      0      0          6.0       0.5 12
                         2003 0      0      0      0      0      0      0      0      1      0      0      0          1.0       0.1 12
                         2004 0      0      0      0      0      0      0      0      0      0      0      1          1.0       0.1 12
                         2005 0      0      0      0      0      0      0      0      0      0      0      0          0.0       0.0 12
                         2006 0      0      0      0      0      0      0      0      0      0      0      0          0.0       0.0 12
                         2007 1      0      0      0      0      0      0      0      0      0      0      0          1.0       0.1 12
                         2008 0      0      0      0      0      0      0      0      0      0      0      0          0.0       0.0 12
                         2009 0      0      0      0      0      0      0      0      0      0      0      0          0.0       0.0 12
                         2010 0      0      0      0      0      0      0      0      0      0      0      0          0.0       0.0 12
                         2011 0      0      0      0      0      0      0      0      0      0      0      0          0.0       0.0 12
                         2012 0      0      0      0      0      0      0      0      0      0      0      0          0.0       0.0 12
                         2013 0      0      0      0      0      0      0      1      0      1      0      1          3.0       0.3 12
                         2014 0      0      0      0      0      0      0      0      0      1      1      1          3.0       0.3 12
                         2015 0      0      0      0      0      0      0      1      0      0      0      0          1.0       0.1 12
                         2016 0      0      0      0      0      0      0      0      1      0      0      0          1.0       0.1 12
                         2017 0      0      0      0      0      0      0      0      0      1      0      0          1.0       0.1 12
                         2018 0      0      0      0      1      0      0      0      0      0      0      1          2.0       0.2 12
                         2019 0      0      0      0      0      0      0      0      0      0      0      0          0.0       0.0 12
                         2020 0             0      0      0      0      0      1      0      0      0      0          1.0       0.1 11
                         2021 0      0      0      0      0      0      0      0      0      1                        1.0       0.1 10

MINIMA                        0      0      0      0      0      0      0      0      0      0      0      0          0.0       0.0
MAXIMA                        1      1      0      1      1      1      1      1      3      2      2      1          6.0       0.5
MEDIA                         0.0416 0.0208 0      0.0204 0.0612 0.04   0.0204 0.06   0.1    0.14   0.0612 0.0833     0.6       0.1
DESV. ESTANDAR                0.2019 0.1443 0      0.1428 0.2422 0.1979 0.1428 0.2399 0.4629 0.4045 0.3167 0.2793     1.14      0.1


DIAS CON TORMEN.
                         1972                             0      0      0      0      0      0      0      0          0.0       0.0  8
                         1973 0      0      0      0      0      0      0      0      0      0      0      0          0.0       0.0 12
                         1974 0      0      0      0      0      0      0      0      0      0      0      0          0.0       0.0 12
                         1975 0      0      0      0      0      0      0      0      0      0      0      0          0.0       0.0 12
                         1976 0      0      0      0      0      0      0      0      0      0      0      0          0.0       0.0 12
                         1977 0      0      0      0             0      0      0      0      0      0      0          0.0       0.0 11
                         1978 0      0      0      0      0      0      3      3      4      0      0      0         10.0       0.8 12
                         1979 0      0      0      0      0      0      0      0      0      0      0      0          0.0       0.0 12
                         1980 0      0      0      0      0      0      0      0      0      0      0      0          0.0       0.0 12
                         1981 0      0      0      0      0      0      0      0      0      0      0      0          0.0       0.0 12
                         1982 0      0      0      0      0      0      3      0      2      2      0      0          7.0       0.6 12
                         1983 0      0      0      0      0      0      0      0      0      0      0      0          0.0       0.0 12
                         1984 0      0      0      0      0      0      0      0      0      0      0      0          0.0       0.0 12
                         1985 0      0      0      0      0      0      0      0      0      1      0                 1.0       0.1 11
                         1986        0      0      0      0      0      0      0      0      0      0      0          0.0       0.0 11
                         1987 0      2      0      0      0      1      0      0      0      0      0      0          3.0       0.3 12
                         1988 0      0      0      0      0      0      3      0      0      0      0      0          3.0       0.3 12
                         1989 0      0      0      0      0      0             0      0      0      0      0          0.0       0.0 11
                         1990 0      0      0      0      0      0      0      0      0      0      0      0          0.0       0.0 12
                         1991 0      0      0      0      0      0      0      0      0      0      0      0          0.0       0.0 12
                         1992 0      0      0      0      0      0      0      0      0      0      0      0          0.0       0.0 12
                         1993 0      0      0      0      0      0      0      0      0      0      0      0          0.0       0.0 12
                         1994 0      0      0      0      0      0      0      0      0      0      0      0          0.0       0.0 12
                         1995 0      0      0      0      0      0      0      0      0      0      0      0          0.0       0.0 12
                         1996 0      0      0      0      0      0      0      0      0      0      0      0          0.0       0.0 12
                         1997 0      0      0      0      0      0      0      0      0      0      0      0          0.0       0.0 12
                         1998 0      0      0      0      0      0      0      0      0      0      0      0          0.0       0.0 12
                         1999 0      0      0      0      0      0      0      0      0      0      0      0          0.0       0.0 12
                         2000 0      0      0      0      0      0      0      0      0      0      0      0          0.0       0.0 12
                         2001 0      0      0      0      0      0      0      0      0      0      0      0          0.0       0.0 12
                         2002 0      0      0      0      0      0      0      0      0      0      0      0          0.0       0.0 12
                         2003 0      0      0      0      0      0      0      0      0      0      0      0          0.0       0.0 12
                         2004 0      0      0      0      0      0      0      0      0      0      0      0          0.0       0.0 12
                         2005 0      0      0      0      0      0      0      0      0      0      0      0          0.0       0.0 12
                         2006 0      0      0      0      0      0      0      0      0      0      0      0          0.0       0.0 12
                         2007 1      0      0      0      0      0      0      0      0      0      0      0          1.0       0.1 12
                         2008 0      0      0      0      0      0      0      0      0      0      0      0          0.0       0.0 12
                         2009 0      0      0      0      0      0      0      0      0      0      0      0          0.0       0.0 12
                         2010 1      1      0      0      0      0      0      0      0      0      0      0          2.0       0.2 12
                         2011 0      0      0      0      0      0      0      1      1      0      0      0          2.0       0.2 12
                         2012 0      0      0      0      0      0      0      0      0      0      0      0          0.0       0.0 12
                         2013 0      0      0      0      0      0      0      0      0      0      0      0          0.0       0.0 12
                         2014 0      0      0      0      0      0      0      0      0      0      0      0          0.0       0.0 12
                         2015 0      0      1      0      0      0      0      0      0      0      0      0          1.0       0.1 12
                         2016 0      0      0      0      0      0      0      0      0      0      0      0          0.0       0.0 12
                         2017 0      0      0      0      0      0      0      0      0      0      0      0          0.0       0.0 12
                         2018 0      0      0      0      0      0      0      0      0      0      0      0          0.0       0.0 12
                         2019 0      0      0      0      0      0      0      0      0      0      0      0          0.0       0.0 12
                         2020 0             0      0      0      0      0      0      0      0      0      0          0.0       0.0 11
                         2021 0      0      0      0      0      0      0      0      0      0                        0.0       0.0 10

MINIMA                        0      0      0      0      0      0      0      0      0      0      0      0          0.0       0.0
MAXIMA                        1      2      1      0      0      1      3      3      4      2      0      0         10.0       0.8
MEDIA                         0.0416 0.0625 0.0204 0      0      0.02   0.1836 0.08   0.14   0.06   0      0          0.6       0.1
DESV. ESTANDAR                0.2019 0.3199 0.1428 0      0      0.1414 0.7266 0.4444 0.6392 0.3136 0      0          1.81      0.2


EVAPORACION MEN.
                         1972                             281.1  205.9  176.6  181.7  170.9  203.8  127.5  137.6  1,485.1     185.6  8
                         1973 133    140.8  267.5  308.3  240.6  231    177.5  144.4  164.5  143.2  147.6  137.1  2,235.5     186.3 12
                         1974 158.9  140.3  290.4  199.3  150.8  208.4         189.3                              1,337.4     191.1  7
                         1975 125    139.9  210.5  210.1  224.5  212.7  194.4  173.7  178.8  173.8  167.9  129.5  2,140.8     178.4 12
                         1976 150.9  186.1  177.5  247.3  253.2  239.7  159.3  172.5  170    159.4  125    123.7  2,164.6     180.4 12
                         1977 123.2  136.3  233.3  185.2         210.7  199.7  173.2  163.2  165.8  143.4  126.3  1,860.3     169.1 11
                         1978 113.9  130.7  204.6  246.5  262.1  170.4  218.2  170.5  145.7  131.1  118    117.2  2,028.9     169.1 12
                         1979 123.8  145.1  180.9  251.6  214.8  214.2  204.7  168.2  141.8  195.4  143.7  83.4   2,067.6     172.3 12
                         1980 125.65 139.84 243.3  227.5  235.9  228.1  225.8  149.92 150.17 165.9  128.3  87.5   2,107.9     175.7 12
                         1981 101.9  148.07 167.5  179.52 191.2  196.69 165.5  167.4  153.33 184.9  148.4  109.7  1,914.1     159.5 12
                         1982 136.82 117.6  174.5  244    221.4  233.1  187    249.4  234.9  178.6  124.8  116.32 2,218.4     184.9 12
                         1983 81.5   145.8  222.9  265.5  234.5  207.8  151.1  132.8  131    128    109.1  131.2  1,941.2     161.8 12
                         1984 132    123    230.4  235.2  245.8  206.1  134.2  111    152.9  158.5  128.5  118.4  1,976.0     164.7 12
                         1985 124.3  147.5  170.7  207.4  234    175    136.1  150.2  149.9  133.1  134           1,762.2     160.2 11
                         1986        76.4   202.1  220.4  259.4  142.7  153.7  196.9  144.4  142.3  109.7  113.7  1,761.7     160.2 11
                         1987 92.1   106.1  139.6  224.6  235.7  186.2  172.7  180.3  187.3  156.2  120.1  94.4   1,895.3     157.9 12
                         1988 122.1  152.6  199.8  210.9  224.8  204.5  186.6  126.25 115.7  146.22 161.01 150.1  2,000.6     166.7 12
                         1989 137.6  147.7  208.7  238.2  253.5  239.9         132.3  134.1  153    120.1  90.4   1,855.5     168.7 11
                         1990 107.4  112.9  183.1  160.9  224.1  205.7  154.4  123.6  112.5  115.47 131.07 132.63 1,763.8     147.0 12
                         1991 121.29 134.11 229.3  181.72 245.74 187.56 98.85  156.54 90.44  104.8  108.29 97.05  1,755.7     146.3 12
                         1992 66.76  131.83 163.61 176.82 149.39 191.03 122.52 136.22 121.7  101.08 77.77  102.18 1,540.9     128.4 12
                         1993 119.33 122.32 180.38 215.97 214.28 155.3  142    158.66 109.05 118.46 100.11 107.86 1,743.7     145.3 12
                         1994 103.87 132.66 176.54 200.37 226.05 130.7  170.58 113.62 98.21  145.47 118.05 110.37 1,726.5     143.9 12
                         1995 94.69  148    173.76 211.52 218.98 206.8  199.2  131.43 165.58 171.98 113.84 79.71  1,915.5     159.6 12
                         1996 116.83 127.27 187.3  211.28 201.57 227.15 241.83 193.4  165.3  179.5  130.95 103.58 2,086.0     173.8 12
                         1997 119.8  138.13 160.51 128.37 203.46 189.8  178.43 197.94 178.2  125.55 88.39  85.83  1,794.4     149.5 12
                         1998 122.76 152.2  195.66 229.59 240.05 219.08 197.69 185.62 168.62 99.66  70.73  103.14 1,984.8     165.4 12
                         1999 167.16 165.21 213.81 208.27 236.18 197    197.82 262.68 247.05 249.36 208.09 189.09 2,541.7     211.8 12
                         2000 173.18 190    230.14 245.41 189.76 158.92 195.29 202.94 166.88 151.15 112.64 125.47 2,141.8     178.5 12
                         2001 148.56 135.23 187.13 201.5  193.53 167.44 185.01 170.71 124.95 155.77 158.18 157.36 1,985.4     165.4 12
                         2002 153.49 139.65 209.51 213.83 207.84 179.16 141.93 163.83 146.84 150.39 81.3   94.07  1,881.8     156.8 12
                         2003 92.37  136.23 206.33 195.46 246.76 183.29 165.49 117.04 147.45 131.34 152.15 100.6  1,874.5     156.2 12
                         2004 112.57 121.35 174.38 192.34 194.25 152.33 143.12 115.4  96.4   92.1   89     111.74 1,595.0     132.9 12
                         2005 115.35 109.4  177.75 221.1  220.81 240.99 172.45 135.23 148.65 138.85 119.55 94.15  1,894.3     157.9 12
                         2006 109.75 116.85 178    214.5  206.1  205.9  186.82 137.98 91.5   78.55  77.65  62.15  1,665.8     138.8 12
                         2007 94     90.61  162.43 186.35 222.4  227.82 151.5  155.45 133.55 134.5  112.4  107.68 1,778.7     148.2 12
                         2008 112.28 142.72 181.97 207.85 236.31 202.05 135.95 158.85 91.95  98.95  89.45  90.85  1,749.2     145.8 12
                         2009 101.65 127    176.7  212.82 215.34 187.3  178.3  190.1  116.3  126.7  109.2  98.8   1,840.2     153.4 12
                         2010 92.18  94.91  106.9  153.96 235    219.7  135.6  150.69 129.1  147.8  126.7  108    1,700.5     141.7 12
                         2011 127.1  153.1  198.1  223.5  239.8  235.2  175.1  195.5  150.7  132.9  115.5  110.7  2,057.2     171.4 12
                         2012 112.5  104.4  183.2  214    245.1  240.2  173.3  129.84 112.7  150.3  112.8  114    1,892.3     157.7 12
                         2013 97.6   148.1  189.4  222.1  222    212.1  163.6  130.4  89     99.6   74.1   88.6   1,736.6     144.7 12
                         2014 92.2   127.9  172.5  213.6  207.75 175.65 121.2  148.9  128.5  134.05 96.15  96.15  1,714.6     142.9 12
                         2015 104.5  112.7  142.7  165.4  190.4  151.5  105.8  109.5  104.35 104.2  76.45  71     1,438.5     119.9 12
                         2016 96     132.45 144.95 160.8  216.76 180.03 157.32 118.66 110.73 109.05 89.73  88.9   1,605.4     133.8 12
                         2017 98     115.9  150.2  180.6  228.23 186.8  156.15 156.55 105    90.7   99.89  74     1,642.0     136.8 12
                         2018 97.49  108.91 179.69 178.9  181    185.15 145.24 147.12 113.76 101.89 72.64  80.01  1,591.8     132.7 12
                         2019 99.15  122.89 186.31 219.35 253.33 195.6  177.3  170.7  130.15 101.5  81.8   75.1   1,813.2     151.1 12
                         2020 93.78         177.17 222.79 217.66 176    158.54 113.4  104.51 137.6  94.5   80.5   1,576.5     143.3 11
                         2021 89.48  120    191.4  200.32 225.68 157.45 123.58 121    94.64  66.7                 1,390.3     139.0 10

MINIMA                        66.76  76.4   106.9  128.37 149.39 130.7  98.85  109.5  89     66.7   70.73  62.15  1,337.4     119.9
MAXIMA                        173.18 190    290.4  308.3  281.1  240.99 241.83 262.68 247.05 249.36 208.09 189.09 2,541.7     211.8
MEDIA                         115.32 132.05 189.69 209.64 222.83 196.87 166.56 157.38 138.42 138.06 115.54 106.54 1,843.4     158.2
DESV. ESTANDAR                22.593 21.386 32.341 31.033 25.917 27.651 30.143 33.488 34.662 34.77  28.593 24.326   235.63     18.3


LLUVIA MAX 24 H.
                         1972                             12     44     20     11     40.5   0      12     0        139.5      17.4  8
                         1973 12     14.5   0      0      17     18     48.5   37.5   32.4   45     10     0        234.9      19.6 12
                         1974 0      0      0      20     13     12     32.2   32     33.2   0      0      1.3      143.7      12.0 12
                         1975 13     0      0      0      16.2   8.2    37     74     5      0      0      8.5      161.9      13.5 12
                         1976 0      0      0      9      11     10     71     7      29     26     24.5   2.1      189.6      15.8 12
                         1977 1.5    0      0      2.2           39     30.5   37.4   31     21.4   0      0        163.0      14.8 11
                         1978 0      3.5    0      2.5    57     7      20     38.4   27     19.5   10     0        184.9      15.4 12
                         1979 0      14     5      0      0      66     15.7   25     14     0      0      20       159.7      13.3 12
                         1980 14     28     0      10.7   2.4    5.7    13.6   54.6   9.2    12     10.5   14       174.7      14.6 12
                         1981 28     8      3      22     10     35     15     31     20     31     0      9        212.0      17.7 12
                         1982 0      0      0      10.6   4      10     51     32.7   17     26     23.7   15.8     190.8      15.9 12
                         1983 8      0      0      0      29     53.6   60     44     25     15     5      0        239.6      20.0 12
                         1984 18     2      0      0      20     19     40     18     17     15     8.7    6        163.7      13.6 12
                         1985 3      0      0      14     4      48     30     49.5   13     45     6               212.5      19.3 11
                         1986        0      0      0      5.3    32     30     15     27     18     20     0        147.3      13.4 11
                         1987 8      15     0      8.5    30     42     30     37     22     0      0      6        198.5      16.5 12
                         1988 13     0      13     27     0      45     60     60     18     14     0      4        254.0      21.2 12
                         1989 0      4      0      0      4      24.6          83.7   24.5   0      18.5   15.8     175.1      15.9 11
                         1990 14.5   8.2    4      16.5   13     19.5   24.7   73.2   37     24     0      0        234.6      19.6 12
                         1991 0      7      0      0      0.2    46.4   34.9   20.5   38     23     15     15       200.0      16.7 12
                         1992 29.4   3      3      9.2    10     26     64.5   48.5   7.2    50.9   27.5   5        284.2      23.7 12
                         1993 15.8   0.3    0      0.7    6.5    80.2   16.5   59     17     1      14     0        211.0      17.6 12
                         1994 15     0      2.5    10.7   7      47     58.2   23.4   14.7   25.5   0      0        204.0      17.0 12
                         1995 3      2.3    0      0      12.5   5      32     24.1   14.9   0      3.1    13.6     110.5       9.2 12
                         1996 0      0      0      30.4   10.2   15     32     33     30.2   13.5   0.5    0        164.8      13.7 12
                         1997 25.3   21.7   9.5    13.8   4.5    15     14.1   16.5   19.5   58.1   3.5    0        201.5      16.8 12
                         1998 0      0      0      0      0      24.3   15.4   68.5   26     33.5   1      0        168.7      14.1 12
                         1999 0      0      0      0      13.4   24.5   32.8   14.5   23     14     0      0        122.2      10.2 12
                         2000 0      0      1.5    1.5    16     34.5   24     24     16.5   7.6    3      16       144.6      12.1 12
                         2001 5      0      13     6.5    23     29     21     22     75     11     1      10       216.5      18.0 12
                         2002 48.5   6      0      1      18     42     34     46.7   70     15     23     0        304.2      25.4 12
                         2003 1      4      0      0      6      13     62     15     43     15     0      0        159.0      13.3 12
                         2004 6      4.3    17     3      10     48     36     22     21     5      9      0        181.3      15.1 12
                         2005 0      29     4      0      10     12     23     24     21     5      6      3        137.0      11.4 12
                         2006 1.5    0.5    0      3      11     7      35     16     42     24     14     6        160.0      13.3 12
                         2007 13     6      0      0      13     36     24     4      29     4      6      0        135.0      11.3 12
                         2008 0      2.5    0      15     20     53     47     79     52.5   0      0      0        269.0      22.4 12
                         2009 0      0      5      1      22     21     13     21     37     14     9      10       153.0      12.8 12
                         2010 17     40     0      5      6      15     38     27     40     0      0      0        188.0      15.7 12
                         2011 1      0      0      6      5      25     13     16     60     23     0      0        149.0      12.4 12
                         2012 1.5    39     4      0      2.1    34     50     33     15.5   2      0.5    5.5      187.1      15.6 12
                         2013 59     0      1      0      14     25.5   31     21     53     13     9      17       243.5      20.3 12
                         2014 6.5    0      2      0      35     44     34     11     25     5.5    17     3.5      183.5      15.3 12
                         2015 2      7      49     4      29     56     37.5   8.5    38.5   34     2      11       278.5      23.2 12
                         2016 1      13     11     0      3      20     52     30.5   39     13     21     0        203.5      17.0 12
                         2017 0      2      6      0      2      12     25.5   32     80     18     0      8        185.5      15.5 12
                         2018 17.5   23.5   0      27     6      40     19     43     58     31     34     0        299.0      24.9 12
                         2019 10            0             0             28     36            15            24.5     113.5      16.2  7
                         2020 16            4             22.5   20     47     22.5          0.3    0      10       142.3      15.8  9
                         2021 8      0      0      0      5      32     19     32     41     17                     154.0      15.4 10

MINIMA                        0      0      0      0      0      5      13     4      5      0      0      0        110.5       9.2
MAXIMA                        59     40     49     30.4   57     80.2   71     83.7   80     58.1   34     24.5     304.2      25.4
MEDIA                         9.0833 6.5595 3.2142 5.9744 12.057 29.408 33.522 33.104 31.027 16.076 7.6666 5.4291   188.7      16.2
DESV. ESTANDAR                12.458 10.362 7.7922 8.3464 10.879 17.232 15.245 19.443 17.258 14.242 9.0087 6.6532    47.06      3.7


LLUVIA TOTAL MEN
                         1972                             12     98.5   106.5  30.5   87.5   0      14.5   0        349.5      43.7  8
                         1973 23     15.5   0      0      53     103.7  178.5  108.9  90.9   61.7   14.5   0        649.7      54.1 12
                         1974 0      0      0      41.1   23.9   19     139.1  75.2   95.7   0      0      1.3      395.3      32.9 12
                         1975 13     0      0      0      28.2   29.5   93.6   277.9  5      0      0      8.5      455.7      38.0 12
                         1976 0      0      0      11     21     27     296    30     120    72.4   43.5   6.1      627.0      52.3 12
                         1977 1.5    0      0      2.2           72.4   130.9  138.9  70.3   46.9   0      0        463.1      42.1 11
                         1978 0      10     0      2.5    60     23.6   91.3   156.9  113.3  33.8   14     0        505.4      42.1 12
                         1979 0      22.9   5      0      0      112    94.8   152.9  56.5   0      0      44.5     488.6      40.7 12
                         1980 38     35     0      10.7   5.3    5.7    42.8   247.1  11.4   53     21.5   31       501.5      41.8 12
                         1981 70     8      3      38.7   26.7   91.8   62.2   86.3   36     66     0      12       500.7      41.7 12
                         1982 0      0      0      14.4   11.1   10     112.5  53.8   38     46.5   48.2   40       374.5      31.2 12
                         1983 25     0      0      0      50.5   126.6  158    84     81     32     9.5    0        566.6      47.2 12
                         1984 32     3      0      0      20     49     166.6  80.8   34.5   33     8.7    16       443.6      37.0 12
                         1985 3      0      0      26     17     222.2  88.1   135    26     49     6               572.3      52.0 11
                         1986        0      0      0      8.5    181.2  85.6   40     87.5   47     32     0        481.8      43.8 11
                         1987 20     31.5   0      11.5   53     78     93     80.6   43     0      0      14       424.6      35.4 12
                         1988 23     0      13     61     0      110    277    128.8  69     37     0      4        722.8      60.2 12
                         1989 0      4      0      0      5.2    36.7          184.8  67.3   0      22     38.5     358.5      32.6 11
                         1990 17.5   26     5.5    19     44.9   50.8   153.6  168.9  95.6   64.7   0      0        646.5      53.9 12
                         1991 0      11     0      0      0.2    93.1   377.5  32.2   127.7  38     15     40       734.7      61.2 12
                         1992 160.6  4.5    3      12.4   29.1   38.1   199.3  77     24.2   127.1  36.5   5        716.8      59.7 12
                         1993 29.5   0.3    0      0.7    11.3   185    68.2   131.6  51.1   2      14     0        493.7      41.1 12
                         1994 15     0      2.7    18.7   22.1   138.2  88     84.1   56.4   42.2   0      0        467.4      39.0 12
                         1995 5.5    3      0      0      23.1   16     109.3  145.2  60.3   0      5.6    18.2     386.2      32.2 12
                         1996 0      0      0      30.4   14.8   19.9   64.7   80.1   90.8   44.7   0.5    0        345.9      28.8 12
                         1997 28.7   21.7   15.5   50.4   6.3    20.7   37.9   39.8   35.9   91     10.2   0        358.1      29.8 12
                         1998 0      0      0      0      0      49.4   29.5   195.4  135.7  58.9   1      0        469.9      39.2 12
                         1999 0      0      0      0      18.8   80     109.1  51.5   31.7   16     0      0        307.1      25.6 12
                         2000 0      0      1.5    1.5    57.8   141.8  106.1  59.9   25     10.1   3.5    31.5     438.7      36.6 12
                         2001 5      0      13.4   16.5   25.5   75     68.5   62.5   197.5  11     1      10.5     486.4      40.5 12
                         2002 53.8   16.5   0      1.8    33     105.9  120.3  121.9  166    56.5   26     0        701.7      58.5 12
                         2003 1      4      0      0      10     47.4   292.8  58     128.5  49.5   0      0        591.2      49.3 12
                         2004 26.8   4.4    28.5   3      23.3   288    107    65     124    10     9      0        689.0      57.4 12
                         2005 0      41     6      0      11     14     69.5   92     51     7.3    6.5    4        302.3      25.2 12
                         2006 1.5    0.5    0      4      45.5   23     100.5  126    108    74     14     7.5      504.5      42.0 12
                         2007 33     13.9   0      0      13.5   211    91.2   12     81     8      10.5   0        474.1      39.5 12
                         2008 0      2.5    0      15     23     115.5  169    369.9  137.1  0      0      0        832.0      69.3 12
                         2009 0      0      7      1      35.5   99     28.5   57.5   78     38.5   14.5   13.5     373.0      31.1 12
                         2010 36.5   102    0      5      7.5    52     139    71     95.3   0      0      0        508.3      42.4 12
                         2011 1      0      0      6      6.5    31     26     50     116.5  30.5   0      0        267.5      22.3 12
                         2012 1.5    68.5   5      0      4.1    94     154.5  97.5   50.5   2      0.5    5.5      483.6      40.3 12
                         2013 62     0      1      0      21     65.5   184.5  59.5   177    16.5   34     57       678.0      56.5 12
                         2014 13     0      3.5    0      89.5   139.5  107.5  46.5   58     15.6   24.5   5.9      503.5      42.0 12
                         2015 3      17.7   85     8.5    100    184.5  102.5  30.8   79     143    2      12.7     768.7      64.1 12
                         2016 2      23     11     0      4      52.6   140    139.5  72     18.5   61     0        523.6      43.6 12
                         2017 0      2      8.5    0      3      39.3   89.5   124    216    18     0      11       511.3      42.6 12
                         2018 18.5   37.5   0      27     25     225.5  58     89.7   230    89.3   40.1   0        840.6      70.1 12
                         2019 15.5          0             0             68.8   121.5         30.5          24.5     260.8      37.3  7
                         2020 30            5             27     50     175.8  70.5          0.3    0      11.5     370.1      41.1  9
                         2021 8      0      0      0      11.5   143    91.5   108.5  151.3  38.5                   552.3      55.2 10

MINIMA                        0      0      0      0      0      5.7    26     12     5      0      0      0        260.8      22.3
MAXIMA                        160.6  102    85     61     100    288    377.5  369.9  230    143    61     57       840.6      70.1
MEDIA                         17.029 11.274 4.553  9.3617 23.33  87.461 121.31 102.63 87.166 34.61  11.756 9.8791   509.4      43.7
DESV. ESTANDAR                27.443 19.798 12.937 14.574 22.026 66.07  71.803 67.253 52.354 33.038 15.073 14.369   142.98     11.3


TEMP MAXIMA EXT.
                         1972                             36     31     28     29     29     27     27     26       233.0      29.1  8
                         1973 26     26     30     32     34     33     27     29     30     26     27     26       346.0      28.8 12
                         1974 26     29.5   26     30     33     33     30     30     29     27            27       320.5      29.1 11
                         1975 29     27     25     29     31     32     29     28     29     28     27     27       341.0      28.4 12
                         1976 25     28     32     30     33     32     29.5   28     29     26     25     23       340.5      28.4 12
                         1977 25     26.5   31     33            31     30     30     31     30     29     30       326.5      29.7 11
                         1978 26.5   27     31     35     38     36     31     27     34     33     26     26       370.5      30.9 12
                         1979 29     26.5   31     31.5   32     34     33     30     30     30     30     26       363.0      30.3 12
                         1980 26     28     31     31.5   32     31     31     30     30     29     28     24       351.5      29.3 12
                         1981 24     27     28     30     31     32     29     30     28     28     27     24       338.0      28.2 12
                         1982 26     27     32     33     33     35     29     29     30     28     27     26       355.0      29.6 12
                         1983 23     23     27     31     34     32     27     28     28     28     26     26       333.0      27.8 12
                         1984 24     25     30     32     31     31     27     27     27     28     27     25       334.0      27.8 12
                         1985 25     26     29     31     33     31     27     28     28     28     27              313.0      28.5 11
                         1986        25     29.5   32.5   35     29     30     31     27     29     28.5   26       322.5      29.3 11
                         1987 22     21     27     31.5   31     32     31     29.5   32     29     27.5   25       338.5      28.2 12
                         1988 25     29.5   30     31     31     33     33     28     27     28     30     28       353.5      29.5 12
                         1989 28     27     28     33     34     34            31     29     29     30     24       327.0      29.7 11
                         1990 23     26            32     35     33     30     28     26     28     27     29       317.0      28.8 11
                         1991 25     27     32     33     34     34.5   27     29     29     26     25     25       346.5      28.9 12
                         1992 22     25     29     30     31     34     33     30     30     27     26     26       343.0      28.6 12
                         1993 27     38     30     32     32     35     30     38     29     30     27     27       375.0      31.3 12
                         1994 26     29     33     32     35     33     31     30     30     31     29     29       368.0      30.7 12
                         1995 27     29     33     34     35     36     31     30     31     30     29     29       374.0      31.2 12
                         1996 29     31     31     33     36     33     31     31     31     30     29     28       373.0      31.1 12
                         1997 26     30     28     32     34     36     31     31     31     29     27     26       361.0      30.1 12
                         1998 26     30     31     35     37     36     32     30     28     28     29     28       370.0      30.8 12
                         1999 27     30     32     35     35     35     32     30     32     30     26     26       370.0      30.8 12
                         2000 26.5   26     30     32     34     32     34     32     33     32     31     29       371.5      31.0 12
                         2001 26     30     32     37     36     34     34     34     30     30     28     27       378.0      31.5 12
                         2002 28     28     33     36     37     36     32     31     30     31     29     29       380.0      31.7 12
                         2003 27     30     34     36     38     35     32     30     30     29     30     26       377.0      31.4 12
                         2004 25     28     34     35     36     31     32     30     32     32     29     28       372.0      31.0 12
                         2005 28     29     33     35     35     38     33     32     31     33     30     28       385.0      32.1 12
                         2006 27     32     34     36     36     36     34     31     29     31     29     27       382.0      31.8 12
                         2007 26     31     32     33     34     36     32     31     31     31     28     28       373.0      31.1 12
                         2008 27     31     33     35     37     36     32     31     30     29     27     27       375.0      31.3 12
                         2009 27     32     30     34     36     37     33     35     29     31     27     27       378.0      31.5 12
                         2010 25     27     29     32     36     35     30     31     32     30     29     26       362.0      30.2 12
                         2011 26     29     32     34     38     35     32     32     32     29     29     25       373.0      31.1 12
                         2012 27     29     30     33     36     34     30     30     30     31     27     26       363.0      30.3 12
                         2013 30     28     31     33     34     34     31     31     29     28     28     26       363.0      30.3 12
                         2014 24     28     32     33     33     33     29     28     27     27     24     29       347.0      28.9 12
                         2015 24     28     28     30     31     31     28     30     29     27     26     24       336.0      28.0 12
                         2016 23     27     28     31     33     30     31     27     27     27     28     24       336.0      28.0 12
                         2017 26     27     29     30     34     33     28     29     27     26     28     25       342.0      28.5 12
                         2018 24     26     30     30     36     32     30     27     26     26     26     25       338.0      28.2 12
                         2019 25            30            32            29     31            29            26       202.0      28.9  7
                         2020 24            32            31     32     29     28            29     28     24       257.0      28.6  9
                         2021 27     28     30     32     33     31     27     27     26     27                     288.0      28.8 10

MINIMA                        22     21     25     29     31     29     27     27     26     26     24     23       202.0      27.8
MAXIMA                        30     38     34     37     38     38     34     38     34     33     31     30       385.0      32.1
MEDIA                         25.833 28.042 30.468 32.595 34.122 33.438 30.438 29.95  29.458 28.9   27.744 26.416   345.7      29.8
DESV. ESTANDAR                1.8111 2.6495 2.1072 1.941  2.0979 2.0454 2.0249 2.0708 1.8788 1.8322 1.5282 1.6737    36.74      1.3


TEMP MAXIMA PROM
                         1972                             30.677 26.066 24.483 25.419 25.666 25.032 23.233 22.193   202.8      25.3  8
                         1973 22.258 22.75  26.516 26.866 29.387 27.233 23.193 24.806 26.266 23.967 24.6   22.838   300.7      25.1 12
                         1974 24.419 26.607 23.677 26.966 30.322 30.866 25.419 27.064 26.683 24.774        21.741   288.5      26.2 11
                         1975 22.371 25.035 18.454 22.5   27.564 28.4   25.354 24.161 23.866 25.129 24.133 22.548   289.5      24.1 12
                         1976 21.29  23.827 27.322 27.066 28.967 29.2   24.806 24.903 25.366 23.677 21.233 20.032   297.7      24.8 12
                         1977 21.838 23.017 25.064 26.2          27.966 26.58  27.387 25.566 25.161 23.733 24.064   276.6      25.1 11
                         1978 21.129 23.5   27     32.233 32.838 32.766 27.741 25.241 28.833 26.967 22.766 22.193   323.2      26.9 12
                         1979 22.145 23.357 26.516 28.95  30.096 28.566 28.483 26.112 24.733 27.677 24.533 22.29    313.5      26.1 12
                         1980 22.225 23.344 27.5   28     29.653 28.8   28.322 26.451 26.6   25.516 22.466 20.29    309.2      25.8 12
                         1981 18.935 22.892 23.935 26.533 27.741 27.4   25.741 26.29  25.5   24.871 24.033 21.354   295.2      24.6 12
                         1982 23.419 24.214 27.193 29.933 29.129 30.933 25.806 26.741 25.6   24.225 23.9   18.516   309.6      25.8 12
                         1983 16.129 20.642 23.935 26.9   28.58  29.233 23.903 25.064 24.533 24.451 23.066 23.258   289.7      24.1 12
                         1984 19.806 21.862 25.967 28.833 27.483 27.633 22.612 23.871 22.933 24.903 23.5   22.338   291.7      24.3 12
                         1985 20.387 22.785 25.29  26     29.629 26.066 23.838 25.225 25.733 24.032 23.866          272.9      24.8 11
                         1986        20.964 24.096 29.483 30.112 25.733 25.677 28.161 25.5   26.274 23.183 21.629   280.8      25.5 11
                         1987 17.29  17.732 22.322 27.816 27.548 28.483 26.838 27.435 27.616 27.064 24.016 23.677   297.8      24.8 12
                         1988 21.177 25.396 25.096 28.066 28.483 30.566 28.758 25.096 24.166 25.129 26.633 25.903   314.5      26.2 12
                         1989 26.193 23.785 25.354 28.2   31.548 31.833        26.677 24.233 25.419 26.466 21.241   291.0      26.5 11
                         1990 21.032 21.821        28.965 31.129 29.966 26.806 24.741 23.266 24.112 23.85  23.516   279.2      25.4 11
                         1991 23.032 24.25  28.548 30.4   31.967 29.316 23.645 26.693 23.766 23.032 23.266 20.354   308.3      25.7 12
                         1992 18.548 20.482 25.709 26.233 28.548 29.966 27.935 26.161 25.5   24.129 22.766 24       300.0      25.0 12
                         1993 22.177 25     27.161 28.966 29.806 29.166 26.677 27.677 25.433 26.774 25.566 24.419   318.8      26.6 12
                         1994 23.645 26.357 28.322 29     32.161 28.433 28.725 26.903 25.7   26.612 26.733 24.871   327.5      27.3 12
                         1995 24.096 25.875 28.612 30.4   32.483 31.833 27.774 25.225 25.866 27.451 25.583 23.645   328.8      27.4 12
                         1996 24.225 26.413 27.371 29.166 32.774 29.766 29.516 27.129 26.333 26.838 24.433 24.483   328.5      27.4 12
                         1997 22.967 25.232 24.548 26.666 29.677 30.233 28.225 29.225 27.566 25.387 24.566 21.516   315.8      26.3 12
                         1998 23.451 24.482 28.29  32.033 33.903 32.433 28.354 26.741 26.033 24.096 26.333 24.483   330.6      27.6 12
                         1999 24.129 25.571 28.29  31.333 32.967 30.6   27.064 28     28.166 26.806 24.1   23       330.0      27.5 12
                         2000 24.483 24.62  27.338 29.133 28.693 28.633 30.822 29.338 30.033 28.129 27.333 24.612   333.2      27.8 12
                         2001 24.451 27.464 28     32.733 31.516 31.116 30.58  29.048 26.066 26.387 23.666 23.774   334.8      27.9 12
                         2002 23.58  24.857 29.064 32.6   33.387 30.666 27.806 28.548 27.166 27.612 23.666 23.419   332.4      27.7 12
                         2003 22.322 26.035 28.935 31.7   34.677 31.633 28     27.258 26.633 25.903 26.733 23.258   333.1      27.8 12
                         2004 21.322 24.448 29     30.1   31.806 27.4   27.838 27.645 26.966 28.258 26.366 21.612   322.8      26.9 12
                         2005 23.258 23.428 26.903 32.4   32.871 33.716 30.225 28.838 28.266 28.387 26     24       338.3      28.2 12
                         2006 24.209 27.571 30.032 33.633 32.032 31.166 29.612 26.903 26.566 25.419 24     21.161   332.3      27.7 12
                         2007 21.387 24.392 28.935 29.9   31.451 30.1   27.935 28.774 27.833 27.096 25.066 24.387   327.3      27.3 12
                         2008 23.274 26.344 27.709 32.066 32.193 30.733 27.258 26.741 24.266 25.612 23.3   22.967   322.5      26.9 12
                         2009 23.677 26.285 28.096 30.166 31.483 30.933 30.193 30.032 26.466 26.354 22.933 21.225   327.9      27.3 12
                         2010 19.354 21.857 25.225 28.666 32.532 31.966 25.871 28.129 27.433 27.354 24.366 22.58    315.3      26.3 12
                         2011 22.741 25.607 28.967 32.1   33.548 31.666 28.806 29.677 26.9   25.322 24.666 23.258   333.3      27.8 12
                         2012 22.032 21.482 27.322 29.6   31.806 29.966 26.806 26.58  25.5   27.483 23.733 22.483   314.8      26.2 12
                         2013 19.612 25.25  25.967 29.716 31.129 29.9   26.387 26.419 24.633 25.225 21.2   19.935   305.4      25.4 12
                         2014 19.677 25.821 26.967 29.733 28.58  27.533 25.387 25.322 23.766 24.451 20.6   20.387   298.2      24.9 12
                         2015 20.419 21.285 21.774 26.333 27.58  25.333 24.266 25.548 24.466 22.645 22.9   20.258   282.8      23.6 12
                         2016 19.193 22.413 23     26.833 30.58  27.533 26.032 23.645 23.5   23.645 20.533 21.806   288.7      24.1 12
                         2017 21.871 23.535 24.741 27.933 30.709 29.15  25.193 25.967 22.7   22.258 24.3   20.387   298.7      24.9 12
                         2018 20.354 22.357 26.774 27.566 29.032 25.366 25.58  25.161 23.1   22.419 20.7   19.354   287.8      24.0 12
                         2019 20.612        26.612        30.161        26.419 27            24.677        20.387   175.9      25.1  7
                         2020 19.645        27.29         28.677 28.516 25.741 25.419        26.483 24.566 20.709   227.1      25.2  9
                         2021 21.225 24.428 27.677 29.366 29.871 25.366 23.806 24.548 23.633 23.483                 253.4      25.3 10

MINIMA                        16.129 17.732 18.454 22.5   27.483 25.333 22.612 23.645 22.7   22.258 20.533 18.516   175.9      23.6
MAXIMA                        26.193 27.571 30.032 33.633 34.677 33.716 30.822 30.032 30.033 28.387 27.333 25.903   338.3      28.2
MEDIA                         21.813 23.972 26.425 29.063 30.602 29.344 26.793 26.623 25.686 25.482 24.025 22.341   302.0      26.0
DESV. ESTANDAR                2.0596 2.0358 2.2374 2.2616 1.8845 2.0624 2.0267 1.5746 1.6458 1.577  1.641  1.6676    32.72      1.3


TEMP MEDIA MENS.
                         1972                             20.741 19.566 18.371 18.419 18.366 18.338 15.483 14.29    143.6      17.9  8
                         1973 13.241 14.946 16.645 17.933 20.564 20.05  17.725 18.838 19.2   17.467 17.133 11.612   205.4      17.1 12
                         1974 16.854 14.267 15.701 19.5   20.435 22.55  19.306 19.661 19.466 17.145        13.435   198.3      18.0 11
                         1975 12.427 14.339 12.211 15.916 19.209 20.766 18.629 18.129 17.316 16.435 14.333 12.806   192.5      16.0 12
                         1976 11.741 13.155 16.967 17.65  19.322 20.941 18.314 18.032 18.6   16.564 13.616 13.193   198.1      16.5 12
                         1977 12.871 13.178 14.959 16.55         20.083 19.177 19.903 17.875 17.596 14.4   13.145   179.7      16.3 11
                         1978 11.475 14.044 16.145 19.716 22.475 22.716 19.427 18.459 20.341 17.838 14.583 13.5     210.7      17.6 12
                         1979 12.621 14.285 16.548 19.325 19.838 20.6   20.741 19.298 17.925 17.758 14.6   13.887   207.4      17.3 12
                         1980 13.016 14.103 17.153 17.791 19.519 20.54  19.951 18.129 19.35  17.806 14.45  12.854   204.7      17.1 12
                         1981 11.516 14.062 15.048 17.783 18.58  20.166 18.854 19.298 18.833 17.935 15.083 13.129   200.3      16.7 12
                         1982 13.548 14.428 16.612 20.3   20.854 22.583 18.919 19.322 18.583 16.854 14.233 11.185   207.4      17.3 12
                         1983 9.5806 10.714 13.483 16.633 19.241 20.966 18.274 18.532 18.15  17.096 14.283 13.822   190.8      15.9 12
                         1984 11.895 12.741 15.838 17.866 18.629 19.883 17.08  17.693 17.283 17.048 14.208 12.919   193.1      16.1 12
                         1985 11.879 13.25  15.927 17.316 20.395 19.333 17.58  18.403 18.383 16.79  14.883          184.1      16.7 11
                         1986        14.294 13.685 19.258 21.266 19.2   18.427 20.379 18.166 17.121 15.308 13.088   190.2      17.3 11
                         1987 10.459 11.16  13.516 18.133 18.766 18.991 20.064 20.387 20.633 17.564 14.341 13.758   197.8      16.5 12
                         1988 11.508 15.319 15.879 18.666 19.596 21     18.991 18.145 16.266 16.096 16.716 15.725   203.9      17.0 12
                         1989 16.693 13.928 14.612 17.666 20.5   21.433        19.435 17.233 15.983 15.716 11.959   185.2      16.8 11
                         1990 12.322 12.821        18.839 21.887 21.766 19.451 18.548 17.416 16.983 15.05  14.056   189.1      17.2 11
                         1991 13.258 14.133 17.354 19.791 21.701 21.35  18.387 19.121 17.783 16.145 14.65  13.08    206.8      17.2 12
                         1992 12.064 12.5   15.919 16.566 19.564 21     20.112 19.112 18.266 16.822 13.966 15.112   201.0      16.8 12
                         1993 12.975 14     15.741 18.091 19.459 21.1   19.79  19.983 18.683 18.032 16     14.241   208.1      17.3 12
                         1994 13.532 15.357 17.274 18.3   21.838 20.633 20.201 19.532 18.283 18.338 16.266 15.322   214.9      17.9 12
                         1995 13.596 15.571 16.822 18.5   21.774 22.75  20.338 19.306 18.833 17.096 15.858 13.967   214.4      17.9 12
                         1996 12.709 15     17.266 18.2   22.483 21.383 21.064 19.725 19.541 18.266 14.716 14.419   214.8      17.9 12
                         1997 12.387 14.562 15.532 16.916 19.596 21.666 20.387 20.741 19.583 17.387 15.483 11.241   205.5      17.1 12
                         1998 12.29  12.33  16.032 19.516 22.145 23.116 20.677 20.161 19.95  17.516 16.9   13.887   214.5      17.9 12
                         1999 12.5   14.58  17.064 19.866 21.193 22.141 19.564 20.112 19.608 17.701 13.891 12.169   210.4      17.5 12
                         2000 13.33  13.637 17     19.3   19.782 20.616 21.532 20.637 20.65  19.129 16.916 14.193   216.7      18.1 12
                         2001 14.08  16.535 16.322 21     21.338 21.583 21.209 20.604 18.866 17.241 13.8   14.048   216.6      18.1 12
                         2002 12.919 14.607 17.371 21.1   22.58  21.35  19.806 19.677 19.5   18.58  14.516 12.79    214.8      17.9 12
                         2003 12.951 15.285 16.467 20.316 22.887 22.216 19.854 19.209 19.4   17.096 16.166 11.951   213.8      17.8 12
                         2004 11.935 12.844 17.612 18.116 21.096 19.566 19.096 19.193 18.783 18.645 14.983 12.217   204.1      17.0 12
                         2005 13.048 14.321 15.354 19.825 20.548 22.375 20.919 19.935 19.3   18.314 14.933 12.967   211.8      17.7 12
                         2006 12.677 15.357 17.572 21.15  20.709 21.133 20.548 19.096 18.75  17.145 13.966 11.379   209.5      17.5 12
                         2007 12.467 13.392 16.919 18.183 20.322 20.666 19.419 19.596 18.9   16.79  14.566 13.274   204.5      17.0 12
                         2008 12.153 14.017 15.112 19.066 20.451 20.966 18.774 18.822 17.25  16.016 12.8   11.871   197.3      16.4 12
                         2009 12.806 14.017 16.08  17.766 20.435 21.116 20.209 20.177 18.466 17.354 12.816 11.29    202.5      16.9 12
                         2010 9.8387 11.928 13.935 17.083 20.427 21.35  18.645 19.371 18.833 15.629 12.616 10.677   190.3      15.9 12
                         2011 11.322 13.642 16.532 19.4   20.983 21.35  19.871 19.935 18.1   15.612 13.683 12.483   202.9      16.9 12
                         2012 11.741 12.758 16.008 17.566 20.145 20.033 18.306 18.258 17.183 17.274 14.433 12.225   195.9      16.3 12
                         2013 10.903 13.517 13.854 17.208 19.79  20.083 18.225 17.935 17.483 16.306 13.25  11.177   189.7      15.8 12
                         2014 10.08  14.017 15.306 17.75  18.677 19.2   17.483 17.371 16.7   15.822 11.7   11.596   185.7      15.5 12
                         2015 11.645 12.214 13.29  17.266 18.177 18.066 16.875 17.564 16.983 15.371 14.85  11.338   183.6      15.3 12
                         2016 9.3225 11.844 13.274 16.566 19.887 18.85  17.871 17.209 16.45  15.258 12.766 12.435   181.7      15.1 12
                         2017 11.274 12.625 14.693 16.633 19.548 20.016 17.564 18.209 16.133 14.532 13.766 11.306   186.3      15.5 12
                         2018 10.483 13.41  15.758 16.833 19.129 17.95  17.258 17.306 16.8   15.564 12.166 10.322   183.0      15.2 12
                         2019 11.064        15.596        19.193        18.258 18.596        16.645        11.145   110.5      15.8  7
                         2020 11.032        16.935        18.371 19.708 18.048 17.709        16.08  14     11.145   143.0      15.9  9
                         2021 10.677 12.892 16     17.933 19.354 17.95  17.129 17.177 16.766 15.629                 161.5      16.2 10

MINIMA                        9.3225 10.714 12.211 15.916 18.177 17.95  16.875 17.177 16.133 14.532 11.7   10.322   110.5      15.1
MAXIMA                        16.854 16.535 17.612 21.15  22.887 23.116 21.532 20.741 20.65  19.129 17.133 15.725   216.7      18.1
MEDIA                         12.223 13.743 15.769 18.354 20.314 20.702 19.116 19.008 18.358 16.995 14.571 12.784   195.6      16.9
DESV. ESTANDAR                1.4671 1.1853 1.3192 1.3227 1.1964 1.2593 1.2031 0.9804 1.1354 1.0023 1.2314 1.2928    20.40      0.8


TEMP MINIMA EXT.
                         1972                             8      11     9      8      8      8      4      0         56.0       7.0  8
                         1973 -1     4      2      5      10     10     9      11     10     9      5      -3        71.0       5.9 12
                         1974 5      -2     4      9      8      11     10     10     9      7             3         74.0       6.7 11
                         1975 -2     0      3      6      7      11     8      10     4      3      -3     -4        43.0       3.6 12
                         1976 -2     0      3      4      7      10     9      8      9      7      1      3         59.0       4.9 12
                         1977 1.5    1      1      3             9      10     11     4      5      1      -3        43.5       4.0 11
                         1978 -3     -3     1.5    3      8      9      8      9.5    9      1      2      0         45.0       3.8 12
                         1979 -3     3      4      6      5      10     11     10     3      2      -5     2         48.0       4.0 12
                         1980 -5     1      2      4      6      8      8      8      9      7      2      2         52.0       4.3 12
                         1981 2      2      3      6      6      10     8      10     10     8      3      2         70.0       5.8 12
                         1982 1      2      3      6      9      12     9      10     9      5      2      -1        67.0       5.6 12
                         1983 -3     -2     0      0      6      10     11     9      9      6      1      0         47.0       3.9 12
                         1984 1      1      1      3      5      7      5      9      8      6      1      2         49.0       4.1 12
                         1985 1      1      3      4      8      8      9      9      9      4      1                57.0       5.2 11
                         1986        5      -2.5   5      10     9      10     10     8.5    1.5    0      -3        53.5       4.9 11
                         1987 -3     1      1.5    4      4      8      11     11     12     5      1      2         57.5       4.8 12
                         1988 -6     -1     1.5    3      7      7      7      8      4      5      4      2         41.5       3.5 12
                         1989 4      0      -2     4      6      8             11     5      3      2      -2        39.0       3.5 11
                         1990 -1     -1            4      9      11     10     10     9      5      0      -1        55.0       5.0 11
                         1991 -3     0      1      3      7      10     11     6      8      5      -2     -2        44.0       3.7 12
                         1992 1      0      1      1      8      8      9      10     8      4      0      3         53.0       4.4 12
                         1993 -1     -2     -2     3      6      10     10     10     8      4      3      -1        48.0       4.0 12
                         1994 -1     0      3      4      7      10     9      9      7      7      1      -1        55.0       4.6 12
                         1995 -2     2      0      3      6      10     11     10     9      1      -2     1         49.0       4.1 12
                         1996 -1     0      5      3      9      11     10     10     9      8      0      1         65.0       5.4 12
                         1997 -4     0      3      2      6      11     10     11     9      3      0      -6        45.0       3.8 12
                         1998 -4     -4     -1     5      5      9      9      11     11     6      3      -3        47.0       3.9 12
                         1999 -1     -1     2      2      5      12     7      10     8.5    5      1      -2        48.5       4.0 12
                         2000 -2     -3     3      6      8      10     10     8      6      9      2      -2        55.0       4.6 12
                         2001 0      1      1      6      9      9      10     9      7      2      0      -1        53.0       4.4 12
                         2002 -3     -2     2      4      8      10     10     8      7      7      -2     -2        47.0       3.9 12
                         2003 -1     -1     -2     4      9      10     10     9      8      1      0      -3        44.0       3.7 12
                         2004 -2     -4     2      3      7      9      8      8      8      5      -2     -6        36.0       3.0 12
                         2005 0      -1     0      4      4      7      9      9      6      2      -1     -2        37.0       3.1 12
                         2006 -7     -2     2      5      6      8      10     9      8      3      -1     -6        35.0       2.9 12
                         2007 -1     0      1      3      6      8      9      8      7      -1     1      -1        40.0       3.3 12
                         2008 -3     -2     -3     2      4      9      7      8      5      3      -1     -6        23.0       1.9 12
                         2009 -2     -1     0      2      4      8      9      7      9      3      -1     -3        35.0       2.9 12
                         2010 -4     -3     -1     2      2      7      8      7      5      0      -4     -5        14.0       1.2 12
                         2011 -5     -3     0      4      5      8      9      8      6      1      -8     -1        24.0       2.0 12
                         2012 -3     1      1      1      1      7      8      8      6      4      2      -2        34.0       2.8 12
                         2013 -3     -1     -4     1      3      7      8      7      8      3      -3     0         26.0       2.2 12
                         2014 -5     -1     -2     3      5      9      7      7      8      3      -6     -4        24.0       2.0 12
                         2015 -1     -1     -1     4      4      8      3      7      1      5      4      -4        29.0       2.4 12
                         2016 -4     -4     -3     2      5      7      1      8      7      3      1      -3        20.0       1.7 12
                         2017 -3     -2     0      2      4      9      9      9      5      0      -3     -9        21.0       1.8 12
                         2018 -2     2      0      1      6      7      7      7      8      4      -2     -8        30.0       2.5 12
                         2019 -5     -1     2      0      4      8      8      8      7      5      3      -1        38.0       3.2 12
                         2020 -5            4      2      6      8      7      8      4      2      -1     -2        33.0       3.0 11
                         2021 -5     -3     0      5      4      8      8      7      7      4                       35.0       3.5 10

MINIMA                        -7     -4     -4     0      1      7      1      6      1      -1     -8     -9        14.0       1.2
MAXIMA                        5      5      5      9      10     12     11     11     12     9      5      3         74.0       7.0
MEDIA                         -1.989 -0.5   0.8958 3.4898 6.1632 9.02   8.6326 8.87   7.38   4.17   0.0833 -1.666    44.3       3.8
DESV. ESTANDAR                2.4721 2.0211 2.101  1.7809 2.0345 1.4212 1.9115 1.3279 2.1346 2.4235 2.6724 2.8608    13.89      1.3


TEMP MINIMA PROM
                         1972                             10.806 13.066 12.258 11.419 11.066 11.645 7.7333 6.3871    84.4      10.5  8
                         1973 4.2258 7.1428 6.7741 9      11.741 12.866 12.258 12.871 12.133 10.967 9.6666 0.3871   110.0       9.2 12
                         1974 9.2903 1.9285 7.7258 12.033 10.548 14.233 13.193 12.258 12.25  9.5161        5.129    108.1       9.8 11
                         1975 2.4838 3.6428 5.9677 9.3333 10.854 13.133 11.903 12.096 10.766 7.7419 4.5333 3.0645    95.5       8.0 12
                         1976 2.1935 2.4827 6.6129 8.2333 9.6774 12.683 11.822 11.161 11.833 9.4516 6      6.3548    98.5       8.2 12
                         1977 3.9032 3.3392 4.8548 6.9           12.2   11.774 12.419 10.183 10.032 5.0666 2.2258    82.9       7.5 11
                         1978 1.8225 4.5892 5.2903 7.2    12.112 12.666 11.112 11.677 11.85  8.7096 6.4    4.8064    98.2       8.2 12
                         1979 3.0967 5.2142 6.5806 9.7    9.5806 12.633 13     12.483 11.116 7.8387 4.6666 5.4838   101.4       8.4 12
                         1980 3.8064 4.862  6.8064 7.5833 9.3846 12.28  11.58  9.8064 12.1   10.096 6.4333 5.4193   100.2       8.3 12
                         1981 4.0967 5.2321 6.1612 9.0333 9.4193 12.933 11.967 12.306 12.166 11     6.1333 4.9032   105.4       8.8 12
                         1982 3.6774 4.6428 6.0322 10.666 12.58  14.233 12.032 11.903 11.566 9.4838 4.5666 3.8548   105.2       8.8 12
                         1983 3.0322 0.7857 3.0322 6.3666 9.9032 12.7   12.645 12     11.766 9.7419 5.5    4.3871    91.9       7.7 12
                         1984 3.9838 3.6206 5.7096 6.9    9.7741 12.133 11.548 11.516 11.633 9.1935 4.9166 3.5       94.4       7.9 12
                         1985 3.3709 3.7142 6.5645 8.6333 11.161 12.6   11.322 11.58  11.033 9.5483 5.9              95.4       8.7 11
                         1986        7.625  3.2741 9.0333 12.419 12.666 11.177 12.596 10.833 7.9677 7.4333 4.5483    99.6       9.1 11
                         1987 3.629  4.5892 4.7096 8.45   9.9838 9.5    13.29  13.338 13.65  8.0645 4.6666 3.8387    97.7       8.1 12
                         1988 1.8387 5.2413 6.6612 9.2666 10.709 11.433 9.2258 11.193 8.3666 7.0645 6.8    5.5483    93.3       7.8 12
                         1989 7.1935 4.0714 3.8709 7.1333 9.4516 11.033        12.193 10.233 6.5483 4.9666 2.6774    79.4       7.2 11
                         1990 3.6129 3.8214        8.7142 12.645 13.566 12.096 12.354 11.566 9.8548 6.25   4.5967    99.1       9.0 11
                         1991 3.4838 4.0178 6.1612 9.1833 11.435 13.383 13.129 11.548 11.8   9.258  6.0333 5.8064   105.2       8.8 12
                         1992 5.5806 4.5172 6.129  6.9    10.58  12.033 12.29  12.064 11.033 9.5161 5.1666 6.2258   102.0       8.5 12
                         1993 3.7741 3      4.3225 7.2166 9.1129 13.033 12.903 12.29  11.933 9.2903 6.4333 4.0645    97.4       8.1 12
                         1994 3.4193 4.3571 6.2258 7.6    11.516 12.833 11.677 12.161 10.866 10.064 5.8    5.7741   102.3       8.5 12
                         1995 3.0967 5.2678 5.0322 6.6    11.064 13.666 12.903 13.387 11.8   6.7419 6.1333 4.2903   100.0       8.3 12
                         1996 1.1935 3.5862 7.1612 7.2333 12.193 13     12.612 12.322 12.75  9.6935 5      4.3548   101.1       8.4 12
                         1997 1.8064 3.8928 6.5161 7.1666 9.5161 13.1   12.548 12.258 11.6   9.3871 6.4    0.9677    95.2       7.9 12
                         1998 1.129  0.1785 3.7741 7      10.387 13.8   13     13.58  13.866 10.935 7.4666 3.2903    98.4       8.2 12
                         1999 0.8709 3.5892 5.8387 8.4    9.4193 13.683 12.064 12.225 11.05  8.5967 3.6833 1.3387    90.8       7.6 12
                         2000 2.1774 2.6551 6.6612 9.4666 10.871 12.6   12.241 11.935 11.266 10.129 6.5    3.7741   100.3       8.4 12
                         2001 3.7096 5.6071 4.6451 9.2666 11.161 12.05  11.838 12.161 11.666 8.0967 3.9333 4.3225    98.5       8.2 12
                         2002 2.258  4.3571 5.6774 9.6    11.774 12.033 11.806 10.806 11.833 9.5483 5.3666 2.1612    97.2       8.1 12
                         2003 3.5806 4.5357 4      8.9333 11.096 12.8   11.709 11.161 12.166 8.2903 5.6    0.6451    94.5       7.9 12
                         2004 2.5483 1.2413 6.2258 6.1333 10.387 11.733 10.354 10.741 10.6   9.0322 3.6    2.8225    85.4       7.1 12
                         2005 2.8387 5.2142 3.8064 7.25   8.2258 11.033 11.612 11.032 10.333 8.2419 3.8666 1.9354    85.4       7.1 12
                         2006 1.1451 3.1428 5.1129 8.6666 9.3871 11.1   11.483 11.29  10.933 8.8709 3.9333 1.5967    86.7       7.2 12
                         2007 3.5483 2.3928 4.9032 6.4666 9.1935 11.233 10.903 10.419 9.9666 6.4838 4.0666 2.1612    81.7       6.8 12
                         2008 1.0322 1.6896 2.5161 6.0666 8.7096 11.2   10.29  10.903 10.233 6.4193 2.3    0.7741    72.1       6.0 12
                         2009 1.9354 1.75   4.0645 5.3666 9.3871 11.3   10.225 10.322 10.466 8.3548 2.7    1.3548    77.2       6.4 12
                         2010 0.3225 2      2.6451 5.5    8.3225 10.733 11.419 10.612 10.233 3.9032 0.8666 -1.225    65.3       5.4 12
                         2011 -0.096 1.6785 4.0967 6.7    8.4193 11.033 10.935 10.193 9.3    5.9032 2.7    1.7096    72.6       6.0 12
                         2012 1.4516 4.0344 4.6935 5.5333 8.4838 10.1   9.8064 9.9354 8.8666 7.0645 5.1333 1.9677    77.1       6.4 12
                         2013 2.1935 1.7857 1.7419 4.7    8.4516 10.266 10.064 9.4516 10.333 7.3871 5.3    2.4193    74.1       6.2 12
                         2014 0.4838 2.2142 3.6451 5.7666 8.7741 10.866 9.5806 9.4193 9.6333 7.1935 2.8    2.8064    73.2       6.1 12
                         2015 2.8709 3.1428 4.8064 8.2    8.7741 10.8   9.4838 9.5806 9.5    8.0967 6.8    2.4193    84.5       7.0 12
                         2016 -0.548 1.2758 3.5483 6.3    9.1935 10.166 9.7096 10.774 9.4    6.8709 5      3.0645    74.8       6.2 12
                         2017 0.6774 1.7142 4.6451 5.3333 8.3871 10.883 9.9354 10.451 9.5666 6.8064 3.2333 2.2258    73.9       6.2 12
                         2018 0.6129 4.4642 4.7419 6.1    9.2258 10.533 8.9354 9.4516 10.5   8.7096 3.6333 1.2903    78.2       6.5 12
                         2019 1.5161 3.3214 4.5806 5.5333 8.2258 11.2   10.096 10.193 9.5    8.6129 5.7666 1.9032    80.5       6.7 12
                         2020 2.4193        6.5806 6.7666 8.0645 10.9   10.354 10     9.1    5.6774 3.4333 1.5806    74.9       6.8 11
                         2021 0.129  1.3571 4.3225 6.5    8.8387 10.533 10.451 9.8064 9.9    7.7741                  69.6       7.0 10

MINIMA                        -0.548 0.1785 1.7419 4.7    8.0645 9.5    8.9354 9.4193 8.3666 3.9032 0.8666 -1.225    65.3       5.4
MAXIMA                        9.2903 7.625  7.7258 12.033 12.645 14.233 13.29  13.58  13.866 11.645 9.6666 6.3871   110.0      10.5
MEDIA                         2.6337 3.511  5.1135 7.5843 10.027 12.043 11.44  11.393 10.962 8.5083 5.1309 3.2278    90.2       7.7
DESV. ESTANDAR                1.8039 1.5963 1.3696 1.5681 1.3065 1.1827 1.1602 1.1052 1.1707 1.5537 1.6131 1.7982    11.83      1.1


