COMISIÓN NACIONAL DEL AGUA
COORDINACIÓN GENERAL DEL SERVICIO METEOROLÓGICO NACIONAL
PROYECTO DE BASES DE DATOS CLIMATOLÓGICOS
    
                         AÑO  ENE    FEB    MAR    ABR    MAY    JUN    JUL    AGO    SEP    OCT    NOV    DIC  ACUMULADO  MEDIA  MESES
00001108
ARROYO HONDO  (CYCNA), T
DIAS CON GRANIZO
                         2002               0      0      0      0      0      0      0      0      0      0          0.0       0.0 10
                         2003 0      0      0      0      0      0      0      0      0      0      0      0          0.0       0.0 12
                         2004 0      0      0      0      0      0      0      0      0      0      0      0          0.0       0.0 12
                         2005 0      0      0      0      0      0      0      0      0      0      0      0          0.0       0.0 12
                         2006        0      0      0             0      0      0      0      0      0      0          0.0       0.0 10
                         2007 0      0      0      0      0      0      0      0      0      0      0      0          0.0       0.0 12
                         2008 0      0      0      0      0      0      0      0      0      0      0      0          0.0       0.0 12
                         2009 0      0      0      0      0      0      0      0      0      0      0      0          0.0       0.0 12
                         2010 0      0      0      0      0      0      0      0      0      0      0      0          0.0       0.0 12
                         2011 0      0      0      0      0      0      0      0      0      0      0      0          0.0       0.0 12
                         2012 0      0      0      0      0      0      0      0      0      0             0          0.0       0.0 11
                         2013 0      0             0      0      0             0      0      0      0      0          0.0       0.0 10
                         2014 0      0             0      0      0      0      0      0      0      0      0          0.0       0.0 11
                         2015 0                                                                                       0.0       0.0  1

MINIMA                        0      0      0      0      0      0      0      0      0      0      0      0          0.0       0.0
MAXIMA                        0      0      0      0      0      0      0      0      0      0      0      0          0.0       0.0
MEDIA                         0      0      0      0      0      0      0      0      0      0      0      0          0.0       0.0
DESV. ESTANDAR                0      0      0      0      0      0      0      0      0      0      0      0          0.00      0.0


DIAS CON NIEBLA 
                         2002               0      0      0      0      0      0      0      0      0      0          0.0       0.0 10
                         2003 0      0      0      0      0      0      0      0      0      0      0      0          0.0       0.0 12
                         2004 0      0      0      0      0      0      0      0      0      0      0      0          0.0       0.0 12
                         2005 0      0      0      0      0      0      0      0      0      0      0      0          0.0       0.0 12
                         2006        0      0      0             0      0      0      0      0      0      0          0.0       0.0 10
                         2007 0      0      0      0      0      0      0      0      0      0      0      0          0.0       0.0 12
                         2008 0      0      0      0      0      0      0      0      0      0      0      0          0.0       0.0 12
                         2009 0      0      0      0      0      0      0      0      0      0      0      0          0.0       0.0 12
                         2010 0      0      0      0      0      0      0      0      0      0      0      0          0.0       0.0 12
                         2011 0      0      0      0      0      0      0      0      0      0      0      0          0.0       0.0 12
                         2012 0      0      0      0      0      0      0      0      0      0             0          0.0       0.0 11
                         2013 0      0             0      0      0             0      0      0      0      0          0.0       0.0 10
                         2014 0      0             0      0      0      0      0      0      0      0      0          0.0       0.0 11
                         2015 0                                                                                       0.0       0.0  1

MINIMA                        0      0      0      0      0      0      0      0      0      0      0      0          0.0       0.0
MAXIMA                        0      0      0      0      0      0      0      0      0      0      0      0          0.0       0.0
MEDIA                         0      0      0      0      0      0      0      0      0      0      0      0          0.0       0.0
DESV. ESTANDAR                0      0      0      0      0      0      0      0      0      0      0      0          0.00      0.0


DIAS CON TORMEN.
                         2002               0      0      0      0      0      0      0      0      0      0          0.0       0.0 10
                         2003 0      0      0      0      0      0      0      0      0      0      0      0          0.0       0.0 12
                         2004 0      0      0      0      0      0      0      0      0      0      0      0          0.0       0.0 12
                         2005 0      0      0      0      0      0      0      0      0      0      0      0          0.0       0.0 12
                         2006        0      0      0             0      0      0      0      0      0      0          0.0       0.0 10
                         2007 0      0      0      0      0      0      0      0      0      0      0      0          0.0       0.0 12
                         2008 0      0      0      0      0      0      0      0      0      0      0      0          0.0       0.0 12
                         2009 0      0      0      0      0      19     0      0      0      0      0      0         19.0       1.6 12
                         2010 0      0      0      0      0      0      0      0      0      0      0      0          0.0       0.0 12
                         2011 0      0      0      0      0      0      0      0      0      0      0      0          0.0       0.0 12
                         2012 0      0      0      0      0      0      0      0      0      0             0          0.0       0.0 11
                         2013 0      0             0      0      0             0      0      0      0      0          0.0       0.0 10
                         2014 0      0             0      0      0      0      0      0      0      0      0          0.0       0.0 11
                         2015 0                                                                                       0.0       0.0  1

MINIMA                        0      0      0      0      0      0      0      0      0      0      0      0          0.0       0.0
MAXIMA                        0      0      0      0      0      19     0      0      0      0      0      0         19.0       1.6
MEDIA                         0      0      0      0      0      1.4615 0      0      0      0      0      0          1.4       0.1
DESV. ESTANDAR                0      0      0      0      0      5.2696 0      0      0      0      0      0          5.08      0.4


EVAPORACION MEN.
                         2002               224.24 264.56 241.7  204.25 147.93 157.69 130.75 119.43 98.14  101.54 1,690.2     169.0 10
                         2003 121.58 152.45 222.45 224.98 226.34 198.39 154.45 143.68 103.03 112.39 117.1  106.37 1,883.2     156.9 12
                         2004 99.97  159.86 193.63 239.21 225.8  161.07 171.38 160    105.65 111.5  118.5  97.48  1,844.1     153.7 12
                         2005 123.05 121.3  221.11 273.46 290.77 298.85 210.24 149.46 157.74 149.46 140.74 118.69 2,254.9     187.9 12
                         2006        149.38 216.33 236.9         228.15 194.78 144.23 102.16 91.45  108.95 88.14  1,560.5     156.0 10
                         2007 101.93 140.45 197.66 220.01 249.75 202.7  144.25 155.67 125.36 116.34 91.27  93.09  1,838.5     153.2 12
                         2008 104.1  136.88 184.38 225.06 233.55 214.26 152.65 168.34 89.24  100.96 81     76.33  1,766.8     147.2 12
                         2009 107.44 115.48 166.34 199.16 221.46 190.35 204.54 198.78 113.79 108.28 104.98 88.38  1,819.0     151.6 12
                         2010 95.16  99.26  162.46 184.21 232.06 211.12 135.48 155.4  141.84 160.19 151.23 132.4  1,860.8     155.1 12
                         2011 147.68 155.64 233.82 251.55 295.42 268.56 198.26 218.35 151.48 145.78 138.81 139.29 2,344.6     195.4 12
                         2012 124.56 125.58 276.21 204.39 276.21 245.59 189.87 156.24 132.11 144.78        105.65 1,981.2     180.1 11
                         2013 102.34 140.13        234.18 255.25 224.26        147.71 102.75 102.6  88.8   85.11  1,483.1     148.3 10
                         2014 90.21  134.73        208.46 236.35 185.58 186.25 175.63 125.43 138.1  111.46 96.2   1,688.4     153.5 11
                         2015 111.72                                                                                111.7     111.7  1

MINIMA                        90.21  99.26  162.46 184.21 221.46 161.07 135.48 143.68 89.24  91.45  81     76.33    111.7     111.7
MAXIMA                        147.68 159.86 276.21 273.46 295.42 298.85 210.24 218.35 157.74 160.19 151.23 139.29 2,344.6     195.4
MEDIA                         110.81 135.92 208.96 228.16 248.72 217.93 174.17 163.93 121.64 123.17 112.58 102.2  1,723.4     158.5
DESV. ESTANDAR                15.979 17.937 32.716 25.772 25.633 36.425 26.218 22.093 20.96  21.832 22.008 18.44    519.04     20.3


LLUVIA MAX 24 H.
                         2002               0      0      11.2   94     53.5   32     23.6   35     28     0        277.3      27.7 10
                         2003 0      0      0      0      33.5   41     22.5   34.5   39     23     0      0        193.5      16.1 12
                         2004 11.5   1      9.5    0      25.5   88     18.2   51     29     17.5   0      0        251.2      20.9 12
                         2005 0      20.5   3      0      2      29     24     6      40     6      0      0        130.5      10.9 12
                         2006        0      0      0             14     23     32     31     17     17     20       154.0      15.4 10
                         2007 11     8      0      3      7      31     28     22.4   43     3      1      0        157.4      13.1 12
                         2008 0      2      0      22     8      31     31     34     13     0      0      0        141.0      11.8 12
                         2009 0      0      0      0      5      18.7   11     53     24     9      2      11       133.7      11.1 12
                         2010 11     47     0      0      0      11     52     13     32     0      0      0        166.0      13.8 12
                         2011 0      0      0      0      0      20     13     12     40     6      0      0         91.0       7.6 12
                         2012 20     18     3      0      3      28     17     20     35     3             33       180.0      16.4 11
                         2013 34     0             0      17     37            31     45     12     10     8        194.0      19.4 10
                         2014 3      0             1      10     26     28     25     22     11     23     7        156.0      14.2 11
                         2015 6                                                                                       6.0       6.0  1

MINIMA                        0      0      0      0      0      11     11     6      13     0      0      0          6.0       6.0
MAXIMA                        34     47     9.5    22     33.5   94     53.5   53     45     35     28     33       277.3      27.7
MEDIA                         8.0416 8.0416 1.409  2      10.183 36.053 26.766 28.146 32.046 10.961 6.75   6.0769   159.4      14.6
DESV. ESTANDAR                10.441 14.289 2.9395 6.069  10.416 25.854 13.548 13.971 9.4935 10.096 10.27  10.177    65.19      5.6


LLUVIA TOTAL MEN
                         2002               0      0      23.4   144.5  156.4  116.6  90.9   47.5   39     0        618.3      61.8 10
                         2003 0      0      0      0      39.8   65.3   136.5  98     75.5   29     0      0        444.1      37.0 12
                         2004 35     1      31     0      37.5   269    91.6   117    153.5  23.5   0      0        759.1      63.3 12
                         2005 0      38.5   4      0      2      38.5   89     13     78.5   13     0      0        276.5      23.0 12
                         2006        0      0      0             39     125    143    85     58     17     22       489.0      48.9 10
                         2007 21     15     0      3      10     181    93     36.2   88     8      1      0        456.2      38.0 12
                         2008 0      2      0      25     12     91     170    183    45     0      0      0        528.0      44.0 12
                         2009 0      0      0      0      9      77.9   26     102    49     22     2      15       302.9      25.2 12
                         2010 29     117    0      0      0      35     163    29     79     0      0      0        452.0      37.7 12
                         2011 0      0      0      0      0      59     37     54     82     15     0      0        247.0      20.6 12
                         2012 23     54     4      0      4      69     58     82     86     3             33       416.0      37.8 11
                         2013 35     0             0      25     95            82     183    28     25     41       514.0      51.4 10
                         2014 4      0             1      30     123    85     107    66     20     23     7        466.0      42.4 11
                         2015 6                                                                                       6.0       6.0  1

MINIMA                        0      0      0      0      0      35     26     13     45     0      0      0          6.0       6.0
MAXIMA                        35     117    31     25     39.8   269    170    183    183    58     39     41       759.1      63.3
MEDIA                         12.75  18.958 3.5454 2.2307 16.058 99.015 102.54 89.446 89.338 20.538 8.9166 9.0769   426.8      38.4
DESV. ESTANDAR                14.654 35.68  9.2451 6.8938 14.502 66.949 48.245 47.745 38.221 17.475 13.534 14.308   179.66     15.9


TEMP MAXIMA EXT.
                         2002               26.5   31     30     29     23.5   24     24.5   23.5   23     22       257.0      25.7 10
                         2003 21     24     27     30     32     27     35     24     24     23     24     20       311.0      25.9 12
                         2004 26     21     26     27     29     24     24     23     22     24     23     22       291.0      24.3 12
                         2005 21     22     25     28     28     31     28     26     23     26     23     22       303.0      25.3 12
                         2006        25     27     29            27     26     22     20     22     22     20       240.0      24.0 10
                         2007 20     27     27     27     28     27     25     26     30     33     21     22       313.0      26.1 12
                         2008 21     24     24     28     29     35     35     23     22     31     28     29       329.0      27.4 12
                         2009 22     24     26     30     34     39.5   27     27     23     26     21     22       321.5      26.8 12
                         2010 21     20     23     26     29     29     33     35     24     24     23     20       307.0      25.6 12
                         2011 20     24     27     29     33     31     25     26     25     21     23     21       305.0      25.4 12
                         2012 20     24     30     30     30     28                          28.3          24.4     214.7      26.8  8
                         2013 23.2   28            31     32.3   32.1          29.9   22     24     20     21       263.5      26.4 10
                         2014 20     24            27     28     28     25     25     23     23     21     22       266.0      24.2 11
                         2015 21                                                                                     21.0      21.0  1

MINIMA                        20     20     23     26     28     24     23.5   22     20     21     20     20        21.0      21.0
MAXIMA                        26     28     30     31     34     39.5   35     35     30     33     28     29       329.0      27.4
MEDIA                         21.35  23.916 26.227 28.692 30.191 29.815 27.863 25.908 23.541 25.292 22.666 22.107   267.3      25.3
DESV. ESTANDAR                1.7417 2.2343 1.8352 1.6525 2.1073 4.023  4.3708 3.5689 2.4444 3.5358 2.0597 2.3911    78.38      1.6


TEMP MAXIMA PROM
                         2002               23.096 25.733 25.274 23.266 20.596 21.709 20.9   21.112 17.783 17.403   216.9      21.7 10
                         2003 18.967 20.946 23.612 26.333 28.612 24.933 31.129 21.161 20.333 19.983 21.066 18.096   275.2      22.9 12
                         2004 20.758 18.103 21.225 22.133 23.887 20.5   20.612 21.322 19.333 20.548 20.5   15.741   244.7      20.4 12
                         2005 17.129 18.107 20.322 24.1   26.258 26.466 22     20.645 20.566 20.645 19.666 17.451   253.4      21.1 12
                         2006        20.785 23.322 26.333        23.166 21.258 19.387 18.8   18.935 17.933 15.483   205.4      20.5 10
                         2007 16.064 19     23.354 23.233 26.096 22.233 20.935 21.967 27.266 29.871 19.333 18.774   268.1      22.3 12
                         2008 18.419 19.586 20.871 25.766 24.935 30.5   30.322 18.645 17.433 28.967 24.266 22.29    282.0      23.5 12
                         2009 18.645 19.142 22.29  23.466 28.774 31.466 22.806 24.645 20.666 21.29  18.2   16.935   268.3      22.4 12
                         2010 15.419 15.75  19.58  22.6   24.935 25.766 29.129 31.612 20.166 16.903 17.933 15.774   255.6      21.3 12
                         2011 14.387 15.392 20.871 22.566 28.451 24.566 21.741 22.903 19.766 15.774 13.566 16.935   236.9      19.7 12
                         2012 17.193 15.137 22.129 21.633 22.129 24.095                      26.238        22.145   170.7      21.3  8
                         2013 19.787 24.471        27.596 28.858 28.15         26.025 19.266 20.096 15.166 16.064   225.5      22.5 10
                         2014 15.354 20.035        23.466 23.935 24.733 21.096 23.29  19.866 20.838 15.7   19       227.3      20.7 11
                         2015 18.225                                                                                 18.2      18.2  1

MINIMA                        14.387 15.137 19.58  21.633 22.129 20.5   20.596 18.645 17.433 15.774 13.566 15.483    18.2      18.2
MAXIMA                        20.758 24.471 23.612 27.596 28.858 31.466 31.129 31.612 27.266 29.871 24.266 22.29    282.0      23.5
MEDIA                         17.529 18.871 21.879 24.227 26.012 25.372 23.784 22.776 20.363 21.631 18.426 17.853   224.9      21.3
DESV. ESTANDAR                1.9443 2.667  1.3837 1.9048 2.2417 3.1394 4.1893 3.4644 2.3743 4.2337 2.8662 2.2355    66.76      1.4


TEMP MEDIA MENS.
                         2002               12.741 14.833 15.903 15.858 14.233 14.556 14.416 13.491 9.6416 8.0322   133.7      13.4 10
                         2003 9.0887 11.312 12.903 16.3   18.572 16.966 24.338 14.29  14.308 12.403 11.783 7.3387   169.6      14.1 12
                         2004 10.161 8.6896 12.564 13.266 15.83  14.45  13.967 14.371 13.35  13.064 10.516 7.7741   148.0      12.3 12
                         2005 8.4838 10.553 11.564 14.75  16.741 18.066 15.741 13.371 14.016 13.371 10.75  8.8548   156.3      13.0 12
                         2006        11.267 13.967 16.716        16.316 15.129 14.258 13.716 12.951 9.95   7.9516   132.2      13.2 10
                         2007 8.5483 10.232 13.854 14.166 16.951 15.833 14.209 15.58  18.033 22.306 10.3   10.032   170.0      14.2 12
                         2008 9.2419 10.12  11.225 15.8   16.532 20.116 19.806 13.806 12.816 16.435 12.55  10.983   169.4      14.1 12
                         2009 9.5161 9.75   13.096 14.25  18.548 20.433 15.774 16.225 14.4   13.935 9.5    8.8548   164.3      13.7 12
                         2010 7.2096 7.4464 10.677 13.666 16.306 17.633 19.419 20.032 14.55  9.8064 9.0833 6.629    152.5      12.7 12
                         2011 6.5645 8.0892 12.451 14.6   18.225 16.733 15.483 15.822 14.083 10.193 7.45   8.7096   148.4      12.4 12
                         2012 8.5161 8.6724 15.048 12.966 15.048 16.697                      15.796        10.217   103.0      12.9  8
                         2013 9.7645 11.86         14.348 18.138 18.158        16.883 13.9   13.08  9.7    7.9516   133.8      13.4 10
                         2014 7.3548 10.91         13.683 15.612 16.95  14.854 15.661 13.933 14.209 9.3333 10.129   142.6      13.0 11
                         2015 9.8225                                                                                  9.8       9.8  1

MINIMA                        6.5645 7.4464 10.677 12.966 15.048 14.45  13.967 13.371 12.816 9.8064 7.45   6.629      9.8       9.8
MAXIMA                        10.161 11.86  15.048 16.716 18.572 20.433 24.338 20.032 18.033 22.306 12.55  10.983   170.0      14.2
MEDIA                         8.6893 9.9088 12.736 14.565 16.867 17.247 16.632 15.405 14.293 13.926 10.046 8.7276   138.1      13.0
DESV. ESTANDAR                1.1414 1.4016 1.2757 1.1329 1.2259 1.668  3.2283 1.7985 1.2752 3.1122 1.3085 1.289     41.33      1.1


TEMP MINIMA EXT.
                         2002               -3.5   3      5      6      6      6      4      3      -6     -8        15.5       1.6 10
                         2003 -6.5   -3     -4     -1     5      5      15     6      5      -2     -6     -8         5.5       0.5 12
                         2004 -6     -4     0      -1     4      5      4      4      5      3      -7     -6         1.0       0.1 12
                         2005 -6     -2     -4     -1     4      7      7      2      4      2      -4     -3         6.0       0.5 12
                         2006        -2     2      3             6      7      7      7      2      -6     -2        24.0       2.4 10
                         2007 -2     -3     -1     2      4      6      3      7      7      9      -2     -1        29.0       2.4 12
                         2008 -4     -3     -6     2      4      8      6      6      2      -2     -6     -5         2.0       0.2 12
                         2009 -2     -5     -3     1      4      8      6      5      5      3      -2     -4        16.0       1.3 12
                         2010 -7     -6     -2     2      3      7      8      6      4      -1     -5     -6         3.0       0.3 12
                         2011 -5     -4     0      5      5      6      8      7      5      -1     -8     -3        15.0       1.3 12
                         2012 -4     -2     4      1      4      8      6      7      5      2             -6        25.0       2.3 11
                         2013 -5     -2            -4     3      1             6      5      3      -5     -5        -3.0      -0.3 10
                         2014 -5     0             0      3      8      7      7      7      6      -8     -3        22.0       2.0 11
                         2015 -2                                                                                     -2.0      -2.0  1

MINIMA                        -7     -6     -6     -4     3      1      3      2      2      -2     -8     -8        -3.0      -2.0
MAXIMA                        -2     0      4      5      5      8      15     7      7      9      -2     -1        29.0       2.4
MEDIA                         -4.541 -3     -1.59  0.923  4      6.2307 6.9166 5.8461 5      2.0769 -5.416 -4.615    11.4       0.9
DESV. ESTANDAR                1.7768 1.5954 2.9395 2.326  0.7385 1.9215 2.9374 1.4632 1.4142 3.148  1.9752 2.1809    10.87      1.2


TEMP MINIMA PROM
                         2002               2.3871 3.9333 6.5322 8.45   7.8709 7.4032 7.9333 5.8709 1.5    -1.338    50.5       5.1 10
                         2003 -0.79  1.6785 2.1935 6.2666 8.5322 9      17.548 7.4193 8.2833 4.8225 2.5    -3.419    64.0       5.3 12
                         2004 -0.435 -0.724 3.9032 4.4    7.7741 8.4    7.3225 7.4193 7.3666 5.5806 0.5333 -0.193    51.3       4.3 12
                         2005 -0.161 3      2.8064 5.4    7.2258 9.6666 9.4838 6.0967 7.4666 6.0967 1.8333 0.258     59.2       4.9 12
                         2006        1.75   4.6129 7.1           9.4666 9      9.129  8.6333 6.9677 1.9666 0.4193    59.0       5.9 10
                         2007 1.0322 1.4642 4.3548 5.1    7.8064 9.4333 7.4838 9.1935 8.8    14.741 1.2666 1.2903    72.0       6.0 12
                         2008 0.0645 0.6551 1.5806 5.8333 8.129  9.7333 9.2903 8.9677 8.2    3.9032 0.8333 -0.322    56.9       4.7 12
                         2009 0.3871 0.3571 3.9032 5.0333 8.3225 9.4    8.7419 7.8064 8.1333 6.5806 0.8    0.7741    60.2       5.0 12
                         2010 -1     -0.857 1.7741 4.7333 7.6774 9.5    9.7096 8.4516 8.9333 2.7096 0.2333 -2.516    49.3       4.1 12
                         2011 -1.258 0.7857 4.0322 6.6333 8      8.9    9.2258 8.7419 8.4    4.6129 1.3333 0.4838    59.9       5.0 12
                         2012 -0.161 2.2069 7.9677 4.3    7.9677 9.3    9.0967 8.9354 7.8666 5.3548        -1.709    61.1       5.6 11
                         2013 -0.258 -0.75         1.1    7.4193 8.1666        7.7419 8.5333 6.0645 4.2333 -0.161    42.1       4.2 10
                         2014 -0.645 1.7857        3.9    7.2903 9.1666 8.6129 8.0322 8      7.5806 2.9666 1.258     57.9       5.3 11
                         2015 1.4193                                                                                  1.4       1.4  1

MINIMA                        -1.258 -0.857 1.5806 1.1    6.5322 8.1666 7.3225 6.0967 7.3666 2.7096 0.2333 -3.419     1.4       1.4
MAXIMA                        1.4193 3      7.9677 7.1    8.5322 9.7333 17.548 9.1935 8.9333 14.741 4.2333 1.2903    72.0       6.0
MEDIA                         -0.15  0.946  3.5923 4.9025 7.7231 9.1218 9.4489 8.1029 8.1961 6.222  1.6666 -0.398    53.2       4.8
DESV. ESTANDAR                0.7916 1.2555 1.8037 1.5248 0.5454 0.5074 2.6653 0.9076 0.4745 2.868  1.1351 1.4482    16.55      1.1



TOTALES:
MINIMA                        -13    -11    -10    -6     -1     0      0      0      -3     -8     -13    -13       -23.0     -5.6
MAXIMA                        289.5  301.43 385.3  394.2  411.77 380.1  558    471.4  312.5  346.75 299.91 234.53  3,092.3    271.4
MEDIA                         17.463 19.032 24.21  27.464 31.045 35.928 37.092 34.984 30.31  23.459 17.948 16.4      300.3     26.5
DESV. ESTANDAR                33.747 38.701 55.168 61.412 63.771 57.97  57.213 52.107 43.801 38.281 33.389 30.87    501.87     43.6
