COMISIÓN NACIONAL DEL AGUA
COORDINACIÓN GENERAL DEL SERVICIO METEOROLÓGICO NACIONAL
PROYECTO DE BASES DE DATOS CLIMATOLÓGICOS
    
                         AÑO  ENE    FEB    MAR    ABR    MAY    JUN    JUL    AGO    SEP    OCT    NOV    DIC  ACUMULADO  MEDIA  MESES
00001099
JESUS TERAN (EL MUERTO),
DIAS CON GRANIZO
                         1985               0      0      0      0      0      0      0      0      0      0          0.0       0.0 10
                         1986 0      0      0      0      0      0      0      0      0      0      0      0          0.0       0.0 12
                         1987 0      0      0      0      0      0      0      0      0      0      0      0          0.0       0.0 12
                         1988 0      0      0      0      0      0      0      0      0      0      0      0          0.0       0.0 12
                         1989 0      0      0      0      0      0      0      0             0      0      0          0.0       0.0 11
                         1990 0      0      0      0      0      0      0      0      0      0      0      0          0.0       0.0 12
                         1991 0      0      0      0      0      0      0      0      0      0      0      0          0.0       0.0 12
                         1992 0      0      0      0      0      0      0      0      0      0      0      0          0.0       0.0 12
                         1993 0      0      0      0      0      0      0      0      0      0      0      0          0.0       0.0 12
                         1994 0      0      0      0      0      0      0      0      0      0      0      0          0.0       0.0 12
                         1995 0      0      0      0      0      0      0      0      0      0      0      0          0.0       0.0 12
                         1996 0      0      0      0      0      0      0      0      0      0      0      0          0.0       0.0 12
                         1997 0      0      0      0      0      0      0      0      0      0      0      0          0.0       0.0 12
                         1998 0      0      0      0      0      0      0      0      0      0      0      0          0.0       0.0 12
                         1999 0      0      0      0      0      0      0      0      0      0      0      0          0.0       0.0 12
                         2000 0      0      0      0      0      0      0      0      0      0      0      0          0.0       0.0 12
                         2001 0      0      0      0      0      0      0      0      0      0      0      0          0.0       0.0 12
                         2002 0      0      0      0      0      0      0      0      0      0      0      0          0.0       0.0 12
                         2003 0      0      0      0      0      0      0      0      0      0      0      0          0.0       0.0 12
                         2004 0      0      0      0      0      0      0      0      0      0      0      0          0.0       0.0 12
                         2005 0      0      0      0      0      0      0      0      0      0      0      0          0.0       0.0 12
                         2006 0      0      0      0      0      0      0      0      0      0      0      0          0.0       0.0 12
                         2007 0      0      0      0      0      0      2      0      0      0      0      0          2.0       0.2 12
                         2008 0      0      0      0      0      0      0      0      0      0      0      0          0.0       0.0 12
                         2009 0      0      0      0      0      0      0      0      0      0      0      0          0.0       0.0 12
                         2010 0      0      0      0      0      0      0      0      0      0      0      0          0.0       0.0 12
                         2011 0      0      0      0      0      0      0      0      0      0      0      0          0.0       0.0 12
                         2012 0      0      0      0      0      0      0      0      0      0      0      0          0.0       0.0 12
                         2013 0      0      0      0      0      0      0      0      0      0      0      0          0.0       0.0 12
                         2014 0      0      0      0      0      0      0      0      0      0      0      0          0.0       0.0 12
                         2015 0      0      0      0      0      0      0      0      0      0      0      0          0.0       0.0 12
                         2016 0      0      0      0      0      0      0      0      0      0      0      0          0.0       0.0 12
                         2017 0      0      1      0      0      0      0      0      0      0      0      0          1.0       0.1 12
                         2018 0      0      0      0      0      0      0      0      0      0      0      0          0.0       0.0 12
                         2019 0      0      0      0      0      0      0      0      0      0      0      0          0.0       0.0 12
                         2020 0             0      0      0      0      0      0      0      0      0      0          0.0       0.0 11
                         2021 0      0      0      0      0                                                           0.0       0.0  5

MINIMA                        0      0      0      0      0      0      0      0      0      0      0      0          0.0       0.0
MAXIMA                        0      0      1      0      0      0      2      0      0      0      0      0          2.0       0.2
MEDIA                         0      0      0.027  0      0      0      0.0555 0      0      0      0      0          0.1       0.0
DESV. ESTANDAR                0      0      0.1644 0      0      0      0.3333 0      0      0      0      0          0.36      0.0


DIAS CON NIEBLA 
                         1985               0      0      0      2      0      1      1      0      0      0          4.0       0.4 10
                         1986 0      0      0      0      0      0      1      0      0      0      1      0          2.0       0.2 12
                         1987 0      0      0      1      0      0      0      0      0      0      0      0          1.0       0.1 12
                         1988 0      0      0      0      0      0      0      0      0      0      0      0          0.0       0.0 12
                         1989 0      0      0      0      0      0      0      0             0      0      0          0.0       0.0 11
                         1990 0      0      0      0      0      0      0      0      0      0      0      0          0.0       0.0 12
                         1991 0      0      0      0      0      0      0      0      0      0      0      0          0.0       0.0 12
                         1992 0      0      0      0      0      0      0      0      0      0      0      0          0.0       0.0 12
                         1993 0      0      0      0      0      0      0      0      0      0      0      0          0.0       0.0 12
                         1994 0      0      0      0      0      0      0      0      0      0      0      0          0.0       0.0 12
                         1995 0      0      0      0      0      0      0      0      0      0      0      0          0.0       0.0 12
                         1996 0      0      0      0      0      0      0      0      0      0      0      0          0.0       0.0 12
                         1997 0      0      0      0      0      0      0      0      0      0      0      0          0.0       0.0 12
                         1998 0      0      0      0      0      0      0      0      0      0      0      0          0.0       0.0 12
                         1999 0      0      0      0      0      0      0      0      0      0      0      0          0.0       0.0 12
                         2000 0      0      0      0      0      0      0      0      0      0      0      0          0.0       0.0 12
                         2001 0      0      0      0      0      0      0      0      0      0      0      0          0.0       0.0 12
                         2002 0      0      0      0      0      0      0      0      0      0      0      0          0.0       0.0 12
                         2003 0      0      0      0      0      0      0      0      0      0      0      0          0.0       0.0 12
                         2004 0      0      0      0      0      0      0      0      0      0      0      0          0.0       0.0 12
                         2005 0      0      0      0      0      0      0      0      0      0      0      0          0.0       0.0 12
                         2006 0      0      0      0      0      0      0      0      0      0      0      0          0.0       0.0 12
                         2007 0      0      0      0      0      0      0      0      0      0      0      0          0.0       0.0 12
                         2008 0      0      0      0      0      0      0      0      0      0      0      0          0.0       0.0 12
                         2009 0      0      0      0      0      0      0      0      0      0      0      0          0.0       0.0 12
                         2010 0      0      0      0      0      0      0      0      0      0      0      0          0.0       0.0 12
                         2011 0      0      0      0      0      0      0      0      0      0      0      0          0.0       0.0 12
                         2012 0      0      0      0      0      0      0      0      0      1      0      0          1.0       0.1 12
                         2013 0      0      0      0      0      0      0      0      0      0      0      0          0.0       0.0 12
                         2014 0      0      0      0      0      0      0      0      0      0      0      0          0.0       0.0 12
                         2015 0      0      0      0      0      0      0      0      0      0      0      0          0.0       0.0 12
                         2016 0      0      0      0      0      0      0      1      0      0      0      0          1.0       0.1 12
                         2017 0      0      0      0      0      0      0      0      0      0      0      1          1.0       0.1 12
                         2018 0      0      0      0      0      0      0      0      0      1      0      0          1.0       0.1 12
                         2019 0      0      0      0      0      0      0      0      0      0      0      0          0.0       0.0 12
                         2020 0             0      0      0      0      0      0      0      0      0      0          0.0       0.0 11
                         2021 1      0      0      0      0                                                           1.0       0.2  5

MINIMA                        0      0      0      0      0      0      0      0      0      0      0      0          0.0       0.0
MAXIMA                        1      0      0      1      0      2      1      1      1      1      1      1          4.0       0.4
MEDIA                         0.0277 0      0      0.027  0      0.0555 0.0277 0.0555 0.0285 0.0555 0.0277 0.0277     0.3       0.0
DESV. ESTANDAR                0.1666 0      0      0.1644 0      0.3333 0.1666 0.2323 0.169  0.2323 0.1666 0.1666     0.78      0.1


DIAS CON TORMEN.
                         1985               0      0      0      0      0      0      0      0      0      0          0.0       0.0 10
                         1986 0      0      0      0      0      0      0      0      0      0      0      0          0.0       0.0 12
                         1987 0      0      0      0      0      0      0      0      0      0      0      0          0.0       0.0 12
                         1988 0      0      0      0      0      0      0      0      0      0      0      0          0.0       0.0 12
                         1989 0      0      0      0      0      0      0      0             0      0      0          0.0       0.0 11
                         1990 0      0      0      0      0      0      0      0      0      0      0      0          0.0       0.0 12
                         1991 0      0      0      0      0      0      0      0      0      0      0      0          0.0       0.0 12
                         1992 0      0      0      0      0      0      0      0      0      0      0      0          0.0       0.0 12
                         1993 0      0      0      0      0      0      0      0      0      0      0      0          0.0       0.0 12
                         1994 0      0      0      0      0      0      0      0      0      0      0      0          0.0       0.0 12
                         1995 0      0      0      0      0      0      0      0      0      0      0      0          0.0       0.0 12
                         1996 0      0      0      0      0      0      0      0      0      0      0      0          0.0       0.0 12
                         1997 0      0      0      0      0      0      0      0      0      0      0      0          0.0       0.0 12
                         1998 0      0      0      0      0      0      0      0      0      0      0      0          0.0       0.0 12
                         1999 0      0      0      0      0      0      0      0      0      0      0      0          0.0       0.0 12
                         2000 0      0      0      0      0      0      0      0      0      0      0      0          0.0       0.0 12
                         2001 0      0      0      0      0      0      0      0      0      0      0      0          0.0       0.0 12
                         2002 0      0      0      0      0      0      0      0      0      0      0      0          0.0       0.0 12
                         2003 0      0      0      0      0      0      0      0      0      0      0      0          0.0       0.0 12
                         2004 0      0      0      0      0      0      0      0      0      0      0      0          0.0       0.0 12
                         2005 0      0      0      0      0      0      0      0      0      0      0      0          0.0       0.0 12
                         2006 0      0      0      0      0      0      0      0      0      0      0      0          0.0       0.0 12
                         2007 0      0      0      0      0      0      0      0      0      0      0      0          0.0       0.0 12
                         2008 0      0      0      0      0      0      0      0      0      0      0      0          0.0       0.0 12
                         2009 0      0      0      0      0      0      0      0      0      0      0      0          0.0       0.0 12
                         2010 0      0      0      0      0      0      0      0      0      0      0      0          0.0       0.0 12
                         2011 0      0      0      0      0      0      0      0      1      0      0      0          1.0       0.1 12
                         2012 0      0      0      0      0      0      0      0      0      0      0      0          0.0       0.0 12
                         2013 0      0      0      0      0      0      0      0      0      0      0      0          0.0       0.0 12
                         2014 0      0      0      0      0      0      0      0      0      0      0      0          0.0       0.0 12
                         2015 0      0      0      0      0      0      0      0      0      0      0      0          0.0       0.0 12
                         2016 0      0      0      0      0      0      0      0      0      0      0      0          0.0       0.0 12
                         2017 0      0      0      0      0      0      0      0      0      0      0      0          0.0       0.0 12
                         2018 0      0      0      0      0      0      0      0      0      0      0      0          0.0       0.0 12
                         2019 0      0      0      0      0      0      0      0      0      0      0      0          0.0       0.0 12
                         2020 0             0      0      0      0      0      0      0      0      0      0          0.0       0.0 11
                         2021 0      0      0      0      0                                                           0.0       0.0  5

MINIMA                        0      0      0      0      0      0      0      0      0      0      0      0          0.0       0.0
MAXIMA                        0      0      0      0      0      0      0      0      1      0      0      0          1.0       0.1
MEDIA                         0      0      0      0      0      0      0      0      0.0285 0      0      0          0.0       0.0
DESV. ESTANDAR                0      0      0      0      0      0      0      0      0.169  0      0      0          0.16      0.0


EVAPORACION MEN.
                         1985                      133.34 243.1  165.7  150.84 166.89 173.52 147.74 142.51 108.46 1,432.1     159.1  9
                         1986 108.46 135.56 228.84 222.51 255.66 135.18 152.71 202.84 152.47 138.8  152.66 113.31 1,999.0     166.6 12
                         1987 134.91 125.75 156.67 185.74 265.84 218.42 188.03 145.84 180.98 182.82 137.01 125.06 2,047.1     170.6 12
                         1988 124.19 150.13 161.09 147.72 243.25 197.64 160.45 147.87               139.75 141.13 1,613.2     161.3 10
                         1989 153.84 141.18 165.95 217.7  177.03 194.4  158.99 125.17        162.71 141.32 88.04  1,726.3     156.9 11
                         1990 137.04 114.56 171.65 213.78 222.06 168.82 180.93 119.33 98.84  120.78 165.09 113.12 1,826.0     152.2 12
                         1991 112.01 137.68 194.96 230.64 263.94 201.75 110.9  176.75 108.36 121.39 115.76 77.19  1,851.3     154.3 12
                         1992 75.27  130.33 164.57 209.7  165.76 190.65 167.72 131.43 124.65 91.44  88.63  93.35  1,633.5     136.1 12
                         1993 110.98 137.33 174.18 232.68 214.75 145.68 137.22 156.79 121.22 120.22 111.98 104.18 1,767.2     147.3 12
                         1994 88.47  135.78 162.66 186.15 190.41 160.69 161.38 133.95 140.56 130.82 127.46 118.8  1,737.1     144.8 12
                         1995 182.06 192.96 209.63 208.78 203.8  229.33 261.07 173.4  201.15 152.45 184    158.91 2,357.5     196.5 12
                         1996 127.65 151.47 128.1  193.5  197.14 188.05 167.5  183.88 174.28 170.53 132.41 116.74 1,931.3     160.9 12
                         1997 97.72  162.01 145.44 184.59 185.84 202.8  133.12 197.87 177.67 160.87 164.03 152.35 1,964.3     163.7 12
                         1998 140.35 108.85 183.1  278.53 295.11 240.24 195.86 181.69 180.58 170.68 153.58 175.54 2,304.1     192.0 12
                         1999 155.18 171.97 237.17 262.29 282.46 255.95 196.78 196.2  189.77 206.66 131.29 137.37 2,423.1     201.9 12
                         2000 168.25 173.04 185.7  253.79 245.35 215.67 218.07 225.4  180.3  147.58 154.76 141.77 2,309.7     192.5 12
                         2001 150.29 150.57 200.26 211.69 193    163.49 181.8  165.99 147.66 174.07 149.24 148.45 2,036.5     169.7 12
                         2002 140.63 142.62 234.4  242.37 214.6  187.97 139.3  153.5  136.92 126    103.15 110.53 1,932.0     161.0 12
                         2003 106.82 165.33 227.8  246.71 271.57 201.42 155.5  143.73 138.25 151.84 129.33 116.12 2,054.4     171.2 12
                         2004 106.05 155.24 200.63 237.03 211.19 144.34 153.24 170.34 138.37 117.35 113.35 96.52  1,843.7     153.6 12
                         2005 122.79 118.03 203.95 241.32 269.81 250.27 181.59 131.84 150.69 148.85 142.4  115.6  2,077.1     173.1 12
                         2006 126.52 153.4  229.12 240.62 244.66 204.83 195.47 152.75 112.83 113.28 99.51  96.46  1,969.5     164.1 12
                         2007 94.55  140.1  186.68 245.71 252.19 195.23 157.66 150.39 149.24 153.15 103.1  105.17 1,933.2     161.1 12
                         2008 124.05 159.99 222.7  239.55 232.8  175.67 148.03 156.8  105.5  111.72 136.69 119.38 1,932.9     161.1 12
                         2009 114.38 140.37 196.1  253.27 237.68 200    188.72 181.35 125.12 110.29 93.86  82.92  1,924.1     160.3 12
                         2010 87.48  94.7   181    219.9  261.35 204.05 122.96 165.81 128.15 150.22 117.8  106.85 1,840.3     153.4 12
                         2011 120.13 166.17 210.7  235.77 272.34 216.52 168.45 180    146.5  136.67 111.02 111.76 2,076.0     173.0 12
                         2012 111.59 103.25 200    229.63 246.48 205.37 155.75 131.14 122.33 138.97 87.74  129.17 1,861.4     155.1 12
                         2013 137.22 143.36 192.17 239.19 236.22 201.05 146.19 147.88 113.07 108.46 72.36  81.88  1,819.1     151.6 12
                         2014 77.09  134.95 192.44 222.22 198.22 149.62 154.26 160.07 127.5  119.23 85.31  86.92  1,707.8     142.3 12
                         2015 97.3   106.87 135.01 167.45 191.35 132.42 133.31 162.68 118.75 116.52 84.23  83.85  1,529.7     127.5 12
                         2016 98.23  125.06 175.35 205.92 237.69 181.94 149.89 136.35 113.33 121.32 74.6   89.38  1,709.1     142.4 12
                         2017 115.31 128.31 176.38 233.84 245.27 204.91 140.04 145.63 102.57 100.79 98.35  79.64  1,771.0     147.6 12
                         2018 92.78  103.7  184.91 198.08 186.77 195.12 151.08 145.77 103.51 102.53 81.97  76.5   1,622.7     135.2 12
                         2019 98.6   132.82 179.17 222.9  245.35 187.73 167.09 172.15 127.09 103.38 81.1   86.7   1,804.1     150.3 12
                         2020 84.34         180.3  235.68 223.49 176.71 155.43 124.25 107.55 135.71 108.04 95.27  1,626.8     147.9 11
                         2021 104.34 156.39 213.27 246.6  220.04                                                    940.6     188.1  5

MINIMA                        75.27  94.7   128.1  133.34 165.76 132.42 110.9  119.33 98.84  91.44  72.36  76.5     940.6     127.5
MAXIMA                        182.06 192.96 237.17 278.53 295.11 255.95 261.07 225.4  201.15 206.66 184    175.54 2,423.1     201.9
MEDIA                         117.41 139.7  188.66 220.99 230.9  191.37 163.53 159.54 138.8  136.16 119.87 110.67 1,863.1     160.7
DESV. ESTANDAR                25.379 22.277 27.125 30.639 32.199 29.702 28.093 24.37  28.704 26.464 29.014 24.962   273.41     17.2


LLUVIA MAX 24 H.
                         1985               0      6.3    6      26     17     23.4   20     36     0      0        134.7      13.5 10
                         1986 0      0      0      0      15     33     65.3   15     19.5   22.2   24     0        194.0      16.2 12
                         1987 15.2   8.7    0      17.5   42     41     10     24     36     0      0      3        197.4      16.5 12
                         1988 9      0      0      50     0      20     80     80     16     13     0      0        268.0      22.3 12
                         1989 1      0      0      0      10     40     20.5   73            6      16     12       178.5      16.2 11
                         1990 10.5   8.8    7      5      15     17     10     74     40     28     0      0        215.3      17.9 12
                         1991 0.7    7.5    0      0      1      20     50.5   33.5   40     23.5   0      22       198.7      16.6 12
                         1992 35.5   2      0      4      8      5.5    36     24     11     45     22     7        200.0      16.7 12
                         1993 13.5   0      0      0      0      23     20.5   50.5   11     8.5    0      0        127.0      10.6 12
                         1994 13     0      2      14.5   6.5    26.5   17.5   14     16     22.8   0      0        132.8      11.1 12
                         1995 0      0      0      0      8.2    6.5    30.4   20.8   22.5   0      0      15       103.4       8.6 12
                         1996 0      0      0      41.5   5      38.2   25.4   25.8   64.7   16.9   0      0        217.5      18.1 12
                         1997 23.5   17     14.4   12.7   0      24.7   21     11.3   5.3    28.9   0      0        158.8      13.2 12
                         1998 0      0      0      0      0      26     9      44.5   41     51.5   1.2    0        173.2      14.4 12
                         1999 0      0      0.5    0      0.5    16.5   28.8   35.3   13     4.4    0      0         99.0       8.3 12
                         2000 0      0      0      0      19     21     24.2   27.5   10     12.5   2.2    16.6     133.0      11.1 12
                         2001 2.2    1.7    17.9   16.5   6.2    38.3   39.9   58.2   22.6   10.2   0.1    9.2      223.0      18.6 12
                         2002 48.5   5      0      1.4    13.5   48.5   23.6   28.4   35.3   12.6   23.2   0        240.0      20.0 12
                         2003 1.5    0      0      0      6.5    33     53.7   22.8   63.6   17     0      0        198.1      16.5 12
                         2004 9.3    4.2    14.2   0      12.5   32.7   28.5   38.6   21.6   40     0      0        201.6      16.8 12
                         2005 0      25.5   3.8    0      11.7   18.5   19.3   31.5   14.5   0      2.5    2.2      129.5      10.8 12
                         2006 2.5    0      0      2.2    16.5   24.5   56.8   18.8   21.8   16.5   18.3   7.4      185.3      15.4 12
                         2007 12.5   6.3    0      0      16.4   49.5   35.7   9.3    37.6   17.4   17.5   0        202.2      16.9 12
                         2008 0      2.7    0      14.5   20.8   44.5   32.4   35.4   53.5   0      0      0        203.8      17.0 12
                         2009 0      0      0      2.3    9      37.2   8.6    38.8   40     6.6    7.8    1.2      151.5      12.6 12
                         2010 16.2   41.8   0      2.7    0      17     32.8   21     36     0      0      0        167.5      14.0 12
                         2011 0      0      0      0      0      18.2   19     13.4   55     19.2   0      3.5      128.3      10.7 12
                         2012 2.8    33.8   2      0      0      22.8   27.6   21.5   14.5   12.6   1.5    5.2      144.3      12.0 12
                         2013 57     0      1.5    1.7    17.5   40     37.5   23.6   31.8   10.3   10.6   22.6     254.1      21.2 12
                         2014 2.8    0      1.8    0      41.4   28.8   44.3   23.5   20     8.7    14.7   3.5      189.5      15.8 12
                         2015 0      4.8    47.3   4      32.5   34.8   36.8   31.8   21.2   25     2.3    13.6     254.1      21.2 12
                         2016 1.5    11.4   12.5   0      5.8    32.4   31.5   30.5   12.5   1.5    21.8   0        161.4      13.5 12
                         2017 0      2.4    3.7    0      2.8    15.5   20.5   46     32     16.5   0      10.8     150.2      12.5 12
                         2018 14     26.4   0      80     15.4   49.2   22.5   33.2   25.5   34.2   27.5   1.2      329.1      27.4 12
                         2019 16.6          1             2.3           17     29            5.6           25.5      97.0      13.9  7
                         2020 16            1.5    10.3   13.2   30     33     17     22     4      0      8.2      155.2      14.1 11
                         2021 9.4    0      0      0      19.5                                                       28.9       5.8  5

MINIMA                        0      0      0      0      0      5.5    8.6    9.3    5.3    0      0      0         28.9       5.8
MAXIMA                        57     41.8   47.3   80     42     49.5   80     80     64.7   51.5   27.5   25.5     329.1      27.4
MEDIA                         9.2972 6.1764 3.5432 7.975  10.802 28.58  30.197 31.913 27.852 16.03  6.0914 5.2694   176.4      15.1
DESV. ESTANDAR                13.553 10.579 8.7441 16.663 10.696 11.42  15.933 17.251 15.433 13.353 9.1355 7.3977    56.04      4.3


LLUVIA TOTAL MEN
                         1985               0      9.5    15.8   177    52.3   84.2   29.3   73.7   0      0        441.8      44.2 10
                         1986 0      0      0      0      23.5   190.6  135.1  23     62     67.4   36     0        537.6      44.8 12
                         1987 34     24.3   0      23.5   76.8   60.1   26     53     56     0      0      5        358.7      29.9 12
                         1988 9      0      0      84     0      30     315    191    68     30     0      0        727.0      60.6 12
                         1989 1      0      0      0      10     81     79.3   176.8         6      17.2   23       394.3      35.8 11
                         1990 13.5   27.3   7      5      31.8   61     29     264    105    66.7   0      0        610.3      50.9 12
                         1991 0.7    16.5   0      0      1      91.7   369.9  62.1   183    42.8   0      54.6     822.3      68.5 12
                         1992 189.6  2      0      11     26.7   13     61.5   57.7   35     129    31     7        563.5      47.0 12
                         1993 27.5   0      0      0      0      99.5   117.2  94.3   35.1   14.5   0      0        388.1      32.3 12
                         1994 13     0      3      26     14.5   83.1   39.7   78.4   47     56.8   0      0        361.5      30.1 12
                         1995 0      0      0      0      9      6.5    148.8  178.4  118.8  0      0      41       502.5      41.9 12
                         1996 0      0      0      41.5   8.2    61.5   100.6  56.1   157    57.7   0      0        482.6      40.2 12
                         1997 25.3   17     16.6   61.2   0      61.8   64.5   53.9   5.3    63.1   0      0        368.7      30.7 12
                         1998 0      0      0      0      0      61.7   26.7   131.8  113.7  88.5   1.2    0        423.6      35.3 12
                         1999 0      0      1      0      1      70.1   138.1  75.3   53.6   6.5    0      0        345.6      28.8 12
                         2000 0      0      0      0      57.6   92.5   69.1   79.1   12.7   14.6   2.4    37.1     365.1      30.4 12
                         2001 2.2    1.7    19.9   35.1   14.3   137.2  77.3   152.8  123.9  10.2   0.1    9.2      583.9      48.7 12
                         2002 49.2   15.3   0      1.4    16     87.1   123.6  102.2  125.1  35.8   26.7   0        582.4      48.5 12
                         2003 1.8    0      0      0      20.2   87.1   231.5  86     182.5  34.1   0      0        643.2      53.6 12
                         2004 28.6   4.2    22.9   0      33.3   129.4  65.8   106.1  76.5   69.1   0      0        535.9      44.7 12
                         2005 0      38     7.6    0      14.1   18.5   83.3   143.4  47.8   0      2.5    4.4      359.6      30.0 12
                         2006 2.5    0      0      2.2    51.8   53.9   134    127.1  64     66.1   18.3   8.6      528.5      44.0 12
                         2007 25.1   15.6   0      0      30.9   234.5  153    24     97.3   23.8   17.5   0        621.7      51.8 12
                         2008 0      2.7    0      14.5   24     62.3   113.2  233.2  92.8   0      0      0        542.7      45.2 12
                         2009 0      0      0      2.3    15.6   89.2   29.1   106.6  113.4  26.3   9.8    1.2      393.5      32.8 12
                         2010 40.6   95.6   0      2.7    0      47.3   143.6  44     61     0      0      0        434.8      36.2 12
                         2011 0      0      0      0      0      33.5   35.9   54.8   93.7   27     0      3.5      248.4      20.7 12
                         2012 5.1    62.8   3.5    0      0      94.1   92.3   61.6   39.5   12.6   1.5    5.2      378.2      31.5 12
                         2013 62     0      1.5    1.7    32.3   83.7   194.4  59.4   161.4  12.5   35.2   64.9     709.0      59.1 12
                         2014 4.2    0      3.6    0      82.6   125.7  114.2  73     56.9   18.7   16.5   3.5      498.9      41.6 12
                         2015 0      13.9   75.2   4      77.5   110.9  109.2  89.1   79.9   102.5  2.3    16.2     680.7      56.7 12
                         2016 1.5    18.4   12.5   0      8.5    112.8  121.8  167    28.8   1.5    41.9   0        514.7      42.9 12
                         2017 0      4.2    6.2    0      4.3    55.3   95.4   102.6  150.5  16.5   0      16.8     451.8      37.7 12
                         2018 15.5   41.9   0      81.8   52.6   209.6  69.6   97.1   98.6   77.9   38.6   1.2      784.4      65.4 12
                         2019 30.3          1             2.3           61.7   91.3          21.6          27.5     235.7      33.7  7
                         2020 33.8          2.5    11.3   24.7   77.7   134.5  59.9   40.9   4      0      10.8     400.1      36.4 11
                         2021 9.4    0      0      0      31.4                                                       40.8       8.2  5

MINIMA                        0      0      0      0      0      6.5    26     23     5.3    0      0      0         40.8       8.2
MAXIMA                        189.6  95.6   75.2   84     82.6   234.5  369.9  264    183    129    41.9   64.9     822.3      68.5
MEDIA                         17.372 11.805 4.9729 11.63  21.954 88.311 109.89 101.11 82.823 35.486 8.5342 9.4638   482.8      41.1
DESV. ESTANDAR                33.755 20.961 13.21  22.308 23.174 52.491 74.672 56.046 47.752 33.385 13.538 16.282   159.05     12.4


TEMP MAXIMA EXT.
                         1985               35     26     33     34     28.5   28     28     30     27     25       294.5      29.5 10
                         1986 25            31     32     35     32     32     30.5   29     28     29     25       328.5      29.9 11
                         1987 24     26     28     30     31     31.5   30     30.5   28     27     29     26       341.0      28.4 12
                         1988 25     27     27     31     32     31     27.5   28     27     28     29     26       338.5      28.2 12
                         1989 26     27     27     30     35     36     31     29            32     29     22       324.0      29.5 11
                         1990 27     25     30     32     35     32     28     29     27.5   29     27     26       347.5      29.0 12
                         1991 26     27     32     33.5   35     33     27     30     28     27     25     25       348.5      29.0 12
                         1992 21     24     28     30     30     33     31.5   29.5   31     25     26     26       335.0      27.9 12
                         1993 25     28     30     31     32.5   35     30     30     29     30     28     26       354.5      29.5 12
                         1994 26     29     32     33     34     32     30     30     29     31     28     27       361.0      30.1 12
                         1995 28     27     29     30     25     28     29.5   21     20     21     23     26       307.5      25.6 12
                         1996 27     21     26     22     25     26     22     29     29     29     19.5   26       301.5      25.1 12
                         1997 26     29     28     29     23     31     26     25     29.5   27.5   27     18       319.0      26.6 12
                         1998 18     19     25     26     28     36     32.5   31.5   35     29     26     25       331.0      27.6 12
                         1999 24     26     30     34.5   34     34     34     30     27.5   27     26     26       353.0      29.4 12
                         2000 26     27     31     33     34     29     29     29     29     30     28     26       351.0      29.3 12
                         2001 24     27     29     33     31     30     30     29     29     28     26     26       342.0      28.5 12
                         2002 25     27     31     33     33     31     29     29     28     29     29     28       352.0      29.3 12
                         2003 27     27     31     32     35     32     30     29     29     29     29     25       355.0      29.6 12
                         2004 24     25     30     32     33     30     30     29     28     30     26     26       343.0      28.6 12
                         2005 27     28     30     33     32     35     30     28     25     26     26     26       346.0      28.8 12
                         2006 26     27     29     33     34     32     30     29     28     28     27     25       348.0      29.0 12
                         2007 28     25     29     30     32     32     30     29     30     29     27     26       347.0      28.9 12
                         2008 26     29     30     34     34     32     30     29     27     28     26     27       352.0      29.3 12
                         2009 28     28     30     33     35     35     32     33     28     32     26     26       366.0      30.5 12
                         2010 26     24     28     31     36     34     30     32     32     30     28     26       357.0      29.8 12
                         2011 26     31     32     34     38     35     32     33     31     30     29     26       377.0      31.4 12
                         2012 26     29     30     34     37     35     31     31     32     31     29     27       372.0      31.0 12
                         2013 26     29     32     34     35     36     31     31     29     29     28     26       366.0      30.5 12
                         2014 26     28     32     36     38     33     29     31     30     31     26     26       366.0      30.5 12
                         2015 29     31     30     33     34     33     30     31     31     30     28     27       367.0      30.6 12
                         2016 26     30     30     33     36     33     32     32     31     31     29     28       371.0      30.9 12
                         2017 29     29     33     35     37     36     31     32     31     31     30     28       382.0      31.8 12
                         2018 27     29     33     32     37     37     31     31     29     31     28     26       371.0      30.9 12
                         2019 29            34            35            33     33            36            30       230.0      32.9  7
                         2020 29            37     36     35     34     32     30     31     36     31     27       358.0      32.5 11
                         2021 30     31     33     33     34                                                        161.0      32.2  5

MINIMA                        18     19     25     22     23     26     22     21     20     21     19.5   18       161.0      25.1
MAXIMA                        30     31     37     36     38     37     34     33     35     36     31     30       382.0      32.9
MEDIA                         26.055 27.151 30.324 31.861 33.31  32.814 30.041 29.75  28.985 29.319 27.271 25.916   339.6      29.5
DESV. ESTANDAR                2.2544 2.6234 2.4501 2.8223 3.4507 2.4497 2.1592 2.228  2.4417 2.681  2.1051 1.8419    41.12      1.7


TEMP MAXIMA PROM
                         1985               25.854 22.133 27.548 25.633 24.387 25.516 26.166 25.467 24.9   21.806   249.4      24.9 10
                         1986 21.806        25.08  28.85  30.387 26.5   25.241 27.822 26.3   23.548 24.9   20.967   281.4      25.6 11
                         1987 20.322 21.517 24.225 26.15  27.629 27.95  27.096 27.306 25.966 25.258 23.983 23.258   300.7      25.1 12
                         1988 21.774 23.172 23.129 25.65  30.048 27.85  26.322 25.79  23.983 26.327 25.816 23       302.9      25.2 12
                         1989 23.983 24.732 25.354 26.883 31.774 30.316 28.322 25.129        27.806 26.033 19.677   290.0      26.4 11
                         1990 22.306 21     26.774 28.666 30.741 28.733 24.564 26.322 25.9   26.08  24.35  23.419   308.9      25.7 12
                         1991 22.096 24.178 29.032 30.433 31.209 29.65  23.483 26.516 23.216 23.661 22.933 20.177   306.6      25.5 12
                         1992 16.822 20.465 24.951 25.483 26.822 28.85  26.967 26.354 25.633 22.838 22.033 22.483   289.7      24.1 12
                         1993 21.193 22.464 26.774 27.85  29.693 29.266 26.032 27.032 25.7   26.419 25.7   24.225   312.4      26.0 12
                         1994 23.419 26.535 27.612 28.366 30.935 27.733 28.193 27.919 26.8   26.693 26.3   24.79    325.3      27.1 12
                         1995 21.5   21.375 26.806 27.766 21.306 21.7   20.871 15.709 16.566 18.354 18.366 20.193   250.5      20.9 12
                         1996 23.532 18.448 17.403 18.916 19.838 20.333 18.806 26.806 26.633 26.564 18.633 24.338   260.3      21.7 12
                         1997 24.338 24.321 24.596 25.816 19.693 27.983 22.629 19.403 25.766 25.032 23.416 11       274.0      22.8 12
                         1998 12.032 15.482 19.5   21.383 26.209 32.316 29.274 27.79  29.566 25.467 23.3   20.871   283.2      23.6 12
                         1999 21.419 22.91  27.806 30.483 31.58  30.75  32.193 27.048 25.65  24.919 23.633 21.725   320.1      26.7 12
                         2000 23.612 25.034 27.225 28.6   29.064 27.416 27.709 27.451 26.85  25.774 24.433 21.387   314.6      26.2 12
                         2001 20.548 23.785 26.322 29.066 27.967 28.066 27.645 26.677 27.216 25.161 23.633 22.516   308.6      25.7 12
                         2002 21.871 23.107 27.612 29.666 29.871 28.2   26.532 27.419 26.933 27.967 24.766 24.774   318.7      26.6 12
                         2003 23.645 24.892 28.645 29.1   31.032 29.333 26.871 27.419 27.533 28.064 26.4   22.387   325.3      27.1 12
                         2004 21.774 22.069 26.354 27.5   29.806 27.066 27.306 28.032 24.75  24.612 23.7   20.774   303.7      25.3 12
                         2005 24.225 25.178 26.709 28.133 29.709 31.266 26.677 24.032 23.566 24.258 23.933 22.612   310.3      25.9 12
                         2006 23.096 24.214 26.387 30.666 28.838 27.433 27.161 26.548 26.8   24.129 22.566 21.129   309.0      25.7 12
                         2007 22.032 23.5   23.645 25.366 28.903 26.733 25.258 25.677 25.8   24.935 24.433 23.064   299.3      24.9 12
                         2008 22.064 24.793 25.838 29.2   29.516 27.666 26     24.935 24.333 25.354 22.9   23.161   305.8      25.5 12
                         2009 24.032 25.642 27.645 29.633 30.258 30.066 29.322 29.096 25.833 25.258 22.266 22.032   321.1      26.8 12
                         2010 21.032 19.214 24.677 28     32.096 30.3   25.354 28.677 28.066 25.871 22.666 23.193   309.2      25.8 12
                         2011 23.225 24.928 28.258 31.7   33.161 31.433 27.935 29.806 27.633 26.838 24.366 24.032   333.3      27.8 12
                         2012 22.29  21.62  27.354 29.8   32.354 30.333 26.677 27.322 26.966 26.838 25.366 23.58    320.5      26.7 12
                         2013 21.709 25.642 26.29  30.366 31.096 30.666 26.225 27.774 25.633 25.838 22.8   20.871   314.9      26.2 12
                         2014 21.193 26.285 27.032 30.5   29.612 28.033 26.064 27.967 26.933 27.387 22.666 22.677   316.4      26.4 12
                         2015 22.967 24.678 24.129 28.033 29.548 27.7   27.225 27.709 28.033 25.354 25.866 23.064   314.3      26.2 12
                         2016 21.58  25.206 25.548 29.066 32.838 29.8   28.096 26.548 27.266 26.677 23.433 24.516   320.6      26.7 12
                         2017 24.645 24.821 27.645 30.6   33.032 32.033 27.483 28.258 25.866 26.225 26.133 23.193   329.9      27.5 12
                         2018 23.032 25.535 30.032 29.966 30.516 28     27.967 27.871 25.933 25.741 23.1   21.741   319.4      26.6 12
                         2019 23.193        29.58         32.645        29.419 29.774        27.516        23.064   195.2      27.9  7
                         2020 22.774        30.322 32.233 31.161 30.466 28.548 27.354 27.2   28.548 27.6   24.064   310.3      28.2 11
                         2021 24.483 27.285 29.967 31.066 30.032                                                    142.8      28.6  5

MINIMA                        12.032 15.482 17.403 18.916 19.693 20.333 18.806 15.709 16.566 18.354 18.366 11       142.8      20.9
MAXIMA                        24.645 27.285 30.322 32.233 33.161 32.316 32.193 29.806 29.566 28.548 27.6   24.79    333.3      28.6
MEDIA                         22.099 23.455 26.273 28.141 29.418 28.502 26.552 26.634 25.97  25.633 23.923 22.215   297.3      25.8
DESV. ESTANDAR                2.2817 2.525  2.6143 2.8611 3.2224 2.4856 2.4387 2.5926 2.1144 1.8147 1.9251 2.3576    37.60      1.6


TEMP MEDIA MENS.
                         1985               16.79  15.833 20.072 19.458 17.798 18.588 18.85  18.201 16.016 12.362   174.0      17.4 10
                         1986 12.362        14.733 19.775 21.395 20.166 19.08  20.29  19.291 16.612 16.616 12.983   193.3      17.6 11
                         1987 11.862 13.25  15.354 17.3   18.862 20.575 20.306 20.467 19.416 16.032 14.941 14.387   202.8      16.9 12
                         1988 12.33  14.215 14.362 16.691 20.201 19.358 19.024 18.621 17.2   16.788 14.883 13.354   197.0      16.4 12
                         1989 13.951 14.589 15.112 16.85  20.274 21.6   20.209 19.483        17.951 16.333 11.112   187.5      17.0 11
                         1990 13.741 12.571 17.451 18.041 21.129 20.566 18.177 19.016 18.508 16.709 14.6   13.282   203.8      17.0 12
                         1991 12.596 14.071 16.645 19.466 20.717 21.658 18.532 19.58  18.158 16.443 15.308 13.104   206.3      17.2 12
                         1992 12.137 13.353 16.233 16.975 18.588 20.408 19.814 19.225 18.416 17.403 15     13.354   200.9      16.7 12
                         1993 12.758 13.785 15.661 16.783 18.782 21.5   19.725 19.516 19.116 17.951 15.016 12.871   203.5      17.0 12
                         1994 13.435 15.41  16.612 17.733 20.79  20.583 19.814 19.806 19.133 18.298 16.15  14.669   212.4      17.7 12
                         1995 13.266 13.053 17.516 19.591 14.29  15.1   13.524 10.709 11.275 11.903 12.933 14.225   167.4      13.9 12
                         1996 16.588 13.775 11.725 13.7   13     14.166 12.121 19.411 19.1   19.572 12.525 15.637   181.3      15.1 12
                         1997 15.903 15.616 14.604 15.025 13.04  21.183 14.161 13.217 16.983 16.024 13.433 6.2096   175.4      14.6 12
                         1998 7.3225 9.1696 11.782 12.425 19.354 23.4   21.798 21.04  21.916 19.04  14.375 11.064   192.7      16.1 12
                         1999 11.072 13.642 17.693 20.775 23.846 23     23.524 19.145 17.891 16.661 13.666 9.6048   210.5      17.5 12
                         2000 12.129 14.241 16.322 20.7   21.258 19.475 19.427 19.338 18.741 17.129 14.983 12.129   205.9      17.2 12
                         2001 12.467 14.321 17.064 18.95  19.435 19.816 19.516 19.725 18.725 16.83  13.766 12.975   203.6      17.0 12
                         2002 12.008 13.589 16.709 18.933 20.451 19.95  19.137 19.629 19.066 19.693 16.291 15.935   211.4      17.6 12
                         2003 15.209 16.678 18.548 19.833 20.774 20.9   19.548 19.629 19.816 19.661 17.916 12.032   220.5      18.4 12
                         2004 13     12.637 15.903 17.916 20.112 19.783 19.266 19.871 16.391 16.354 13.583 11.306   196.1      16.3 12
                         2005 14.338 15.625 16.532 16.1   19.064 21.35  19.112 17.629 17.483 17.467 14.566 12.951   202.2      16.9 12
                         2006 12.451 13.464 15.79  19.383 19.564 19.55  19.725 19.822 19.816 18     14.733 12.306   204.6      17.1 12
                         2007 15.145 15.25  15.467 17.133 19.451 19.55  18.838 18.516 18.116 16.209 14.916 13.129   201.7      16.8 12
                         2008 13.354 13.896 15.693 18.033 19.403 19.866 19     18.371 18     17.371 13.683 13.322   200.0      16.7 12
                         2009 14.387 14.714 17.387 18.016 20.129 21.1   20.177 20.112 18.666 17.532 13.483 13.306   209.0      17.4 12
                         2010 12.161 11.5   14.629 17.066 20.483 20.916 18.709 20.403 19.983 15.435 13.333 11.225   195.8      16.3 12
                         2011 12.967 14.41  16.451 19.333 21.225 21.733 20.306 20.967 18.983 16.58  14.041 13.225   210.2      17.5 12
                         2012 11.703 13.051 16.354 17.7   20.838 20.616 18.935 19.483 18.816 16.645 15.25  12.661   202.1      16.8 12
                         2013 12.548 14.089 15.096 18.15  20.645 21.4   18.983 19.532 18.966 17.548 14.833 12.064   203.9      17.0 12
                         2014 11.725 14.339 15.725 18.333 19.967 20.383 18.483 19.354 18.933 17.241 13.306 13.064   200.9      16.7 12
                         2015 13.064 14.017 15     18.266 19.596 20.2   19.193 19.274 19.5   17.145 16.633 13.483   205.4      17.1 12
                         2016 10.661 13.241 14.951 17.683 21.29  20.566 19.935 19.467 19.266 17.371 14.616 13.483   202.5      16.9 12
                         2017 12.435 13.517 16.08  18.15  20.983 22.216 19.871 20.322 18.65  17.193 14.7   12.435   206.6      17.2 12
                         2018 11.645 15.303 17.177 18.3   20.435 20.116 19.209 19.403 19.283 17.774 14.083 11.516   204.2      17.0 12
                         2019 12.338        17.306        20.564        20.693 20.774        18.758        12.693   123.1      17.6  7
                         2020 12.935        19     19.8   19.532 21.8   20.677 19.854 19.183 17     15.9   12.822   198.5      18.0 11
                         2021 12.983 14.589 17.112 18.616 20.193                                                     83.5      16.7  5

MINIMA                        7.3225 9.1696 11.725 12.425 13     14.166 12.121 10.709 11.275 11.903 12.525 6.2096    83.5      13.9
MAXIMA                        16.588 16.678 19     20.775 23.846 23.4   23.524 21.04  21.916 19.693 17.916 15.935   220.5      18.4
MEDIA                         12.805 13.908 16.015 17.871 19.723 20.4   19.065 19.155 18.577 17.237 14.755 12.675   194.6      16.9
DESV. ESTANDAR                1.5915 1.333  1.5069 1.7701 2.1248 1.7432 2.0597 1.9309 1.6172 1.3782 1.2023 1.6583    25.09      0.9


TEMP MINIMA EXT.
                         1985               5      7      7.5    9      8.5    10     8      5      2      -2        60.0       6.0 10
                         1986 -2            0      8      8      12     11     11     9      1      1      -3        56.0       5.1 11
                         1987 -2     1      1      5      6      10     11     12     12     3      3      2.5       64.5       5.4 12
                         1988 -4     0      3      4      9      9      10     10     4      6      2      2         55.0       4.6 12
                         1989 3      2      2      5      6      8      9      10            7      3      -2        53.0       4.8 11
                         1990 2      1      4.5    4      5      10     8      10     7      3      2      1         57.5       4.8 12
                         1991 -1     -1     1      3      7      10     11     8      8.5    4.5    3      2         56.0       4.7 12
                         1992 4      2      2      7      3.5    7.5    9      9      8      5      -1     1         57.0       4.8 12
                         1993 1      2      -2     0      4      10     9      7      9      4      1      -2        43.0       3.6 12
                         1994 -2     1      2      3      7      9      8      9      8      6      0      -1        50.0       4.2 12
                         1995 4      2.5    4      7      3      6      4      4      5      2      5      5         51.5       4.3 12
                         1996 7      7      2      5      4      5      2      9      9      10     2      2         64.0       5.3 12
                         1997 4      3      3      3      4      13     4      4      6      6      2      -9        43.0       3.6 12
                         1998 0.5    1      1.5    0      10     12.5   13     13     13     11     3.5    -2        77.0       6.4 12
                         1999 -2     3      4      6.5    10.5   13     13     9      8      5.5    -2     -7        61.5       5.1 12
                         2000 -3     1      1      6      8      10     10     10     8      6      4      -1        60.0       5.0 12
                         2001 1      2      6      4      8      9      10     10     6      3      1      1         61.0       5.1 12
                         2002 -1     2      3      5      7      8      10     10     10     11     2      2         69.0       5.8 12
                         2003 1      2      7      9      9      11     11     10     11     8      7      1         87.0       7.3 12
                         2004 1      1      2      6      8      11     9      11     5      5      -2     -7        50.0       4.2 12
                         2005 2      3      5      2      5      7      9      8      8      7      -2     -2        52.0       4.3 12
                         2006 -2     -1     4      4      7      7      10     12     11     8      1      1         62.0       5.2 12
                         2007 6      6      5      7      7      8      11     9      7      1      2      1         70.0       5.8 12
                         2008 1      0      2      4      5      8      7      6      6      6      2      0         47.0       3.9 12
                         2009 2      2      5      4      6      9      1      8      8      7      2      2         56.0       4.7 12
                         2010 1      1      1      4      4      6      8      8      5      2      -3     -4        33.0       2.8 12
                         2011 2      1      1      4      4      8      10     8      6      -1     -7     0         36.0       3.0 12
                         2012 -4     -3     1      2      6      8      7      8      6      3      -3     -3        28.0       2.3 12
                         2013 -1     -1     -5     2      4      8      8      9      9      5      -1     -1        36.0       3.0 12
                         2014 1      1      1      2      4      10     7      8      9      2      -1     1         45.0       3.8 12
                         2015 1      1      2      3      5      9      8      7      6      5      4      0         51.0       4.3 12
                         2016 -7     -3     -2     1      5      7      8      8      8      4      0      -4        25.0       2.1 12
                         2017 -4     -2     1      1      4      8      10     9      6      2      -4     -7        24.0       2.0 12
                         2018 -5     2      1      3      5      8      7      8      9      4      -4     -7        31.0       2.6 12
                         2019 -4     1      1      -1     3      9      8      8      7      4      4      -3        37.0       3.1 12
                         2020 -3            4      2      5      9      10     10     5      1      2      -4        41.0       3.7 11
                         2021 -4     0      1      0      2                                                          -1.0      -0.2  5

MINIMA                        -7     -3     -5     -1     2      5      1      4      4      -1     -7     -9        -1.0      -0.2
MAXIMA                        7      7      7      9      10.5   13     13     13     13     11     7      5         87.0       7.3
MEDIA                         -0.18  1.1911 2.1621 3.8243 5.8243 8.9444 8.5972 8.8888 7.7285 4.7777 0.8472 -1.291    50.0       4.2
DESV. ESTANDAR                3.2074 2.045  2.3424 2.4158 2.079  1.8852 2.6208 1.909  2.0981 2.7811 2.8953 3.2653    16.61      1.4


TEMP MINIMA PROM
                         1985               7.7258 9.5333 12.596 13.283 11.209 11.661 11.533 10.935 7.1333 2.9193    98.5       9.9 10
                         1986 2.9193        4.3871 10.7   12.403 13.833 12.919 12.758 12.283 9.6774 8.3333 5        105.2       9.6 11
                         1987 3.4032 4.9821 6.4838 8.45   10.096 13.2   13.516 13.629 12.866 6.8064 5.9    5.5161   104.9       8.7 12
                         1988 2.8871 5.2586 5.5967 7.7333 10.354 10.866 11.725 11.451 10.416 7.25   3.95   3.7096    91.2       7.6 12
                         1989 3.9193 4.4464 4.8709 6.8166 8.7741 12.883 12.096 13.838        8.0967 6.6333 2.5483    84.9       7.7 11
                         1990 5.1774 4.1428 8.129  7.4166 11.516 12.4   11.79  11.709 11.116 7.3387 4.85   3.1451    98.7       8.2 12
                         1991 3.0967 3.9642 4.258  8.5    10.225 13.666 13.58  12.645 13.1   9.2258 7.6833 6.0322   106.0       8.8 12
                         1992 7.4516 6.2413 7.5161 8.4666 10.354 11.966 12.661 12.096 11.2   11.967 7.9666 4.2258   112.1       9.3 12
                         1993 4.3225 5.1071 4.5483 5.7166 7.8709 13.733 13.419 12     12.533 9.4838 4.3333 1.5161    94.6       7.9 12
                         1994 3.4516 4.2857 5.6129 7.1    10.645 13.433 11.435 11.693 11.466 9.9032 6      4.5483    99.6       8.3 12
                         1995 5.0322 4.7321 8.2258 11.416 7.2741 8.5    6.1774 5.7096 5.9833 5.4516 7.5    8.258     84.3       7.0 12
                         1996 9.6451 9.1034 6.0483 8.4833 6.1612 8      5.4354 12.016 11.566 12.58  6.4166 6.9354   102.4       8.5 12
                         1997 7.4677 6.9107 4.6129 4.2333 6.3871 14.383 5.6935 7.0322 8.2    7.0161 3.45   1.4193    76.8       6.4 12
                         1998 2.6129 2.8571 4.0645 3.4666 12.5   14.483 14.322 14.29  14.266 12.612 5.45   1.258    102.2       8.5 12
                         1999 0.7258 4.375  7.5806 11.066 16.112 15.25  14.854 11.241 10.133 8.4032 3.7    -2.516   100.9       8.4 12
                         2000 0.6451 3.4482 5.4193 12.8   13.451 11.533 11.145 11.225 10.633 8.4838 5.5333 2.8709    97.2       8.1 12
                         2001 4.3871 4.8571 7.8064 8.8333 10.903 11.566 11.387 12.774 10.233 8.5    3.9    3.4354    98.6       8.2 12
                         2002 2.1451 4.0714 5.8064 8.2    11.032 11.7   11.741 11.838 11.2   11.419 7.8166 7.0967   104.1       8.7 12
                         2003 6.7741 8.4642 8.4516 10.566 10.516 12.466 12.225 11.838 12.1   11.258 9.4333 1.6774   115.8       9.6 12
                         2004 4.2258 3.2069 5.4516 8.3333 10.419 12.5   11.225 11.709 8.0333 8.0967 3.4666 1.8387    88.5       7.4 12
                         2005 4.4516 6.0714 6.3548 4.0666 8.4193 11.433 11.548 11.225 11.4   10.677 5.2    3.2903    94.1       7.8 12
                         2006 1.8064 2.7142 5.1935 8.1    10.29  11.666 12.29  13.096 12.833 11.871 6.9    3.4838   100.2       8.4 12
                         2007 8.258  7      7.2903 8.9    10     12.366 12.419 11.354 10.433 7.4838 5.4    3.1935   104.1       8.7 12
                         2008 4.6451 3      5.5483 6.8666 9.2903 12.066 12     11.806 11.666 9.3871 4.4666 3.4838    94.2       7.9 12
                         2009 4.7419 3.7857 7.129  6.4    10     12.133 11.032 11.129 11.5   9.8064 4.7    4.5806    96.9       8.1 12
                         2010 3.2903 3.7857 4.5806 6.1333 8.8709 11.533 12.064 12.129 11.9   5      4      -0.741    82.5       6.9 12
                         2011 2.7096 3.8928 4.6451 6.9666 9.2903 12.033 12.677 12.129 10.333 6.3225 3.7166 2.4193    87.1       7.3 12
                         2012 1.1166 4.4827 5.3548 5.6    9.3225 10.9   11.193 11.645 10.666 6.4516 5.1333 1.7419    83.6       7.0 12
                         2013 3.3871 2.5357 3.9032 5.9333 10.193 12.133 11.741 11.29  12.3   9.258  6.8666 3.258     92.8       7.7 12
                         2014 2.258  2.3928 4.4193 6.1666 10.322 12.733 10.903 10.741 10.933 7.0967 3.9466 3.4516    85.4       7.1 12
                         2015 3.1612 3.3571 5.8709 8.5    9.6451 12.7   11.161 10.838 10.966 8.9354 7.4    3.9032    96.4       8.0 12
                         2016 -0.258 1.2758 4.3548 6.3    9.7419 11.333 11.774 12.387 11.266 8.0645 5.8    2.4516    84.5       7.0 12
                         2017 0.2258 2.2142 4.5161 5.7    8.9354 12.4   12.258 12.387 11.433 8.1612 3.2666 1.6774    83.2       6.9 12
                         2018 0.258  5.0714 4.3225 6.6333 10.354 12.233 10.451 10.935 12.633 9.8064 5.0666 1.2903    89.1       7.4 12
                         2019 1.4838 4      5.0322 5.5    8.4838 12.966 11.967 11.774 10.333 10     7.4666 2.3225    91.3       7.6 12
                         2020 3.0967        7.6774 7.3666 7.9032 13.133 12.806 12.354 11.166 5.4516 4.2    1.5806    86.7       7.9 11
                         2021 1.4838 1.8928 4.258  6.1666 10.354                                                     24.2       4.8  5

MINIMA                        -0.258 1.2758 3.9032 3.4666 6.1612 8      5.4354 5.7096 5.9833 5      3.2666 -2.516    24.2       4.8
MAXIMA                        9.6451 9.1034 8.4516 12.8   16.112 15.25  14.854 14.29  14.266 12.612 9.4333 8.258    115.8       9.9
MEDIA                         3.5113 4.3508 5.758  7.5441 10.027 12.317 11.579 11.677 11.161 8.8411 5.6383 3.1339    93.1       7.9
DESV. ESTANDAR                2.3142 1.7463 1.3933 2.0774 1.8883 1.4187 2.0183 1.5446 1.5185 2.0215 1.644  2.0869    14.67      1.0


