COMISIÓN NACIONAL DEL AGUA
COORDINACIÓN GENERAL DEL SERVICIO METEOROLÓGICO NACIONAL
PROYECTO DE BASES DE DATOS CLIMATOLÓGICOS
    
                         AÑO  ENE    FEB    MAR    ABR    MAY    JUN    JUL    AGO    SEP    OCT    NOV    DIC  ACUMULADO  MEDIA  MESES
00001032
LAS FRAGUAS, ASIENTOS   
DIAS CON GRANIZO
                         1972                      0      0      0      0      0      0      0      0      0          0.0       0.0  9
                         1973 0      0      0      0      0      0      0      0      0      0      0      0          0.0       0.0 12
                         1974 0      0      0      0      0      0      0      0      0      0      0      0          0.0       0.0 12
                         1975 0      0      0      0      0      0      0      0      0      0      0      0          0.0       0.0 12
                         1976 0      0      0      0      0      0      0      0      0      0      0      0          0.0       0.0 12
                         1977 0      0      0      0      0      0      0      0      0      0      0      0          0.0       0.0 12
                         1978 0      0      0      0      0      0      0      0      0      0             0          0.0       0.0 11
                         1979 0      0      0      0      0      0      0      0      0      0      0      0          0.0       0.0 12
                         1980 0      0      0      0      0      0      0      0      0      0      0      0          0.0       0.0 12
                         1981 0      0      0      0      0      0      0      0      0      0      0      0          0.0       0.0 12
                         1982 0      0      0      0      0      0      0      0      0      0      0      0          0.0       0.0 12
                         1983 0      0      0      0      0      0      0      0      0      0      0      0          0.0       0.0 12
                         1984 0      0      0      0      0      0      0      0      0      0      0      0          0.0       0.0 12
                         1985 0      0      0      0      0      0      0      0      0      0      0      0          0.0       0.0 12
                         1986 0      0      0      0      0      0      0      0      0      0      0      0          0.0       0.0 12
                         1987 0      0      0      0      0      0      0      0      0      0      0      0          0.0       0.0 12
                         1988 0      0      0      0      0      0      0      0      0      0      0      0          0.0       0.0 12
                         1989 0      0      0      0      0      0      0             0      0      0      0          0.0       0.0 11
                         1990 0      0             0      0             0      0      0      0      0      0          0.0       0.0 10
                         1991 0      0      0      0      0      0      0      0      0      0      0      0          0.0       0.0 12
                         1992 0      0      0      0      0      0      0      0      0      0      0      0          0.0       0.0 12
                         1993 0      0      0      0      0      0      0      0      0             0      0          0.0       0.0 11
                         1994 0      0      0      0      0      0      0      0      0      0      0      0          0.0       0.0 12
                         1995 0      0      0      0      0      0      0      0      0      0      0      0          0.0       0.0 12
                         1996 0      0      0      0      0      0      0      0      0      0      0      0          0.0       0.0 12
                         1997 0      0      0      0      0      0      0      0      0      0      0      0          0.0       0.0 12
                         1998 0      0      0      0      0      0      0      0      0      0      0      0          0.0       0.0 12
                         1999 0      0      0      0      0      0      0      0      0      0      0      0          0.0       0.0 12
                         2000 0      0      0      0      0      0      0      0      0      0      0      0          0.0       0.0 12
                         2001 0      0      0      0      0      0      0      0      0      0      0      0          0.0       0.0 12
                         2002 0      0      0      0      0      0      0      0      0      0      0      0          0.0       0.0 12
                         2003 0      0      0      0      0      0      0      0      0      0      0      0          0.0       0.0 12
                         2004 0      0      0      0      0      0      0      0      0      0      0      0          0.0       0.0 12
                         2005 0      0      0      0      0      0      0      0      0      0      0      0          0.0       0.0 12
                         2006 0      0      0      0      0      0      0      0      0      0      0      0          0.0       0.0 12
                         2007 0      0      0      0      0      0      0      0      0      0      0      0          0.0       0.0 12
                         2008 0      0      0      0      0      0      0      0      0      0      0      0          0.0       0.0 12
                         2009 0      0      0      0      0      0      0      0      0      0      0      0          0.0       0.0 12
                         2010 0      0      0      0      0      0      0      0      0      0      0      0          0.0       0.0 12
                         2011 0      0      0      0      0      0      0      0      0      0      0      0          0.0       0.0 12
                         2012 0      0      0      0      0      0      0      0      0      0      0      0          0.0       0.0 12
                         2013 0      0      0      0      0      0      0      0      0      0      0      0          0.0       0.0 12
                         2014 0      0      0      0      0      0      0      0             0      0      0          0.0       0.0 11
                         2015 0      0      0      0      0      0      0      0      0      0      0                 0.0       0.0 11
                         2016 0      0      0      0      0      0      0      0      0      0                        0.0       0.0 10
                         2017 0      0      0      0      0      0      0      0      0      0      0      0          0.0       0.0 12
                         2018 0      0      0      0      0      0      0      0      0      0      0      0          0.0       0.0 12
                         2019 0      0      0      0      0      0      0      0      0      0      0      0          0.0       0.0 12
                         2020 0                                  0      0      0      0      0      0      0          0.0       0.0  8
                         2021 0      0      0      0      0      0      0      0                                      0.0       0.0  8

MINIMA                        0      0      0      0      0      0      0      0      0      0      0      0          0.0       0.0
MAXIMA                        0      0      0      0      0      0      0      0      0      0      0      0          0.0       0.0
MEDIA                         0      0      0      0      0      0      0      0      0      0      0      0          0.0       0.0
DESV. ESTANDAR                0      0      0      0      0      0      0      0      0      0      0      0          0.00      0.0


DIAS CON NIEBLA 
                         1972                      0      0      0      0      0      0      0      0      0          0.0       0.0  9
                         1973 0      0      0      0      0      0      0      0      0      0      0      0          0.0       0.0 12
                         1974 0      0      0      0      0      0      0      0      0      0      0      0          0.0       0.0 12
                         1975 1      0      0      0      0      0      0      0      0      0      0      0          1.0       0.1 12
                         1976 0      0      0      0      0      0      0      0      0      0      0      0          0.0       0.0 12
                         1977 0      0      0      0      0      0      0      0      0      0      0      0          0.0       0.0 12
                         1978 0      1      0      0      0      0      0      0      0      0             0          1.0       0.1 11
                         1979 0      0      0      0      0      0      0      0      0      0      0      2          2.0       0.2 12
                         1980 1      0      0      0      0      0      0      1      0      0      0      1          3.0       0.3 12
                         1981 1      1      0      0      0      0      0      0      1      0      0      2          5.0       0.4 12
                         1982 1      0      0      0      0      0      0      0      0      0      2      0          3.0       0.3 12
                         1983 4      0      0      0      0      0      0      0      0      0      0      0          4.0       0.3 12
                         1984 3      0      0      0      0      0      0      0      0      1      0      2          6.0       0.5 12
                         1985 0      0      0      0      0      0      0      1      0      0      0      0          1.0       0.1 12
                         1986 0      0      0      0      0      1      2      0      0      0      0      0          3.0       0.3 12
                         1987 1      0      0      0      0      0      0      0      0      0      0      0          1.0       0.1 12
                         1988 0      0      0      0      0      0      0      0      0      0      0      0          0.0       0.0 12
                         1989 0      0      0      0      0      0      0             0      0      0      0          0.0       0.0 11
                         1990 0      0             0      0             0      0      0      0      0      0          0.0       0.0 10
                         1991 0      0      0      0      0      0      0      0      0      0      0      0          0.0       0.0 12
                         1992 0      0      0      0      0      0      0      0      0      0      0      0          0.0       0.0 12
                         1993 0      0      0      0      0      0      0      0      0             0      0          0.0       0.0 11
                         1994 0      0      0      0      0      0      0      0      0      0      0      0          0.0       0.0 12
                         1995 0      0      0      0      0      0      0      0      0      0      0      0          0.0       0.0 12
                         1996 0      0      0      0      0      0      0      0      0      0      0      0          0.0       0.0 12
                         1997 0      0      0      0      0      0      0      0      0      0      0      0          0.0       0.0 12
                         1998 0      0      0      0      0      0      0      0      0      0      0      0          0.0       0.0 12
                         1999 0      0      0      0      0      0      0      1      0      0      0      0          1.0       0.1 12
                         2000 0      0      0      0      0      0      0      0      0      0      0      0          0.0       0.0 12
                         2001 0      0      0      0      0      0      0      0      0      0      0      0          0.0       0.0 12
                         2002 0      0      0      0      0      0      0      0      0      0      0      0          0.0       0.0 12
                         2003 0      0      0      0      0      0      0      0      0      0      0      0          0.0       0.0 12
                         2004 0      0      0      0      0      0      0      0      0      0      0      0          0.0       0.0 12
                         2005 0      0      0      0      0      0      0      0      0      0      0      0          0.0       0.0 12
                         2006 0      0      0      0      0      0      0      0      0      0      0      0          0.0       0.0 12
                         2007 0      0      0      0      0      0      0      0      0      0      0      0          0.0       0.0 12
                         2008 0      0      0      0      0      0      0      0      0      0      0      0          0.0       0.0 12
                         2009 0      0      0      0      0      0      0      0      0      0      0      0          0.0       0.0 12
                         2010 0      0      0      0      0      0      0      0      0      0      0      0          0.0       0.0 12
                         2011 0      0      0      0      0      0      0      0      0      0      0      0          0.0       0.0 12
                         2012 0      0      0      0      0      0      0      0      0      0      0      0          0.0       0.0 12
                         2013 1      0      0      0      0      0      0      0      0      0      0      0          1.0       0.1 12
                         2014 0      0      0      0      0      0      0      0             0      0      0          0.0       0.0 11
                         2015 0      0      0      0      0      0      0      0      0      0      0                 0.0       0.0 11
                         2016 0      0      0      0      0      0      0      0      0      0                        0.0       0.0 10
                         2017 0      0      0      0      0      0      0      0      0      0      0      0          0.0       0.0 12
                         2018 0      0      0      0      0      0      0      0      0      0      0      0          0.0       0.0 12
                         2019 0      0      0      0      0      0      0      0      0      0      0      0          0.0       0.0 12
                         2020 0                                  0      0      0      0      0      0      0          0.0       0.0  8
                         2021 0      0      0      0      0      0      0      0                                      0.0       0.0  8

MINIMA                        0      0      0      0      0      0      0      0      0      0      0      0          0.0       0.0
MAXIMA                        4      1      0      0      0      1      2      1      1      1      2      2          6.0       0.5
MEDIA                         0.2653 0.0416 0      0      0      0.0204 0.04   0.0612 0.0208 0.0208 0.0425 0.1489     0.6       0.1
DESV. ESTANDAR                0.7576 0.2019 0      0      0      0.1428 0.2828 0.2422 0.1443 0.1443 0.2917 0.5098     1.38      0.1


DIAS CON TORMEN.
                         1972                      0      0      0      0      0      0      0      0      0          0.0       0.0  9
                         1973 0      0      0      0      0      0      0      0      0      0      0      0          0.0       0.0 12
                         1974 0      0      0      0      0      0      0      0      0      0      0      0          0.0       0.0 12
                         1975 0      0      0      0      0      0      0      0      0      0      0      0          0.0       0.0 12
                         1976 0      0      0      0      0      0      0      0      0      0      0      0          0.0       0.0 12
                         1977 0      0      0      0      0      0      0      0      0      0      0      0          0.0       0.0 12
                         1978 0      0      0      0      0      0      4      0      0      0             0          4.0       0.4 11
                         1979 0      0      0      0      0      0      0      2      0      0      0      0          2.0       0.2 12
                         1980 0      0      0      0      0      1      0      0      0      0      0      0          1.0       0.1 12
                         1981 0      0      0      0      0      0      5      3      0      1      0      0          9.0       0.8 12
                         1982 0      0      0      0      1      0      1      0      2      0      0      0          4.0       0.3 12
                         1983 0      0      0      0      0      0      0      0      0      0      0      0          0.0       0.0 12
                         1984 0      0      0      0      0      0      0      0      0      0      0      0          0.0       0.0 12
                         1985 0      0      0      0      0      0      1      0      0      0      0      0          1.0       0.1 12
                         1986 0      0      0      0      0      2      0      0      0      0      0      0          2.0       0.2 12
                         1987 0      0      0      0      0      0      0      0      0      0      0      0          0.0       0.0 12
                         1988 0      0      0      0      0      0      0      0      0      0      0      0          0.0       0.0 12
                         1989 0      0      0      0      0      0      0             0      0      0      0          0.0       0.0 11
                         1990 0      0             0      0             0      0      0      0      0      0          0.0       0.0 10
                         1991 0      0      0      0      0      0      0      0      0      0      0      0          0.0       0.0 12
                         1992 0      0      0      0      0      0      0      0      0      0      0      0          0.0       0.0 12
                         1993 0      0      0      0      0      0      0      0      0             0      0          0.0       0.0 11
                         1994 0      0      0      0      0      0      0      0      0      0      0      0          0.0       0.0 12
                         1995 0      0      0      0      0      0      0      0      0      0      0      0          0.0       0.0 12
                         1996 0      0      0      0      0      0      0      0      0      0      0      0          0.0       0.0 12
                         1997 0      0      0      0      0      0      0      0      0      0      0      0          0.0       0.0 12
                         1998 0      0      0      0      0      0      0      0      0      0      0      0          0.0       0.0 12
                         1999 0      0      0      0      0      0      0      0      0      0      0      0          0.0       0.0 12
                         2000 0      0      0      0      0      0      0      0      0      0      0      0          0.0       0.0 12
                         2001 0      0      0      0      0      0      0      0      0      0      0      0          0.0       0.0 12
                         2002 0      0      0      0      0      0      0      0      0      0      0      0          0.0       0.0 12
                         2003 0      0      0      0      0      0      0      0      0      0      0      0          0.0       0.0 12
                         2004 0      0      0      0      0      0      0      0      0      0      0      0          0.0       0.0 12
                         2005 0      0      0      0      0      0      0      0      0      0      0      0          0.0       0.0 12
                         2006 0      0      0      0      0      0      0      0      0      0      0      0          0.0       0.0 12
                         2007 0      0      0      0      0      0      0      0      0      0      0      0          0.0       0.0 12
                         2008 0      0      0      0      0      0      0      0      0      0      0      0          0.0       0.0 12
                         2009 0      0      0      0      0      0      0      0      0      0      0      0          0.0       0.0 12
                         2010 0      0      0      0      0      0      0      0      0      0      0      0          0.0       0.0 12
                         2011 0      0      0      0      0      0      0      0      0      0      0      0          0.0       0.0 12
                         2012 0      0      0      0      0      0      0      0      0      0      0      0          0.0       0.0 12
                         2013 0      0      0      0      0      0      0      0      0      0      0      0          0.0       0.0 12
                         2014 0      0      0      0      0      0      0      0             0      0      0          0.0       0.0 11
                         2015 0      0      0      0      0      0      0      0      0      0      0                 0.0       0.0 11
                         2016 0      0      0      0      0      0      0      0      0      0                        0.0       0.0 10
                         2017 0      0      0      0      0      0      0      0      0      0      0      0          0.0       0.0 12
                         2018 0      0      0      0      0      0      0      0      0      0      0      0          0.0       0.0 12
                         2019 0      0      0      0      0      0      0      0      0      0      0      0          0.0       0.0 12
                         2020 0                                  0      0      0      0      0      0      0          0.0       0.0  8
                         2021 0      0      0      0      0      0      0      0                                      0.0       0.0  8

MINIMA                        0      0      0      0      0      0      0      0      0      0      0      0          0.0       0.0
MAXIMA                        0      0      0      0      1      2      5      3      2      1      0      0          9.0       0.8
MEDIA                         0      0      0      0      0.0204 0.0612 0.22   0.102  0.0416 0.0208 0      0          0.5       0.0
DESV. ESTANDAR                0      0      0      0      0.1428 0.3167 0.91   0.5101 0.2886 0.1443 0      0          1.51      0.1


EVAPORACION MEN.
                         1972                      227.6  248.4  174    191.3  189.8  161    146.5  92.1   108.5  1,539.2     171.0  9
                         1973 106    133.9  233.7  241.2  215.6  185.9  159.1  143.1  132.8  129.5  120.4  118.8  1,920.0     160.0 12
                         1974 132.8  147.3  200.6  223.2  249.5  221.7  173    161.4  143.5  148.8  131.8  95.6   2,029.2     169.1 12
                         1975 116.7  127.2  219.2  248.2  227.9  204.3  174.8  138.6  135.8  158.2  134.4  116.6  2,001.9     166.8 12
                         1976 126.6  162.9  213.9  213.8  237.1  223.5  133.3  179.7  135.4  117.5  92.1   95.9   1,931.7     161.0 12
                         1977 105.7  144.5  215.1  212.5  224.2  198.8  184.5  173.4  158.1  147.2  115.3  105.2  1,984.5     165.4 12
                         1978 127.6  124.7  195.7  228.6  268.3  196.9  211.1  165.2  144.5                104.9  1,767.5     176.8 10
                         1979 123.4  125.1  211.3  233.8  240.8  217.4  182.4  164.8  146.3  189.8  134.1  85.5   2,054.7     171.2 12
                         1980 102.41 128.96 221.7  213    255.7  232    208.3  167.08 155.1  136.5  105.5  89.9   2,016.2     168.0 12
                         1981 93.3   121.2  200.8  185.67 214.1  184.44 151.5  175    155.76 139.6  134.6  103.8  1,859.8     155.0 12
                         1982 138.83 155.2  210.7  236.4  200.5  229    190.5  189.6  156.7  135.4  121.8  93.21  2,057.8     171.5 12
                         1983 74.7   120    205.2  237.4  225.2  201.1  143.3  137.7  124.6  133.5  114.5  117.9  1,835.1     152.9 12
                         1984 101.9  132.8  208.8  251.1  208.6  191.8  138.3  158.3  137.9  148.2  133.5  107.5  1,918.7     159.9 12
                         1985 113.6  147.8  206.5  185.5  215.6  152    157.9  163.8  140.7  127.9  108.3  91.6   1,811.2     150.9 12
                         1986 117.3  138.9  163.4  171.7  238.6  134.1  163    184.5  140.6  110.5  108.3  102.6  1,773.5     147.8 12
                         1987 114.3  120    202.7  206.1  221.9  192.7  172.3  182.8  156.5  150.6  119.2  114.2  1,953.3     162.8 12
                         1988 113.06 152.9  205.9  181.2  205.2  176    122.1  136.4  118.4  129.22 107.45 92     1,739.8     145.0 12
                         1989 103.9  125.6  189.6  199.8  242.9  223.1  189.3         120.9  127.9  104.2  85.8   1,713.0     155.7 11
                         1990 105.2  95.4          192.4  211.6                128.6  111.3  100.5  110.4  112.4  1,167.8     129.8  9
                         1991 106    109.01        237.28 272.87 181.25 123.96 158.48 102.33 116.95 115.34 77.2   1,600.7     145.5 11
                         1992 68.81  112.85 169.83 183.59 146.98 179.18 150.32 137.36 129.15 93.07  88.35  90.97  1,550.5     129.2 12
                         1993 97.21  133.6  166.02 189.44 240.81 164.37 124.77 155.58 124.33        100.42 101.25 1,597.8     145.3 11
                         1994 104.36 132.34 198.38 191.11 217.4  145.07 168.34 155.13 115.37 124.88 106.65 96.94  1,756.0     146.3 12
                         1995 106.87 118.52 226.88 221.5  141.77 178.41 168.07 145.91 102.03 128.29 62.51  86.69  1,687.5     140.6 12
                         1996 115.97 141.22 182.67 185.89 239.88 202.29 211.3  133.61 174.89 175.68 142.34 112.47 2,018.2     168.2 12
                         1997 111.64 125.63 165.01 140.99 176.13 173.77 176.96 157.28 158.34 77.6   95.16  63.13  1,621.6     135.1 12
                         1998 140.98 153.81 210.19                      168.44 173.85 162.69 168.29 141.5  121.34 1,441.1     160.1  9
                         1999 134.6  175.26 207.89 231.82 233.87 189.58 157    190.48 156.9  148.14 138.26 145.2  2,109.0     175.8 12
                         2000 156.68 181.88 234.2  215.35 223.39 212.51 221.38 214    158.84 165.75 138.42 136.03 2,258.4     188.2 12
                         2001 143.68 137.12 200.88 182.06 179.05 164.3  191.66 181.84 142.02 187.89 156.43 157.64 2,024.6     168.7 12
                         2002 150.94 138.77 196.9  196.2  201.48 173.72 167.2  166.88 177.36 164.86               1,734.3     173.4 10
                         2004                                                                              90.47     90.5      90.5  1
                         2005 124.95 118.85 163.26 210.86 216.68 220.12 165.71        142.28 152.29 132.04 116.71 1,763.8     160.3 11
                         2006 130.21 146.64 220.68 229.66 212.19 194.91 177.58 153.71 129.34 128.19 112.08 109.85 1,945.0     162.1 12
                         2007 110.8  153.41 195.93 216.48 215.68        142.7  157.84 140.78 152.43 131.38 125.91 1,743.3     158.5 11
                         2008 138.1  170.77 201.63 202.28 180.27 139.35 160.08 134.54 119.4  121.91 120.83 131.7  1,820.9     151.7 12
                         2009 138.84 168.52 181.67 228.83 214.09 182.55 178.58 197.3  138    121.68 117.98 112.58 1,980.6     165.1 12
                         2010 100.65 115.38 182.97 197.61 223.4  208.01 112.04 180.99 143.25 165.85 132.75 137.05 1,900.0     158.3 12
                         2011 144.6  170.35 218.24 230.42 247.07 210.18 175.55 184.34 141.79 160.97 136.12 124.87 2,144.5     178.7 12
                         2012 128.64 109.62 192.18 214.38 228.39 180.37 144.11 127.14 154.91 178.85 125.22 109.4  1,893.2     157.8 12
                         2013 125.7  173.2  204.73 232    217.59 192.51 167.36 164.25 120.39 134.06 92.42  102.03 1,926.2     160.5 12
                         2014 114.96 154.84 190.38 217.44 197.71 185.43 175.05 170.76        174.67 116.17 114.25 1,811.7     164.7 11
                         2015 117.29 136.04 144.97 183.62 204.03 177.6  194.27 188.7  152.24 146.24 120.45        1,765.5     160.5 11
                         2016 132.62 168.11 203    212.96 246.44 205.26 187.31 158.23 152.53 146.15               1,812.6     181.3 10
                         2017 147.76 154.31 203.52 244.93 258.51 233.04 175    189.2  135.43 151.5  151.05 119.12 2,163.4     180.3 12
                         2018 137.69 133.34 216.92 225.73 220.93 169.42 207.43 184.73        126.94 104.19 104.87 1,832.2     166.6 11
                         2019 129.95 160.21 214.14 237.91 261.42 232    206.15 208.16 115.23 143.06 115.02 123    2,146.3     178.9 12
                         2020 126.1                              214.16 183.49 185.16 161.48 183.58 149.36 124.21 1,327.5     165.9  8
                         2021 143.06 184.65 240.88 200.74 241.5  167.83 206.46 169.35                             1,554.5     194.3  8

MINIMA                        68.81  95.4   144.97 140.99 141.77 134.1  112.04 127.14 102.03 77.6   62.51  63.13     90.5      90.5
MAXIMA                        156.68 184.65 240.88 251.1  272.87 233.04 221.38 214    177.36 189.8  156.43 157.64 2,258.4     194.3
MEDIA                         120.14 140.92 200.88 211.96 221.98 191.46 170.94 166.62 140.6  142.6  118.87 108.37 1,797.9     160.3
DESV. ESTANDAR                18.843 21.356 20.493 23.531 27.709 24.977 25.791 21.211 18.059 24.47  19.057 18.214   330.99     17.1


LLUVIA MAX 24 H.
                         1971                             40.5   41     4      31     22.3   4.2    0.3    0.6      143.9      18.0  8
                         1972                      3.2    71.1   32.6   20     29.4   71.5   16.3   1      1.7      246.8      27.4  9
                         1973 10.5   12.8   0      0      10.5   40     46.5   48.2   9.2    18.2   0      0        195.9      16.3 12
                         1974 0      0      6      4.5    8.8    0.2    54.2   21.6   14.8   7.2    1.5    9.7      128.5      10.7 12
                         1975 11.2   0.8    0      0      10.2   8.5    15.7   42.4   0      2.5    0      10.8     102.1       8.5 12
                         1976 0      0      0      13.1   9.1    16.8   65.3   24.3   40.5   9.9    21.4   6.7      207.1      17.3 12
                         1977 0      0      0      3      0.5    40     25.5   47.2   18.2   4.9    4.8    5.3      149.4      12.5 12
                         1978 0      2.9    0.4    0.7    7.3    29.2   74.3   26.4   43.2   9.7           1.1      195.2      17.7 11
                         1979 0      25     0      0      0      18     25     26.5   21     0      0      28       143.5      12.0 12
                         1980 20.5   27.5   0      12     7.5    4.5    17.5   21.5   3.5    22     20.5   12.5     169.5      14.1 12
                         1981 25.5   6.5    1      18     12.5   45     15     25     5.2    29     2      7        191.7      16.0 12
                         1982 0      0      0      4.5    7.5    4      26     9      42.5   21     21     14       149.5      12.5 12
                         1983 13     0      0      0      17     19     36     42     55     17     2.5    0        201.5      16.8 12
                         1984 15.5   0      0      0      11.5   25.5   40     28     9.5    20     7      14       171.0      14.3 12
                         1985 2      1.5    0      7.5    4      29     32     43.5   95.8   28     1.5    7.8      252.6      21.1 12
                         1986 0      5      0      0      2.5    68     23     23     33     6.5    18     0        179.0      14.9 12
                         1987 15     10     0      10     28     14     29     11.5   9      0      0      1        127.5      10.6 12
                         1988 11     0      9      34.5   0      25     30     30     20     0      0      10       169.5      14.1 12
                         1989 0      0      0      0      15.5   35     10            37     0      14     14       125.5      11.4 11
                         1990 9      8             1.5    21            60     47     20     30     0      0        196.5      19.7 10
                         1991 0      7      0      0      0      63     45     27     50     18     0      4        214.0      17.8 12
                         1992 28     3      3      19.5   17     54     21     22     7      44     24     5        247.5      20.6 12
                         1993 18     0      0      0      12     45     33     20.5   25            0      0        153.5      14.0 11
                         1994 18.5   0      0      8      5.5    45     13     17     30.5   15     0      0        152.5      12.7 12
                         1995 1      3      0      0      18     46     21     32     18     0      0      15       154.0      12.8 12
                         1996 0      0      0      0      0      20     28.5   30     18     9      0      0        105.5       8.8 12
                         1997 1      26     0      0      7      18     20     16     18     15     2      0        123.0      10.3 12
                         1998 0      0      0      0      0      30.2   11     52     49     8      0      0        150.2      12.5 12
                         1999 0      0      0      0      0      66     11     9      31     9      0      0        126.0      10.5 12
                         2000 0      0      0      0      14     18     21     20     14.5   9      4      18       118.5       9.9 12
                         2001 7      0      1      6      24     52     25     92     25     8.5    1      6        247.5      20.6 12
                         2002 60     9      0      0      16     58     17.5   27     20     13.5   9      0        230.0      19.2 12
                         2003 1.5    1      0      0      10     17     30     12     53     20     0      0        144.5      12.0 12
                         2004 5      0      16.4   0      10     52     25     23     45     9      1.5    0        186.9      15.6 12
                         2005 0      33     5.5    0      12     21     14.5          44.5   3      0      5        138.5      12.6 11
                         2006 0      4      1      15     21     16     70     36     21     21     18     4.5      227.5      19.0 12
                         2007 13     10.5   0      15     12     27     28     8      48     5      10     0        176.5      14.7 12
                         2008 0      2      0      2      16.4   20.5   39     40     22     0      0      0        141.9      11.8 12
                         2009 0      0      4      0      4      17     30     31.5   34     21.5   13     3        158.0      13.2 12
                         2010 12     40     0      1.5    5      35     38     30     40     0      0      0        201.5      16.8 12
                         2011 1      0      0      6      0      17     24     27     47.5   35     0      0        157.5      13.1 12
                         2012 4      39     0      0      0      26     10.5   23     34     1      1.5    0        139.0      11.6 12
                         2013 50     0      0      0      14.5   22     37     5.5    30     10     11     20       200.0      16.7 12
                         2014 6.5    0      2      0      33     37     25     14.5          14.5   17     4.5      154.0      14.0 11
                         2015 1      8.5    33     7      19     31.5   47     81     47     26.5   7.5             309.0      28.1 11
                         2016 1.5    10     15     0      1      4.5    47     29     33     2                      143.0      14.3 10
                         2017 0      0      6      1      23     19     27     30     31     23     0      7        167.0      13.9 12
                         2018 17     23     0      19     13     46     24     33     44     30     28     0        277.0      23.1 12
                         2019 6.5    0      0      0      0             17     36            9             30        98.5      10.9  9
                         2020 19                                 24     54     29     13     0      0      10       149.0      18.6  8
                         2021 8      0      0      0      6      36     41     39                                   130.0      16.3  8

MINIMA                        0      0      0      0      0      0.2    4      5.5    0      0      0      0         98.5       8.5
MAXIMA                        60     40     33     34.5   71.1   68     74.3   92     95.8   44     28     30       309.0      28.1
MEDIA                         8.4224 6.6458 2.1978 4.3367 11.968 30.183 30.274 29.989 30.504 12.773 5.5957 5.7541   171.9      15.1
DESV. ESTANDAR                12.442 10.851 5.8446 7.232  12.485 16.698 15.962 16.132 18.539 10.721 8.0503 7.4197    46.41      4.3


LLUVIA TOTAL MEN
                         1971                             66.1   173.1  14.5   118.1  109.2  15.6   0.3    0.6      497.5      62.2  8
                         1972                      3.2    84.5   116.5  85.8   55     150.8  29.9   1.8    1.7      529.2      58.8  9
                         1973 31.2   14.1   0      0      33.7   92.4   195.5  135.7  34.2   58.9   0      0        595.7      49.6 12
                         1974 0      0      7.3    5.3    8.8    0.2    128.3  151.7  42.5   7.2    1.5    27.3     380.1      31.7 12
                         1975 16.7   0.8    0      0      18.3   30.9   75.4   169.2  0      2.5    0      10.8     324.6      27.1 12
                         1976 0      0      0      22     15.6   60.9   435.3  56     122.6  14.9   50     13.4     790.7      65.9 12
                         1977 0      0      0      5.8    0.5    123.8  71.7   127.6  59.8   9.4    4.8    6.6      410.0      34.2 12
                         1978 0      6.4    0.4    0.7    7.3    72.4   256.2  123.4  92.9   21.1          1.1      581.9      52.9 11
                         1979 0      35     0      0      0      22     86.7   109.5  33.2   0      0      50.5     336.9      28.1 12
                         1980 46.4   30.5   0      12     9      6.5    53.5   103    5      69     45.5   24.5     404.9      33.7 12
                         1981 53     8      2      27     25     62     54     44     8.2    50     2      8        343.2      28.6 12
                         1982 0      0      0      8      11.5   5      70     20     70     69.5   34     30.5     318.5      26.5 12
                         1983 25     0      0      0      32.5   49     131.5  129.5  120    30     4.5    0        522.0      43.5 12
                         1984 33     0      0      0      25.5   63     137    70     17     55     7      33       440.5      36.7 12
                         1985 2      1.5    0      11.5   9      116.5  98     115.5  112.3  38.5   2      17.8     524.6      43.7 12
                         1986 0      5      0      0      3.5    176.4  81     36.5   82.5   17     29     0        430.9      35.9 12
                         1987 33     22     0      16     50     36     85     16.5   19     0      0      1        278.5      23.2 12
                         1988 11     0      9      66.5   0      86     136.5  119.5  78.8   0      0      12       519.3      43.3 12
                         1989 0      0      0      0      15.5   36     34            58     0      24     38.7     206.2      18.7 11
                         1990 10     18            1.5    46.8          277    181    48     69     0      0        651.3      65.1 10
                         1991 0      13     0      0      0      129    276.5  59     161    18     0      14       670.5      55.9 12
                         1992 153.5  4      3      24.5   43.5   59     96     41.5   13     96     29     5        568.0      47.3 12
                         1993 28     0      0      0      15     122.5  86     65     45.5          0      0        362.0      32.9 11
                         1994 18.5   0      0      12.5   7.5    182    42     46.5   74.5   26     0      0        409.5      34.1 12
                         1995 1      5.5    0      0      42.5   100    70     151    38     0      0      24       432.0      36.0 12
                         1996 0      0      0      0      0      40.5   53     112    71     30     0      0        306.5      25.5 12
                         1997 1      26     0      0      7      57.5   54     93.5   23     42.5   3      0        307.5      25.6 12
                         1998 0      0      0      0      0      92.7   16     121.5  87.5   15     0      0        332.7      27.7 12
                         1999 0      0      0      0      0      123.5  44.5   43.5   60.9   9      0      0        281.4      23.5 12
                         2000 0      0      0      0      39     43.5   64.5   40     16.5   17     5      44       269.5      22.5 12
                         2001 7      0      1      19.5   39     95.5   51.5   149.5  96.8   8.5    1      6        475.3      39.6 12
                         2002 66     15     0      0      30     81.5   69     97     52     34     9      0        453.5      37.8 12
                         2003 1.5    1      0      0      13     29     174.5  34     177    55.5   0      0        485.5      40.5 12
                         2004 16.5   0      25.4   0      20     141.3  78     76.5   211.5  21     1.5    0        591.7      49.3 12
                         2005 0      46.5   5.5    0      12     25     62.5          89.5   3      0      8        252.0      22.9 11
                         2006 0      4      1      17     62.5   24     150    141    76     74.5   18     6        574.0      47.8 12
                         2007 31.5   16.5   0      15     13.5   160    143.5  17     115.5  5      12     0        529.5      44.1 12
                         2008 0      2      0      2      31.4   39     103.5  307    39.4   0      0      0        524.3      43.7 12
                         2009 0      0      4      0      4      59     51     78     94.5   73.5   24     11.5     399.5      33.3 12
                         2010 14     110.5  0      2.5    11     57.5   93     58     97     0      0      0        443.5      37.0 12
                         2011 1      0      0      6      0      32.5   47     75.3   75.5   45.2   0      0        282.5      23.5 12
                         2012 6      65     0      0      0      65.5   43.5   40     65     1      1.5    0        287.5      24.0 12
                         2013 56     0      0      0      20     60.5   126    10.5   88.5   19     37     63.5     481.0      40.1 12
                         2014 12.5   0      2      0      92.5   169.5  86.5   53            25     30     7        478.0      43.5 11
                         2015 1      20.5   67     7      46     183    210    164.3  88     85.5   9.5             881.8      80.2 11
                         2016 2.5    17     15     0      2      20     175.5  128.5  78     2                      440.5      44.1 10
                         2017 0      0      10.5   2      24     59     104    108.5  92     23     0      7        430.0      35.8 12
                         2018 22     39     0      31     40.5   255    34     65     197    52.5   36     0        772.0      64.3 12
                         2019 12.5   0      0      0      0             60.6   98            23            30       224.1      24.9  9
                         2020 28.5                               88.5   195    99     37     0      0      15       463.0      57.9  8
                         2021 8      0      0      0      15     128.3  127.5  151.6                                430.4      53.8  8

MINIMA                        0      0      0      0      0      0.2    14.5   10.5   0      0      0      0        206.2      18.7
MAXIMA                        153.5  110.5  67     66.5   92.5   255    435.3  307    211.5  96     50     63.5     881.8      80.2
MEDIA                         15.302 10.975 3.2574 6.5    21.88  82.702 107.75 94.018 75.522 27.8   8.9978 10.802   449.5      39.8
DESV. ESTANDAR                26.291 20.499 10.601 12.03  22.314 56.392 78.389 55.109 48.659 26.422 14.068 15.255   145.03     13.8


TEMP MAXIMA EXT.
                         1972                      33     35     31     28     29.5   29     28.5   29.5   27       270.5      30.1  9
                         1973 26     29.5   30     32.5   36     35.5   28     28     28     30     29     25       357.5      29.8 12
                         1974 26     27.5   30.5   33.5   33.5   35     29     29.5   28     27.5   28     26       354.0      29.5 12
                         1975 27     27     29     34     33     34     28.5   28.5   28.5   29     27.5   27       353.0      29.4 12
                         1976 24.5   27.5   29.5   30     33.5   33     29.5   28     29     28     26     23.5     342.0      28.5 12
                         1977 25.5   27     32.5   30.5   33     29.5   29.5   30.5   30     31.5   28.5   27.5     355.5      29.6 12
                         1978 27.5   26.5   31     33.5   35     31     30.5   29     28                   25       297.0      29.7 10
                         1979 24     24     30     30     32     32.5   31     29     28     30     26     24.5     341.0      28.4 12
                         1980 25     26     30     31     34     35     30     30     29     29     25     25       349.0      29.1 12
                         1981 24     27     28     29     32     34     30     30     29.5   28     27     26       344.5      28.7 12
                         1982 27     28     32     34     34     36     29     29     30     28     27     23       357.0      29.8 12
                         1983 23     23     27     34     35     32     28     28     29     29     26     26       340.0      28.3 12
                         1984 26     26     29     33     32     31     29     27     28     28     27     26       342.0      28.5 12
                         1985 25     26     30     31     34     32     29     28     29     29     28     25       346.0      28.8 12
                         1986 25     29     30     30     33.5   30     30     31     28     28     29     25       348.5      29.0 12
                         1987 25     26     28     31     31     31     30     30     32     29     28     26       347.0      28.9 12
                         1988 26     29     31.5   32     33     33     28     28     28     28     29     27       352.5      29.4 12
                         1989 25     27     29     30     36     35     30            28     28     28     23       319.0      29.0 11
                         1990 25     25            31     35            28     27     26     27     26     26       276.0      27.6 10
                         1991 25     26     30     34     34     34     27     29     27     27     26     24       343.0      28.6 12
                         1992 21     24     28     28     28     32     30     27     28     26     26     25       323.0      26.9 12
                         1993 24     27     27     30     30     33     28     28     27            27     26       307.0      27.9 11
                         1994 25     27     30     31     32     30     30     29     27     27     27     27       342.0      28.5 12
                         1995 25     27     32     32     33     32     28     28     27     28     26     27       345.0      28.8 12
                         1996 26     28     27     29     32     28     29     30     27     28     26     25       335.0      27.9 12
                         1997 23     26     27     29     29     32     28     27.5   28     27     26     25       327.5      27.3 12
                         1998 24     27     29     32     34     33     30     28     26     28     26     26       343.0      28.6 12
                         1999 25     26.5   27     32     32     32     28     29     28     29     27     24       339.5      28.3 12
                         2000 25     26.5   28.5   32     32     31     32     27     28     28     27     26       343.0      28.6 12
                         2001 25     26     29     31     31     31     30     30     27     28     25     25       338.0      28.2 12
                         2002 26     26     28     32     32     31     28     29     27     27     26     29       341.0      28.4 12
                         2003 25     27     29     31     34     31     28     28     28     26     27     24       338.0      28.2 12
                         2004 29     29     32     29     32     29     29     29     28     29     27     27       349.0      29.1 12
                         2005 25     28     29     32     33     37     30            29     31     30     29       333.0      30.3 11
                         2006 28     29     32     33     33     33     33     32     31     29     28     28       369.0      30.8 12
                         2007 28     30     31     32     32     33     32     32     32     32     28     26       368.0      30.7 12
                         2008 27     26     30     34     36     34     30     32     29     29     29     27       363.0      30.3 12
                         2009 28     31     32     33     35     34     33     33     29     32     26     28       374.0      31.2 12
                         2010 26     25     28     32     36     34     32     29     31     30     29     27       359.0      29.9 12
                         2011 30     31     30     33     36     34     31     31     31     29     28     26       370.0      30.8 12
                         2012 26     29     29     32     35     33     29     29     29     30     27     28       356.0      29.7 12
                         2013 26     28     29     33     33     33     30     31     29     28     28     28       356.0      29.7 12
                         2014 25     28     31     32     31     31     30     29            29     26     26       318.0      28.9 11
                         2015 26     31     29     31     33     31     29     30     30     29     29              328.0      29.8 11
                         2016 24     29     29     31     35     31     31     30     29     30                     299.0      29.9 10
                         2017 28     28     30     31     34     33     29     30     29     28     30     29       359.0      29.9 12
                         2018 25     27     31     31     35     33     31     29     28     27     28     23       348.0      29.0 12
                         2019 26     30     32     32     33            32     32            30            29       276.0      30.7  9
                         2020 25                                 33     32     32     32     31     29     28       242.0      30.3  8
                         2021 28     29     30     31     34     34     34     33                                   253.0      31.6  8

MINIMA                        21     23     27     28     28     28     27     27     26     26     25     23       242.0      26.9
MAXIMA                        30     31     32.5   34     36     37     34     33     32     32     30     29       374.0      31.6
MEDIA                         25.622 27.354 29.627 31.591 33.255 32.51  29.76  29.427 28.638 28.67  27.358 26.074   335.5      29.2
DESV. ESTANDAR                1.6186 1.8011 1.5374 1.5058 1.7944 1.8522 1.5657 1.5878 1.4547 1.4114 1.3235 1.6318    29.52      1.0


TEMP MAXIMA PROM
                         1972                      30.4   31.741 26.2   25.129 25.451 25.616 24.854 24.283 22.532   236.2      26.2  9
                         1973 20.612 23.642 27.451 28.95  30.645 27.9   24.5   23.79  26.05  24.403 24.316 21.129   303.4      25.3 12
                         1974 23.387 24.196 26.741 28.133 30.274 28.266 25.483 26.064 24.45  23.58  23.883 20.774   305.2      25.4 12
                         1975 21.838 23     27.274 30.65  30.241 29.166 24.758 24.161 23.866 24.709 24.05  21.58    305.3      25.4 12
                         1976 20.822 23.379 27.032 26.983 29.274 28.15  23.338 24.645 24.433 23.774 22.316 19.371   293.5      24.5 12
                         1977 21.919 23.321 27.451 25.916 30.145 27.566 26.435 27.241 25.666 25.451 23.366 23.274   307.8      25.6 12
                         1978 22.532 21.178 25.693 29.916 30.774 27.683 27.048 24.822 24.116               21.709   255.5      25.5 10
                         1979 20.709 20.696 25.241 28.3   28.725 27.816 27.79  24.983 24.2   27.064 22.733 20.983   299.2      24.9 12
                         1980 20.032 21.344 26.919 27.333 30.677 29.6   28.048 26.677 26.7   24.5   22.083 20.064   304.0      25.3 12
                         1981 17.822 22.428 24.322 26.3   28.677 27.933 26.419 27.064 26.283 25.871 25.133 22.451   300.7      25.1 12
                         1982 23.612 24.821 27.774 30.366 29.741 31.733 26.838 27.451 26.266 24.548 23.533 18.354   315.0      26.3 12
                         1983 17.322 20.821 24.419 28.1   30.129 29.533 24.161 25.516 25.2   25.29  23.466 23.258   297.2      24.8 12
                         1984 20.612 21.655 26.096 29.166 27.612 27.9   23.612 24.741 23.7   25.741 24     22.129   297.0      24.7 12
                         1985 20.129 23.107 26.645 25.733 30.096 26.666 24.774 25.774 26.666 25.483 23.8   21.483   300.4      25.0 12
                         1986 21.483 23.678 24.612 25.15  29.177 25.866 25.548 27.725 26.333 24.129 24.533 21.516   299.8      25.0 12
                         1987 20.225 19.535 23.258 25.866 28.032 28.133 26.129 27.806 28.433 26.161 23.983 21.596   299.2      24.9 12
                         1988 21.596 25.12  24.709 27.6   30.741 28.166 25.516 25.29  25.933 25.258 26.066 23.193   309.2      25.8 12
                         1989 23.548 24.107 25.387 27.266 30.58  30.233 27.387        25.566 26.741 26.166 19.741   286.7      26.1 11
                         1990 21.516 22.321        27.9   30            25.58  24.612 24.966 24.032 24.533 23.451   248.9      24.9 10
                         1991 21.967 22.821 26.903 29.3   31.193 29.366 24.548 26.612 23.7   24.29  23.7   21.064   305.5      25.5 12
                         1992 15.871 20.482 25.258 26.066 26.419 27.833 26.258 25.032 25.3   22.967 22.033 22.225   285.7      23.8 12
                         1993 21.129 23.142 24.516 26.966 27.709 27.6   25.677 26     25.066        25.133 24.129   277.1      25.2 11
                         1994 21.645 24.857 26.306 28.566 30.193 26.433 27.032 25.516 24.566 25     25.3   24.032   309.4      25.8 12
                         1995 21.838 24.178 26.193 28.266 30.258 28.133 25.129 24.193 24.283 25.322 23.8   21.58    303.2      25.3 12
                         1996 21.129 24.051 24.483 26.066 29.516 26.7   27.161 25.774 24.933 26.08  21.866 22.838   300.6      25.1 12
                         1997 19.161 22.642 24.629 24.6   27.354 28.466 26.032 24.5   25.3   23.709 23.8   20.519   290.7      24.2 12
                         1998 20.258 21.75  25.806 29.766 31.516 30.066 27.709 25.709 23.916 23.887 24.566 23.048   308.0      25.7 12
                         1999 21.483 24.839 25.693 28.5   29.483 28.466 26.58  26.532 26.25  25.016 23.25  20.403   306.5      25.5 12
                         2000 22.564 24.172 26.306 28.733 28.806 28.566 28.419 26.096 26     26.096 24.783 21.935   312.5      26.0 12
                         2001 20.709 24.571 24.838 29.033 27.516 28.366 26.903 26.677 24.766 24.516 22.466 20.58    300.9      25.1 12
                         2002 21.064 21.857 25.451 28.233 28.29  27     25.419 26.483 24.6   24.806 22.233 21.451   296.9      24.7 12
                         2003 20.935 24.071 25.483 27.333 30.838 28.233 25.354 26.161 24.366 24.193 25     21.903   303.9      25.3 12
                         2004 20.516 22.034 28.064 26.5   28.516 26.9   26.838 26.354 24.9   25.766 23.566 23.677   303.6      25.3 12
                         2005 24.354 26.125 26.096 29.966 31.612 32.8   28.774        28.233 29.548 28.8   27.709   314.0      28.5 11
                         2006 26.58  26.285 30.161 31.633 31.903 31.766 30.709 27.774 28.433 27.322 26.266 27.967   346.8      28.9 12
                         2007 27.838 27.071 28.29  30.633 30.903 32.095 30.774 29.258 29.133 29.064 25.633 22.225   342.9      28.6 12
                         2008 23.806 22.551 26.645 31.366 31.161 29.666 27.129 29.096 25.166 24.967 25.433 23.58    320.6      26.7 12
                         2009 23.822 27.148 28.532 29.466 31.064 31.6   30.161 30.29  26.233 26.967 24.366 21.919   331.6      27.6 12
                         2010 21.774 22.607 25.129 29.733 33.225 31.166 27.88  27.838 26.733 28.387 26.4   24.387   325.3      27.1 12
                         2011 26     26.5   28.161 30.5   32.354 30.633 27.806 28.774 26.966 26.741 25.166 23.645   333.3      27.8 12
                         2012 21.451 21.931 26.935 28.766 30.871 29.689 26.419 26.225 25.7   27.225 24.3   23.866   313.4      26.1 12
                         2013 21.096 25.25  25.354 29.566 29.903 29.166 26.193 27.225 25.266 25.838 22.233 20.967   308.1      25.7 12
                         2014 20.161 26.037 26.58  29.233 28.548 27.766 26.967 26.966        27.666 22.551 22.433   284.9      25.9 11
                         2015 23.7   23.142 23.066 28.1   29.871 27.344 26.935 27.9   28.275 25.032 26.2            289.6      26.3 11
                         2016 20.935 24     24.838 28.433 31.258 28.9   28.161 26.612 26.2   26.516                 265.9      26.6 10
                         2017 22.645 22.785 25.516 27.6   32.032 30.066 27.129 27.354 25.2   24.387 25.333 22.29    312.3      26.0 12
                         2018 20.064 22.928 26     26     29.258 26.633 26.677 26     25.466 21.548 21.1   18.133   289.8      24.2 12
                         2019 19.677 24     26.967 27.6   31.903        30.225 29.419        29            19.451   238.2      26.5  9
                         2020 19.774                             31.666 31.032 31.096 30.966 28.774 24     25.612   222.9      27.9  8
                         2021 25.322 27.964 29.774 30.192 32.096 32.933 32.935 32.967                               244.2      30.5  8

MINIMA                        15.871 19.535 23.066 24.6   26.419 25.866 23.338 23.79  23.7   21.548 21.1   18.133   222.9      23.8
MAXIMA                        27.838 27.964 30.161 31.633 33.225 32.933 32.935 32.967 30.966 29.548 28.8   27.967   346.8      30.5
MEDIA                         21.612 23.545 26.149 28.301 30.058 28.844 26.869 26.672 25.752 25.579 24.163 22.174   297.0      25.9
DESV. ESTANDAR                2.1956 1.8553 1.5064 1.6941 1.4795 1.791  1.9764 1.86   1.5274 1.6874 1.4836 1.9728    25.73      1.3


TEMP MEDIA MENS.
                         1972                      19.083 21.758 19.1   18.709 18.612 18.083 17.177 16.058 12.943   161.5      17.9  9
                         1973 11.354 14.044 17.169 19.35  21.129 20.575 18.08  17.709 18.725 16.943 14.35  11.29    200.7      16.7 12
                         1974 12.838 12.955 15.814 18.183 19.669 19.566 18.274 18.403 17.433 15.362 14.075 12.161   194.7      16.2 12
                         1975 12.29  12.5   16.201 19.491 20.604 20.575 17.685 17.612 16.425 15.725 13.608 11.879   194.6      16.2 12
                         1976 10.975 12.206 16.008 16.85  18.935 19.216 17.233 17.233 17.441 15.79  13.808 12.233   187.9      15.7 12
                         1977 12.096 12.982 16.217 16.1   19.766 19.725 18.241 18.871 17.758 16.677 13.408 12.443   194.3      16.2 12
                         1978 11.798 11.392 15.008 18.458 20.362 19.458 18.975 17.701 17.583               13.483   164.2      16.4 10
                         1979 11.717 12.089 15.548 17.933 18.774 19.508 19.854 17.919 17.05  16.693 13.025 12.467   192.6      16.0 12
                         1980 10.967 12.413 16.314 17.175 20.459 20.216 19.588 18.927 18.675 16.427 13.316 12.129   196.6      16.4 12
                         1981 10     13.178 15.104 17.466 19.096 20.075 18.919 19.145 18.441 17.693 14.941 13.193   197.3      16.4 12
                         1982 13.403 13.866 16.467 19.725 20.451 22.091 19.08  19.104 18.383 16.371 13.966 11.064   204.0      17.0 12
                         1983 10.282 10.526 13.806 17.25  20.427 21     18.112 18.572 18.2   16.951 14.433 13.112   192.7      16.1 12
                         1984 12.29  12.25  15.548 17.508 18.137 19.391 17.056 17.435 16.908 16.935 14     12.983   190.4      15.9 12
                         1985 10.879 13.589 16.548 16.75  20.048 19.15  17.612 17.822 18.066 16.903 14.216 12.774   194.4      16.2 12
                         1986 11.451 13.053 13.532 16.678 20.838 19.05  18.338 20.153 18.783 16.677 15.983 12.919   197.5      16.5 12
                         1987 10.5   10.696 13.967 16.4   19.798 20.066 19.161 19.532 19.516 16.596 14.966 12.04    193.2      16.1 12
                         1988 12.04  15.275 15.532 17.416 20.29  19.516 18.467 18.5   17.85  16.354 15.583 13.854   200.7      16.7 12
                         1989 13.983 13.839 14.612 17.216 20.096 20.85  19.096        17.633 16.483 15.783 11.193   180.8      16.4 11
                         1990 12.903 13.392        17.416 20.209        18.048 18     17.516 16.741 14.616 13.258   162.1      16.2 10
                         1991 12.29  13.285 15.629 18.5   20.741 19.7   17.403 18.935 17.033 16.064 14.433 12.967   197.0      16.4 12
                         1992 10.241 12.275 15.758 16.333 18.161 19.633 18.838 17.935 17.883 15.871 13.6   13.741   190.3      15.9 12
                         1993 12.435 13.089 14.258 16.716 18.5   20.083 18.919 18.951 18.4          15.733 13.967   181.1      16.5 11
                         1994 12.645 14.696 16.943 18.266 21.096 19.566 19.596 19.193 18.383 17.951 16     14.693   209.0      17.4 12
                         1995 13.306 15.5   16.193 20     21.306 20.883 18.951 18.612 18.408 17.29  15.633 13.58    209.7      17.5 12
                         1996 12.096 14.646 14.758 16.733 20.451 19.7   19.967 19.241 18.375 18.604 13.533 13.629   201.7      16.8 12
                         1997 10.435 13.839 14.991 16.15  18.532 20.416 19.564 17.024 18.466 15.903 15.166 11.278   191.8      16.0 12
                         1998 10.871 12.607 15.467 19.316 21.419 21.533 20.258 18.741 18.125 17.04  15.766 13.596   204.7      17.1 12
                         1999 11.362 14.446 16.056 18.441 19.387 19.95  18.612 18.887 18.275 16.427 13.725 10.846   196.4      16.4 12
                         2000 12.274 13.413 15.475 19.15  20.516 20.55  20.241 18.274 18.225 17.717 16.308 12.951   205.1      17.1 12
                         2001 11.822 15.464 15.548 19.883 18.838 19.533 19.161 19.161 18.058 16.403 13.833 12.371   200.1      16.7 12
                         2002 11.693 13.017 15.806 19     19.967 19.366 18.483 18.806 17.833 17.58  14.266 12.322   198.1      16.5 12
                         2003 12.629 14.732 15.467 18.083 20.951 20.2   18.741 18.854 18.166 16.419 16.033 12.096   202.4      16.9 12
                         2004 11.838 12.155 17.919 17.15  19.709 19.616 19.725 19.145 18.566 18.576 14.483 13.596   202.5      16.9 12
                         2005 14.467 16.169 16.145 19.833 21.048 22.783 21            20.233 19.79  17.816 16.596   205.9      18.7 11
                         2006 15.177 15.839 19.225 20.866 21.629 22.266 21.919 20.161 20.45  19.741 16.866 17.806   232.0      19.3 12
                         2007 17.935 17.107 18.209 20.766 21.919        22.387 21.241 20.6   19.177 15.9   12.612   207.9      18.9 11
                         2008 12.887 11.715 15.129 19.55  19.919 19.283 19.516 20.064 18.766 16.677 15.333 12.532   201.4      16.8 12
                         2009 13.677 15.62  17.379 20.391 21.991 22.383 21.225 21.064 19.516 19     14.7   12.798   219.7      18.3 12
                         2010 12.387 13.285 15.241 19.366 22.064 21.816 20.06  20.306 19.633 17.419 14.758 13.911   210.3      17.5 12
                         2011 14.661 14.401 15.935 19.1   21.725 22.4   21     21.161 19.666 18.129 15.983 13.725   217.9      18.2 12
                         2012 12.483 13.051 15.419 16.633 18.677 21.461 19.854 19.887 19.066 18.79  16.616 14.546   206.5      17.2 12
                         2013 12.564 15.053 15.08  18.883 21.048 21.433 19.758 20.274 19.666 18.596 15.833 13.096   211.3      17.6 12
                         2014 11.838 15.822 17.177 19.516 20.467 20.933 20.016 19.612        18.22  14.259 13.442   191.3      17.4 11
                         2015 14.221 14.571 15.065 19.616 20.903 20.672 19.338 19.933 19.604 17.919 17.833          199.7      18.2 11
                         2016 11.806 13.5   15.693 19.3   22.064 21.083 20.79  20.209 19.433 18.129                 182.0      18.2 10
                         2017 13.612 13.946 16.709 18.2   21.919 21.95  20.048 20.209 18.783 17.112 15.9   13.451   211.8      17.7 12
                         2018 11.871 15.375 16.887 17.45  20.564 20.033 19.29  19.032 19.216 16.516 13.933 10.695   200.9      16.7 12
                         2019 11.967 15.232 17.403 17.716 21.435        21.548 21.241        20.548        12.129   159.2      17.7  9
                         2020 12.5                               22.4   22.161 22.193 21.8   18.741 15.45  15.838   151.1      18.9  8
                         2021 15.193 17.214 19.274 19.884 21.838 23.183 23.387 22.758                               162.7      20.3  8

MINIMA                        10     10.526 13.532 16.1   18.137 19.05  17.056 17.024 16.425 15.362 13.025 10.695   151.1      15.7
MAXIMA                        17.935 17.214 19.274 20.866 22.064 23.183 23.387 22.758 21.8   20.548 17.833 17.806   232.0      20.3
MEDIA                         12.387 13.777 15.95  18.311 20.401 20.509 19.446 19.216 18.534 17.337 14.996 13.026   195.2      17.1
DESV. ESTANDAR                1.4774 1.5363 1.2239 1.3191 1.1014 1.1278 1.366  1.2618 1.0443 1.1886 1.1656 1.3646    16.20      1.0


TEMP MINIMA EXT.
                         1972                      2      9      10     9      8      8      4.5    3      0         53.5       5.9  9
                         1973 -5     1      1      2      9      9.5    8.5    7.5    9      4.5    0      0         47.0       3.9 12
                         1974 0      0      1.5    3      4.5    3.5    8.5    7.5    5      3      -4     0.5       33.0       2.8 12
                         1975 -5     -1.5   0      4.5    8.5    9      7      9      3      1      -2     -5        28.5       2.4 12
                         1976 -3.5   -5     -0.5   2      5.5    6.5    9      6      7.5    5      0      1.5       34.0       2.8 12
                         1977 -1     0.5    0.5    2.5    5      10     8      8.5    6      2      -1.5   -1.5      39.0       3.3 12
                         1978 -3.5   -3     -2     1      6      8      9      7      8                    0         30.5       3.1 10
                         1979 -3     -1.5   2.5    5      4      6      10     8      3      2      -5     -1        30.0       2.5 12
                         1980 -2     -2     0      -2.5   5      7.5    9      9      8      4      -1     0         35.0       2.9 12
                         1981 -4     0      0      4      3      9      9      8      6      5      0      -1        39.0       3.3 12
                         1982 -3     -3     0      5      8      11     9      7      7      4      0      -3        42.0       3.5 12
                         1983 -4     -3     -2     1      6      9      9      8.5    8      4      -1     -3        32.5       2.7 12
                         1984 -1.5   -2     -1     1      4.5    5      8      7      6      4      -2     -1        28.0       2.3 12
                         1985 -6     0      2      4      6      7      8      7      8      2      -1     -2        35.0       2.9 12
                         1986 -3     -3     -3     0.7    6      10     9      10     9      3      -3     -6        29.7       2.5 12
                         1987 -3     -2     -1     3      8      8      9      9      9      4      1.5    -3        42.5       3.5 12
                         1988 -3     0.5    1      3      5      7      8      9      4      4      2      2         42.5       3.5 12
                         1989 1      -2     -3     4      6      8      8             4      3      3      -4        28.0       2.5 11
                         1990 -2     3             4      6             7      10     9      4      0      -1        40.0       4.0 10
                         1991 -4     0      -1     3      5      8      9      9      7      4      -2     -3        35.0       2.9 12
                         1992 1      -2     3      3      7      9      9      9      9      4      -1     2         53.0       4.4 12
                         1993 0      -3     -3     3      4      10     10     8      8             4      -2        39.0       3.5 11
                         1994 -1     2      4      4      9      9      9      10     7      8      2      0         63.0       5.3 12
                         1995 1      2      0      8      7      11     11     11     10     5      0      4         70.0       5.8 12
                         1996 -1     0      -2     5      9      10     10     11     9      9      0      2         62.0       5.2 12
                         1997 -4     1      -3     4      7      10     11     7      10     1      2      -8        38.0       3.2 12
                         1998 -2     0      -1     5      9      12     12     10     9.5    5      5      -1        63.5       5.3 12
                         1999 -2     2      4      6      6      9      8      9      8      1      0      -5        46.0       3.8 12
                         2000 -3     -2     0      8      10     10     10     6      8      8      4      -4        55.0       4.6 12
                         2001 -3     3      0      6      7      8      9      9      8      5      2      -3        51.0       4.3 12
                         2002 -3     0      -2     6      9      9      9      8      6      8      0      -3        47.0       3.9 12
                         2003 -3     1      -2     5      8      9      10     10     9      2      0      -3        46.0       3.8 12
                         2004 -4     -3     2      2      7      9      10     9      9      9      -2     -3        45.0       3.8 12
                         2005 3      3      3      6      6      10     11            9      4      3      2         60.0       5.5 11
                         2006 -6     0      5      8      9      11     12     10     10     5      -1     -4        59.0       4.9 12
                         2007 3      4      4      7      10            11     11     10     4      3      -2        65.0       5.9 11
                         2008 -2     -2     0      4      5      4      8      7      7      5      2      -3        35.0       2.9 12
                         2009 -1     2      4      10     9      9      10     9      10     7      3      1         73.0       6.1 12
                         2010 -1     0      1      6      1      9      10     11     9      4      -1     1         50.0       4.2 12
                         2011 1      -3     1      4      7      12     12     11     8      5      -4     0         54.0       4.5 12
                         2012 -1     2      2      3      3      12     12     12     9      8      6      3         71.0       5.9 12
                         2013 0      2      -1     4      6      11     11     11     12     6      3      2         67.0       5.6 12
                         2014 -2     3      2      7      7      13     11     10            7      1      2         61.0       5.5 11
                         2015 3      3      3      8      8      11     9      10     9      7      3                74.0       6.7 11
                         2016 -1     -2     1      6      9      11     11     12     10     6                       63.0       6.3 10
                         2017 1      1      4      4      10     12     11     12     8      4      0      -5        62.0       5.2 12
                         2018 0      5      4      6      9      12     7      10     10     6      1      -4        66.0       5.5 12
                         2019 -1     2      6      4      7      11     12     10     11     10     7      2         81.0       6.8 12
                         2020 -3                                 3      11     12     8      6      5      3         45.0       5.6  8
                         2021 2      4      5      7      6      10     11     1                                     46.0       5.8  8

MINIMA                        -6     -5     -3     -2.5   1      3      7      1      3      1      -5     -8        28.0       2.3
MAXIMA                        3      5      6      10     10     13     12     12     12     10     7      4         81.0       6.8
MEDIA                         -1.724 0.0416 0.8297 4.3102 6.7551 9.125  9.58   8.9791 8.0208 4.8085 0.7234 -1.202    48.7       4.3
DESV. ESTANDAR                2.2408 2.3471 2.4121 2.3315 2.0466 2.2372 1.3973 1.9892 1.9487 2.1708 2.6371 2.71      14.31      1.3


TEMP MINIMA PROM
                         1972                      7.7666 11.774 12     12.29  11.774 10.55  9.5    7.8333 3.3548    86.8       9.6  9
                         1973 2.0967 4.4464 6.8871 9.75   11.612 13.25  11.661 11.629 11.4   9.4838 4.3833 1.4516    98.1       8.2 12
                         1974 2.2903 1.7142 4.8871 8.2333 9.0645 10.866 11.064 10.741 10.416 7.1451 4.2666 3.5483    84.2       7.0 12
                         1975 2.7419 2      5.129  8.3333 10.967 11.983 10.612 11.064 8.9833 6.7419 3.1666 2.1774    83.9       7.0 12
                         1976 1.129  1.0344 4.9838 6.7166 8.5967 10.283 11.129 9.8225 10.45  7.8064 5.3    5.0967    82.3       6.9 12
                         1977 2.2741 2.6428 4.9838 6.2833 9.3871 11.883 10.048 10.5   9.85   7.9032 3.45   1.6129    80.8       6.7 12
                         1978 1.0645 1.6071 4.3225 7      9.9516 11.233 10.903 10.58  11.05                5.258     73.0       7.3 10
                         1979 2.7258 3.4821 5.8548 7.5666 8.8225 11.2   11.919 10.854 9.9    6.3225 3.3166 3.9516    85.9       7.2 12
                         1980 1.9032 3.4827 5.7096 7.0166 10.241 10.833 11.129 11.177 10.65  8.3548 4.55   4.1935    89.2       7.4 12
                         1981 2.1774 3.9285 5.8871 8.6333 9.5161 12.216 11.419 11.225 10.6   9.5161 4.75   3.9354    93.8       7.8 12
                         1982 3.1935 2.9107 5.1612 9.0833 11.161 12.45  11.322 10.758 10.5   8.1935 4.4    3.7741    92.9       7.7 12
                         1983 3.2419 0.2321 3.1935 6.4    10.725 12.466 12.064 11.629 11.2   8.6129 5.4    2.9677    88.1       7.3 12
                         1984 3.9677 2.8448 5      5.85   8.6612 10.883 10.5   10.129 10.116 8.129  4      3.8387    83.9       7.0 12
                         1985 1.629  4.0714 6.4516 7.7666 10     11.633 10.451 9.8709 9.4666 8.3225 4.6333 4.0645    88.4       7.4 12
                         1986 1.4193 2.4285 2.4516 8.2066 12.5   12.233 11.129 12.58  11.233 9.2258 7.4333 4.3225    95.2       7.9 12
                         1987 0.7741 1.8571 4.6774 6.9333 11.564 12     12.193 11.258 10.6   7.0322 5.95   2.4838    87.3       7.3 12
                         1988 2.4838 5.431  6.3548 7.2333 9.8387 10.866 11.419 11.709 9.7666 7.4516 5.1    4.5161    92.2       7.7 12
                         1989 4.4193 3.5714 3.8387 7.1666 9.6129 11.466 10.806        9.7    6.2258 5.4    2.6451    74.9       6.8 11
                         1990 4.2903 4.4642        6.9333 10.419        10.516 11.387 10.066 9.4516 4.7    3.0645    75.3       7.5 10
                         1991 2.6129 3.75   4.3548 7.7    10.29  10.033 10.258 11.258 10.366 7.8387 5.1666 4.8709    88.5       7.4 12
                         1992 4.6129 4.0689 6.258  6.6    9.9032 11.433 11.419 10.838 10.466 8.7741 5.1666 5.258     94.8       7.9 12
                         1993 3.7419 3.0357 4      6.4666 9.2903 12.566 12.161 11.903 11.733        6.3333 3.8064    85.0       7.7 11
                         1994 3.6451 4.5357 7.5806 7.9666 12     12.7   12.161 12.871 12.2   10.903 6.7    5.3548   108.6       9.1 12
                         1995 4.7741 6.8214 6.1935 11.733 12.354 13.633 12.774 13.032 12.533 9.258  7.4666 5.5806   116.2       9.7 12
                         1996 3.0645 5.2413 5.0322 7.4    11.387 12.7   12.774 12.709 11.816 11.129 5.2    4.4193   102.9       8.6 12
                         1997 1.7096 5.0357 5.3548 7.7    9.7096 12.366 13.096 9.5483 11.633 8.0967 6.5333 2.0384    92.8       7.7 12
                         1998 1.4838 3.4642 5.129  8.8666 11.322 13     12.806 11.774 12.333 10.193 6.9666 4.1451   101.5       8.5 12
                         1999 1.2419 4.0535 6.4193 8.3833 9.2903 11.433 10.645 11.241 10.3   7.8387 4.2    1.2903    86.3       7.2 12
                         2000 1.9838 2.6551 4.6451 9.5666 12.225 12.533 12.064 10.451 10.45  9.3387 7.8333 3.9677    97.7       8.1 12
                         2001 2.9354 6.3571 6.258  10.733 10.161 10.7   11.419 11.645 11.35  8.2903 5.2    4.1612    99.2       8.3 12
                         2002 2.3225 4.1785 6.1612 9.7666 11.645 11.733 11.548 11.129 11.066 10.354 6.3    3.1935    99.4       8.3 12
                         2003 4.3225 5.3928 5.4516 8.8333 11.064 12.166 12.129 11.548 11.966 8.6451 7.0666 2.2903   100.9       8.4 12
                         2004 3.1612 2.2758 7.7741 7.8    10.903 12.333 12.612 11.935 12.233 11.387 5.4    3.5161   101.3       8.4 12
                         2005 4.5806 6.2142 6.1935 9.7    10.483 12.766 13.225        12.233 10.032 6.8333 5.4838    97.7       8.9 11
                         2006 3.7741 5.3928 8.2903 10.1   11.354 12.766 13.129 12.548 12.466 12.161 7.4666 7.6451   117.1       9.8 12
                         2007 8.0322 7.1428 8.129  10.9   12.935        14     13.225 12.066 9.2903 6.1666 3        104.9       9.5 11
                         2008 1.9677 0.8793 3.6129 7.7333 8.6774 8.9    11.903 11.032 12.366 8.3871 5.2333 1.4838    82.2       6.8 12
                         2009 3.5322 4.0925 6.2258 11.316 12.919 13.166 12.29  11.838 12.8   11.032 5.0333 3.6774   107.9       9.0 12
                         2010 3      3.9642 5.3548 9      10.903 12.466 12.24  12.774 12.533 6.4516 3.1166 3.4354    95.2       7.9 12
                         2011 3.3225 2.3035 3.7096 7.7    11.096 14.166 14.193 13.548 12.366 9.5161 6.8    3.8064   102.5       8.5 12
                         2012 3.5161 4.1724 3.9032 4.5    6.4838 13.233 13.29  13.548 12.433 10.354 8.9333 5.2258    99.6       8.3 12
                         2013 4.0322 4.8571 4.8064 8.2    12.193 13.7   13.322 13.322 14.066 11.354 9.4333 5.2258   114.5       9.5 12
                         2014 3.5161 5.6071 7.7741 9.8    12.387 14.1   13.064 12.258        8.7741 5.9666 4.4516    97.7       8.9 11
                         2015 4.7419 6      7.0645 11.133 11.935 14     11.741 11.967 10.933 10.806 9.4666          109.8      10.0 11
                         2016 2.6774 3      6.5483 10.166 12.871 13.266 13.419 13.806 12.666 9.7419                  98.2       9.8 10
                         2017 4.5806 5.1071 7.9032 8.8    11.806 13.833 12.967 13.064 12.366 9.8387 6.4666 4.6129   111.3       9.3 12
                         2018 3.6774 7.8214 7.7741 8.9    11.871 13.433 11.903 12.064 12.966 11.483 6.7666 3.258    111.9       9.3 12
                         2019 4.258  6.4642 7.8387 7.8333 10.967 14.333 12.871 13.064 12.555 12.096 9.9    4.8064   117.0       9.7 12
                         2020 5.2258                             13.133 13.29  13.29  12.633 8.7096 6.9    6.0645    79.2       9.9  8
                         2021 5.0645 6.4642 8.7741 9.5769 11.58  13.433 13.838 12.548                                81.3      10.2  8

MINIMA                        0.7741 0.2321 2.4516 4.5    6.4838 8.9    10.048 9.5483 8.9833 6.2258 3.1166 1.2903    73.0       6.7
MAXIMA                        8.0322 7.8214 8.7741 11.733 12.935 14.333 14.193 13.806 14.066 12.161 9.9    7.6451   117.1      10.2
MEDIA                         3.1619 4.0104 5.7508 8.3214 10.743 12.287 12.022 11.76  11.341 9.0957 5.9159 3.8793    94.8       8.2
DESV. ESTANDAR                1.367  1.7423 1.4761 1.5324 1.3638 1.1795 1.0505 1.0756 1.1339 1.5251 1.6527 1.311     11.54      1.0


