COMISIÓN NACIONAL DEL AGUA
COORDINACIÓN GENERAL DEL SERVICIO METEOROLÓGICO NACIONAL
PROYECTO DE BASES DE DATOS CLIMATOLÓGICOS
    
                         AÑO  ENE    FEB    MAR    ABR    MAY    JUN    JUL    AGO    SEP    OCT    NOV    DIC  ACUMULADO  MEDIA  MESES
00001088
COSIO, COSÍO            
DIAS CON GRANIZO
                         1978                                                  0      0      0      0      0          0.0       0.0  5
                         1979 0      0      0      0      0      0      0      1      0      0      0      0          1.0       0.1 12
                         1980 0      0      0      1      0      0      0      2      0      0      0      0          3.0       0.3 12
                         1981 0      0      0      0      0      0      0      0      0      0      0      0          0.0       0.0 12
                         1982 0      0      0      0      0      0      0      0      0      0      0      0          0.0       0.0 12
                         1983 0      0      0      0      0      0      0      0      0      0      0      0          0.0       0.0 12
                         1984 0      0      0      0      0      1      0      0      0      0      0      0          1.0       0.1 12
                         1985 0      0      0      0      0      0      0      0      0      0      0      0          0.0       0.0 12
                         1986 0      0      0      0             0      0      0      0      0      0      0          0.0       0.0 11
                         1987 0      0      0      1      0      0      0      0      0      0      0      0          1.0       0.1 12
                         1988 0      0      0      0      0      0      0      0      0      0      0      0          0.0       0.0 12
                         1989 0      0      0      0      0      0      0      0      0      0      0      0          0.0       0.0 12
                         1990 0      0      0      0      0      0      1      0      0      0      0      0          1.0       0.1 12
                         1991 0      0      0      0      0      0      0      0      0      0      0      0          0.0       0.0 12
                         1992 0      0      0      0      0      0      0      0      0      0      0      0          0.0       0.0 12
                         1993 0      0      0      0      0      0      0      0                                      0.0       0.0  8
                         1994 0      0      0      0      0      0      0      0      0      0      0      0          0.0       0.0 12
                         1995 0      0      0      0      0      0      0      0      0      0      0      0          0.0       0.0 12
                         1996 0      0      0      0      0      0      0      0      0      0      0      0          0.0       0.0 12
                         1997 0      0      0      0      0      0      0      0      0      0      0      0          0.0       0.0 12
                         1998                                           0      0      0      0      0      0          0.0       0.0  6
                         1999 0      0      0      0      0      0      0      0      0      0      0      0          0.0       0.0 12
                         2000 0      0      0      0      0      0      0      0      0      0      0      0          0.0       0.0 12
                         2001 0      0      0      0      0      0      0      0      0      0      0      0          0.0       0.0 12
                         2002 0      0      0      0      0      0      0      0      0      0      0      0          0.0       0.0 12
                         2003 0      0      0      0      0      0      0      0      0      0      0      0          0.0       0.0 12
                         2004 1      0      0      0      0      1      0      0      0      0      0      0          2.0       0.2 12
                         2005 0      0      0      0      0      0      0      0      0      0      0      0          0.0       0.0 12
                         2006 0      0      0      0      0      0      0      0      0      0      0      0          0.0       0.0 12
                         2007 0      0      0      1      1      0      0      0      0      0      0      0          2.0       0.2 12
                         2008 0      0      0      0      0      0      0      0      0      0      0      0          0.0       0.0 12
                         2009 0      0      0      0      0      0      2      6      1      0      0      0          9.0       0.8 12
                         2010 1      0      0      0      0      4      0      2      4      0      0      0         11.0       0.9 12
                         2011 0      0      0      1      1      1      2      0      1      0      0      0          6.0       0.5 12
                         2012 1      0      0      0      1      2      8      1      0      0      0      0         13.0       1.1 12
                         2013 0      0      0      0      0      0      0      0      0      0      1      0          1.0       0.1 12
                         2014 0      0      0      0      0      0      0      1      0      0      0      0          1.0       0.1 12
                         2015 0      0      1      1      1      0      1      0      0      0      0      0          4.0       0.3 12
                         2016 0      0      0      0      0      0      1      0      0      0      0      0          1.0       0.1 12
                         2017 0      0      0      0      1      0      0      0      0      0      0      0          1.0       0.1 12
                         2018 0      0      0      0      0      0      1      0      0      0      0      0          1.0       0.1 12
                         2019 0      0      0      0      0      0      0      0      0      0      0      0          0.0       0.0 12
                         2020 0             0      0      0      0      0      0      0      0      0      0          0.0       0.0 11
                         2021 0      0      0      0      0      0      0      0      1      0                        1.0       0.1 10

MINIMA                        0      0      0      0      0      0      0      0      0      0      0      0          0.0       0.0
MAXIMA                        1      0      1      1      1      4      8      6      4      0      1      0         13.0       1.1
MEDIA                         0.0714 0      0.0238 0.119  0.1219 0.2142 0.372  0.2954 0.1627 0      0.0238 0          1.4       0.1
DESV. ESTANDAR                0.2606 0      0.1543 0.3277 0.3313 0.7168 1.2914 1.0018 0.6521 0      0.1543 0          2.93      0.2


DIAS CON NIEBLA 
                         1978                                                  0      0      1      0      0          1.0       0.2  5
                         1979 0      2      0      0      0      0      0      0      0      0      0      0          2.0       0.2 12
                         1980 0      0      0      0      0      0      0      0      0      0      0      0          0.0       0.0 12
                         1981 1      0      0      0      0      0      0      0      0      2      2      1          6.0       0.5 12
                         1982 0      0      0      0      0      0      0      0      0      0      1      0          1.0       0.1 12
                         1983 2      0      0      0      0      0      0      0      0      0      0      0          2.0       0.2 12
                         1984 0      0      0      0      0      0      2      0      1      0      0      0          3.0       0.3 12
                         1985 0      0      0      0      0      0      0      0      0      1      0      0          1.0       0.1 12
                         1986 0      0      0      0             0      0      0      0      0      0      0          0.0       0.0 11
                         1987 1      0      0      0      0      0      0      0      0      0      0      0          1.0       0.1 12
                         1988 0      0      0      0      0      0      0      0      0      0      0      0          0.0       0.0 12
                         1989 0      0      0      0      0      0      0      0      0      0      0      0          0.0       0.0 12
                         1990 0      0      0      0      0      0      0      0      0      0      0      0          0.0       0.0 12
                         1991 0      0      0      0      0      0      0      0      0      0      0      0          0.0       0.0 12
                         1992 0      0      0      0      0      0      0      0      0      0      0      0          0.0       0.0 12
                         1993 0      0      0      0      0      0      0      0                                      0.0       0.0  8
                         1994 0      0      0      0      0      0      0      0      0      0      0      0          0.0       0.0 12
                         1995 0      0      0      0      0      0      0      0      0      0      0      0          0.0       0.0 12
                         1996 0      0      0      0      0      0      0      0      0      0      0      0          0.0       0.0 12
                         1997 0      0      0      0      0      0      0      0      0      0      0      0          0.0       0.0 12
                         1998                                           1      0      0      5      0      0          6.0       1.0  6
                         1999 0      0      0      0      0      0      0      0      0      0      0      0          0.0       0.0 12
                         2000 0      0      0      0      0      0      0      0      0      0      0      0          0.0       0.0 12
                         2001 0      0      0      0      0      0      0      0      0      0      0      0          0.0       0.0 12
                         2002 0      1      0      0      0      0      0      0      0      0      0      0          1.0       0.1 12
                         2003 0      0      0      0      0      0      10     19     17     9      2      0         57.0       4.8 12
                         2004 0      0      1      0      0      7      9      12     9      4      0      0         42.0       3.5 12
                         2005 0      4      0      0      0      0      8      0      1      0      0      0         13.0       1.1 12
                         2006 1      0      0      0      0      0      0      2      4      0      4      0         11.0       0.9 12
                         2007 0      1      0      0      0      1      1      0      0      1      0      0          4.0       0.3 12
                         2008 0      0      0      0      0      0      0      1      0      0      0      0          1.0       0.1 12
                         2009 0      0      0      0      0      0      0      0      0      0      0      0          0.0       0.0 12
                         2010 0      1      0      0      0      0      0      1      0      0      0      0          2.0       0.2 12
                         2011 0      0      0      0      0      0      1      0      0      0      0      0          1.0       0.1 12
                         2012 0      0      0      0      0      0      1      0      0      2      1      0          4.0       0.3 12
                         2013 2      0      0      0      0      1      1      1      2      4      4      4         19.0       1.6 12
                         2014 1      0      0      0      0      0      2      3      0      2      0      1          9.0       0.8 12
                         2015 0      0      0      2      0      2      5      2      4      1      1      1         18.0       1.5 12
                         2016 0      0      0      0      1      0      0      4      0      1      2      2         10.0       0.8 12
                         2017 1      0      0      0      0      1      4      1      3      4      1      0         15.0       1.3 12
                         2018 1      0      0      0      0      3      0      4      4      4      3      4         23.0       1.9 12
                         2019 1      0      1      0      0      0      3      3      0      0      5      0         13.0       1.1 12
                         2020 1             0      0      0      2      6      4      0      0      0      0         13.0       1.2 11
                         2021 0      0      0      0      0      1      4      0      5      3                       13.0       1.3 10

MINIMA                        0      0      0      0      0      0      0      0      0      0      0      0          0.0       0.0
MAXIMA                        2      4      1      2      1      7      10     19     17     9      5      4         57.0       4.8
MEDIA                         0.2857 0.2195 0.0476 0.0476 0.0243 0.4285 1.3488 1.2954 1.1627 1.0232 0.619  0.3095     6.6       0.6
DESV. ESTANDAR                0.5537 0.7249 0.2155 0.3086 0.1561 1.2325 2.5901 3.441  3.0855 1.8959 1.2678 0.9236    11.44      1.0


DIAS CON TORMEN.
                         1978                                                  0      0      0      0      0          0.0       0.0  5
                         1979 0      0      0      0      0      0      3      1      0      0      0      0          4.0       0.3 12
                         1980 2      1      0      0      0      0      0      0      0      0      0      0          3.0       0.3 12
                         1981 0      0      0      0      0      0      0      0      0      0      0      0          0.0       0.0 12
                         1982 1      0      0      0      0      0      0      0      0      0      0      2          3.0       0.3 12
                         1983 0      0      0      0      0      0      0      0      0      0      0      0          0.0       0.0 12
                         1984 0      0      0      0      0      0      0      0      0      0      0      0          0.0       0.0 12
                         1985 0      0      0      0      0      0      0      0      0      0      0      0          0.0       0.0 12
                         1986 0      0      0      0             0      0      0      0      0      0      0          0.0       0.0 11
                         1987 0      0      0      0      0      0      0      0      0      0      0      0          0.0       0.0 12
                         1988 0      0      0      0      0      0      0      0      0      0      0      0          0.0       0.0 12
                         1989 0      0      0      0      0      0      0      0      0      0      0      0          0.0       0.0 12
                         1990 0      0      0      0      0      0      0      0      0      0      0      0          0.0       0.0 12
                         1991 0      0      0      0      0      0      0      0      0      0      0      0          0.0       0.0 12
                         1992 0      0      0      0      0      0      0      0      0      0      0      0          0.0       0.0 12
                         1993 0      0      0      0      0      0      0      0                                      0.0       0.0  8
                         1994 0      0      0      0      0      0      0      0      0      0      0      0          0.0       0.0 12
                         1995 0      0      0      0      0      0      0      0      0      0      0      0          0.0       0.0 12
                         1996 0      0      0      0      0      0      0      0      0      0      0      0          0.0       0.0 12
                         1997 0      0      0      0      0      0      0      0      0      0      0      0          0.0       0.0 12
                         1998                                           0      0      0      0      0      0          0.0       0.0  6
                         1999 0      0      0      0      0      0      0      0      0      0      0      0          0.0       0.0 12
                         2000 0      0      0      0      0      0      0      0      0      0      0      0          0.0       0.0 12
                         2001 0      0      0      0      2      0      0      0      0      0      0      0          2.0       0.2 12
                         2002 0      4      0      0      0      0      0      0      0      0      0      0          4.0       0.3 12
                         2003 0      0      0      0      0      0      4      2      6      1      0      0         13.0       1.1 12
                         2004 0      0      4      0      4      3      4      5      3      3      0      0         26.0       2.2 12
                         2005 0      0      0      1      2      2      5      7      1      0      0      0         18.0       1.5 12
                         2006 0      0      0      0      2      0      3      3      3      1      0      0         12.0       1.0 12
                         2007 0      0      0      1      0      8      2      0      2      0      0      0         13.0       1.1 12
                         2008 0      0      0      0      3      0      1      2      0      0      0      0          6.0       0.5 12
                         2009 0      0      0      0      2      0      0      0      1      5      0      2         10.0       0.8 12
                         2010 1      0      0      0      0      0      0      0      2      0      0      1          4.0       0.3 12
                         2011 0      0      0      0      0      0      0      1      0      0      0      0          1.0       0.1 12
                         2012 0      2      0      0      0      2      4      0      1      0      0      0          9.0       0.8 12
                         2013 0      0      0      0      0      1      4      2      2      3      2      0         14.0       1.2 12
                         2014 0      0      0      0      0      2      0      0      0      0      0      0          2.0       0.2 12
                         2015 0      0      0      3      3      7      5      0      4      1      0      0         23.0       1.9 12
                         2016 0      0      0      0      0      2      8      3      1      1      0      0         15.0       1.3 12
                         2017 0      0      2      0      0      2      4      6      0      0      0      0         14.0       1.2 12
                         2018 0      0      0      0      0      7      4      2      0      2      1      0         16.0       1.3 12
                         2019 0      0      0      0      0      0      0      2      0      0      0      0          2.0       0.2 12
                         2020 0             1      0      2      2      0      1      2      0      0      0          8.0       0.7 11
                         2021 0      0      0      0      0      2      3      2      6      1                       14.0       1.4 10

MINIMA                        0      0      0      0      0      0      0      0      0      0      0      0          0.0       0.0
MAXIMA                        2      4      4      3      4      8      8      7      6      5      2      2         26.0       2.2
MEDIA                         0.0952 0.1707 0.1666 0.119  0.4878 0.9523 1.2558 0.8863 0.7907 0.4186 0.0714 0.119      5.4       0.5
DESV. ESTANDAR                0.3702 0.7036 0.6955 0.5037 1.0517 1.9871 2.0364 1.6735 1.5362 1.0289 0.3416 0.4527     7.11      0.6


EVAPORACION MEN.
                         1978                                                  164.6  155.8  100    111    122.2    653.6     130.7  5
                         1979 162.9  153.7  240.6  230.5  269.4  239.4  199    148.8  152.8  207.6  156.2  97.8   2,258.7     188.2 12
                         1980 132.57 162.2  259.4  278.4  335.4  258.4  265.8  208.35 199.41 165.5  142.8  104.7  2,512.9     209.4 12
                         1981 105.2  143.8  226.3  219.3  259.7  225.81 166.2  197.4  156.93 154.6  156.4  116.5  2,128.1     177.3 12
                         1982 167.53 184.7  272.1  310.1  272.2  274    202.2  210.5  172.7  149.4  150.6  114.61 2,480.6     206.7 12
                         1983 105.1  177    154.9  291.5  309.3  234.8  140.2  165.6  137.1  120.9  119.6  137.4  2,093.4     174.5 12
                         1984 145.6  147.7  263.3  332.5  248.9  216.9  123.7  146.3  111    145.3  135.3  106.2  2,122.7     176.9 12
                         1985 98.1   196.5  190.6  203.2  242.7  153.5  133.7  154.2  163.6  151.5  134.5  84.9   1,907.0     158.9 12
                         1986 128.6  160.4  144.7  201.6         151.1  172.6  135.9  150.8  140.6  126.7  122.9  1,635.9     148.7 11
                         1987 128.6  100.6  129.1  190.9  196.9  206.1  162.7  121.1  141.6  151    113    116.9  1,758.5     146.5 12
                         1988 108.6  157.5  212.7  194.5  276.6  166    133.2  127.2  116.7  136.29 127.03 112.8  1,869.1     155.8 12
                         1989 137.6  134.6  215.2  203.2  243.6  242.5  160.6  118.4  124.9  127.2  115.8  108.8  1,932.4     161.0 12
                         1990 110.1  110.1  187.7  224.3  215.9  178.8  125.6  109.4  97.3   113.2  127.3  120.6  1,720.3     143.4 12
                         1991 106.08 124.4  200.6  236.14 251.41 184.41 94.58  134.5  81.8   91.87  90.63  80.83  1,677.3     139.8 12
                         1992 84.78  102.84 155.41 170.25 115.66 120.68 155.79 134.9  138.09 101.75 98.4   106.57 1,485.1     123.8 12
                         1993 120.86 126.59 134.54 176.16 230.71 177.58 148.37 133.53                             1,248.3     156.0  8
                         1994 117.71 106.84 126.57 139.08 200.56 127.11 158.98 116    117.85 111.33 130.01 104.85 1,556.9     129.7 12
                         1995 93.29  125.9  193.55 99.37  91.14                                                     603.3     120.7  5
                         1996                             213.84 204.49 204.63 183.89 186.1  171.55 119.74 93.15  1,377.4     172.2  8
                         1997 103.26 87.44  103.09 144.97 183.82 183.89 201.94 191.53 183.45 150.03 105.37 88.16  1,727.0     143.9 12
                         1998                                           172.77 156.84 176.26 167.11 150.15 167.68   990.8     165.1  6
                         1999 179.97 158.68 211.53 291.18 308.44 209.02 232.21 221.45 216.77 194.22 140.36 136.04 2,499.9     208.3 12
                         2000 165.16 181.3  260.38 280.64 266.06 236.29 243.9  242.66 179.56 161.75 186.33 144.68 2,548.7     212.4 12
                         2001 180.54 183.75 203.43 222.32 188.63 187.38 195.7  179.39 169.05 163.47 162.64 182.87 2,219.2     184.9 12
                         2002 165.99 152.37 239.48 224.9  204.49 188.25 167.8  176.72 139.09 156.76 160.08 160.39 2,136.3     178.0 12
                         2003 126.29 169.86 230.9  206.87 222.45 192.65 133.8  168.64 180.11 168.22 154.45 146.8  2,101.0     175.1 12
                         2004 131.33 169.58 204.77 228.85 235.13 149.75 155.12 137.4  120.3  145.1  151.08 100.53 1,928.9     160.7 12
                         2005 136.83 140.6  190.65 244.7  245.8  247.8  185    150.14 138.2  155.91 152.6  134.2  2,122.4     176.9 12
                         2006 138.6  154.5  193.5  222.55 221.3  197.7  172.95 157.95 120.05 114.5  129.8  117.25 1,940.7     161.7 12
                         2007 110.85 165.15 215    249.65 263.4  205.38 128.25 148.25 137.1  144.25 117.45 134.7  2,019.4     168.3 12
                         2008 135.6  168.65 213.4  264.55 267.45 213.75 125.85 146.6  125.2  129    133.6  133    2,056.7     171.4 12
                         2009 128.85 146.15 202.55 249    256.6  215.9  213.8  186.5  132.2  141.2  111.4  118.4  2,102.6     175.2 12
                         2010 104.7  119.43 199.55 215.9  229.1  220.2  140.1  200.4  145.3  194.25 173.55 154.1  2,096.6     174.7 12
                         2011 166.2  180.1  225.4  252.1  288.9  273.16 184    198.8  178.8  161.5  146.9  147.3  2,403.2     200.3 12
                         2012 129.6  128.4  192.3  229.7  245.4  237.8  198.4  193.7  172.5  178.21 134.9  131.3  2,172.2     181.0 12
                         2013 128.6  169.9  203.4  239.8  251.2  212.2  185.9  190.3  139.9  137.3  101.9  104.1  2,064.5     172.0 12
                         2014 111    157.45 202.85 230.3  233.4  179.4  168.9  187    149.41 145.29 116.5  113    1,994.5     166.2 12
                         2015 130.03 118.3  144.16 209.8  185    172.2  178.77 189.2  156.29 139.51 125.4  111.3  1,860.0     155.0 12
                         2016 124.01 149.8  186.12 232.11 258.39 194.9  198.93 166.54 135.4  152.61 107.31 133.11 2,039.2     169.9 12
                         2017 151.52 172.22 223.04 240.47 299.64 254.85 181.44 196.62 139.9  152.43 150.3  116.3  2,278.7     189.9 12
                         2018 117.11 149.1  249.6  260.9  252.51 217.44 237.02 209.41 150.54 132.53 129.61 123.52 2,229.3     185.8 12
                         2019 136.2  190.2  263.6  290.7  312.2  235.38 212.24 236.05 186.55 156.13 117.52 129.61 2,466.4     205.5 12
                         2020 125           221.2  286.03 273.02 229.62 216.99 188.33 160.16 200.56 156.5  141.81 2,199.2     199.9 11
                         2021 155.61 198.2  270    290.71 262.77 225.41 181.94 170.84 156.43 142.12               2,054.0     205.4 10

MINIMA                        84.78  87.44  103.09 99.37  91.14  120.68 94.58  109.4  81.8   91.87  90.63  80.83    603.3     120.7
MAXIMA                        180.54 198.2  272.1  332.5  335.4  274    265.8  242.66 216.77 207.6  186.33 182.87 2,548.7     212.4
MEDIA                         130.14 150.66 203.83 231.94 242.17 205.9  175.27 169.81 149.83 148.18 133.43 122.48 1,938.0     170.6
DESV. ESTANDAR                23.79  27.909 41.715 47.183 47.767 36.568 36.833 33.012 27.707 25.945 21.502 22.201   441.70     23.7


LLUVIA MAX 24 H.
                         1978                                                  28.2   43.2   38.4   1.1    4.2      115.1      23.0  5
                         1979 0.4    9.6    0      0      0      6.5    15     43.5   3.8    0      0      50.2     129.0      10.8 12
                         1980 13     10.8   0      7.2    1.7    5.4    15.6   28.8   2.2    19.5   26.7   14.7     145.6      12.1 12
                         1981 46.3   10.8   1.1    15.9   16.6   28.2   47     31.5   11     8.5    1.3    6.5      224.7      18.7 12
                         1982 0      0.3    1.2    1.3    12.2   16.4   27     17     8.5    14.9   20.5   15       134.3      11.2 12
                         1983 13.1   0      8.1    0      35.6   6.7    58     22.8   24     15.1   8      0.1      191.5      16.0 12
                         1984 15.5   1.6    0      0      6.7    40.3   32.2   40.6   19.3   7.5    0      6.4      170.1      14.2 12
                         1985 0.2    0.7    1.5    8.5    8.8    24     33.2   13     9      29     0      14.5     142.4      11.9 12
                         1986 0      4.4    1      0.4           29     48.5   20.5   5.5    20     5.5    1.1      135.9      12.4 11
                         1987 11     7      0.1    17.5   14.5   30     24     30     19.5   0      3      2.5      159.1      13.3 12
                         1988 3      0      0      6      0      9.5    48     26     28     0      6      0        126.5      10.5 12
                         1989 0      0      0      2      20     15     20     25     17     4      21     13       137.0      11.4 12
                         1990 2      20     3      0      5      25     20.2   25     50     13     0      0        163.2      13.6 12
                         1991 0      0      0      0      0      12     50     20     38     13.5   1.5    8        143.0      11.9 12
                         1992 45     0      0      2      17     4.3    15.3   6      14     30     6      5        144.6      12.1 12
                         1993 14     0      0      0      10     55     9      38                                   126.0      15.8  8
                         1994 14     0      0      0      2      16     12     15     14     18.5   0      0.5       92.0       7.7 12
                         1995 1.5    0      0      0.4    9.5    40     40     25     31.5   1      1      1        150.9      12.6 12
                         1996 0      0.3    0.6    0.5    0      5.5    20.5   28     27.5   0.2    9.5    0.2       92.8       7.7 12
                         1997 24     0.2    7      29     6.5    4.3    5      10.2   8.5    13.5   0      0        108.2       9.0 12
                         1998                                           8.6    27.5   29     4      1.5    0         70.6      11.8  6
                         1999 0      0      1      0      0      10     23.5   7.4    24.5   1.5    0      0         67.9       5.7 12
                         2000 0      0      0      0      65     22.5   18.5   17.5   2      7      0      11       143.5      12.0 12
                         2001 2      0      11     21     8.5    16     13     31     28     9      3.5    2.5      145.5      12.1 12
                         2002 42     18     0      2.5    2      57.5   50     75     34     37     28     0        346.0      28.8 12
                         2003 2.5    6      0      0      8      10     44     31     37.5   21.5   4.5    0        165.0      13.8 12
                         2004 12     0      17.5   0      5      32.5   24     36.5   43     21.5   0      0        192.0      16.0 12
                         2005 0      16     3.5    0      2      0      39     20     18     7      0      3        108.5       9.0 12
                         2006 0      0      0      0      14     5      25     17     19     31     14     19       144.0      12.0 12
                         2007 6.5    7      0      13.5   5.5    30     32     5      53     0      1      0        153.5      12.8 12
                         2008 0      5      0      10     9      23     31     49     14     0      0      0        141.0      11.8 12
                         2009 0      0      1      2      5.5    41     8      29     30     17     21     6        160.5      13.4 12
                         2010 13     43     0      0      1.5    13     29     21     13     0      0      0        133.5      11.1 12
                         2011 1      0      0      0      3      10.5   18     15     19     7      5      0         78.5       6.5 12
                         2012 16     27     0      0      0      8      63     17     57     6      3      11       208.0      17.3 12
                         2013 38     0      0      0      4      12     24     18     48     24     10     23       201.0      16.8 12
                         2014 5      0      2.5    0      27     21     17     45     35     18     20     7        197.5      16.5 12
                         2015 5      23     24     20     4      64     33     29     24     57     4      9        296.0      24.7 12
                         2016 5.8    2.5    2.5    10     1      19     43     33     16     3      21     6        162.8      13.6 12
                         2017 0      0      2      0      3      15     46     29     47.2   32     0      32       206.2      17.2 12
                         2018 22     16.2   0      4      15     33     10     33     32.5   24.8   27.4   0        217.9      18.2 12
                         2019 5             0.3           12            5.7    12.8          7             19        61.8       8.8  7
                         2020 25            3      2.5    9      64     76     18.5   18     0      0      6        222.0      20.2 11
                         2021 0      0      0      0      13.5   68     33     9      36     9                      168.5      16.9 10

MINIMA                        0      0      0      0      0      0      5      5      2      0      0      0         61.8       5.7
MAXIMA                        46.3   43     24     29     65     68     76     75     57     57     28     50.2     346.0      28.8
MEDIA                         9.6142 5.735  2.1881 4.2975 9.3561 23.124 29.181 25.461 25.052 13.741 6.7073 7.0809   155.1      13.7
DESV. ESTANDAR                13.085 9.5369 4.8687 7.1918 11.763 18.103 16.713 12.921 14.535 13.001 8.9439 10.125    55.07      4.6


LLUVIA TOTAL MEN
                         1978                                                  122.7  165    105    1.1    4.3      398.1      79.6  5
                         1979 0.4    21.1   0      0      0      14.7   53.6   136.1  18.5   0      0      80.4     324.8      27.1 12
                         1980 36.8   13.3   0      8.3    2      7.1    27.8   89.5   7.2    51.7   36.5   31.2     311.4      26.0 12
                         1981 85.4   14.6   2.3    43.1   33.3   43.8   87.1   64.3   26     22.4   1.5    9.6      433.4      36.1 12
                         1982 0      0.3    1.2    1.5    28.4   16.4   80.8   39.3   8.9    39.7   37.1   42.8     296.4      24.7 12
                         1983 36.9   0      8.3    0      65.9   15.1   136    66     96.3   31.6   11.6   0.1      467.8      39.0 12
                         1984 34     1.8    0      0      23.9   108    126.1  73.6   55.1   18.4   0      10.8     451.7      37.6 12
                         1985 0.2    1.4    1.5    23.6   17.3   141.4  117.1  40.4   19.9   42.8   0      39       444.6      37.1 12
                         1986 0      4.4    1      0.5           115.7  153.6  65.1   19.6   45.4   10.5   2.2      418.0      38.0 11
                         1987 15     7.1    0.1    28.6   18     48     91.5   51.1   33.6   0      3      4.5      300.5      25.0 12
                         1988 3      0      0      12.5   0      18     164    104    57.5   0      8      0        367.0      30.6 12
                         1989 0      0      0      2      20     15     50.6   163.5  30     5      27     35       348.1      29.0 12
                         1990 2      26     3      0      17     30     106.8  125.5  110.5  65     0      0        485.8      40.5 12
                         1991 0      0      0      0      0      44     420.6  39     239    13.5   1.5    29.5     787.1      65.6 12
                         1992 236    0      0      2      27     7.8    54.3   29     17     94     11.5   5        483.6      40.3 12
                         1993 26     0      0      0      14     166    16     58                                   280.0      35.0  8
                         1994 14     0      0      0      3      69.5   44.5   51     43     69.4   0      0.7      295.1      24.6 12
                         1995 1.7    0      0      2.1    15.7   80.4   124.5  93.6   33.4   1      4.3    4.1      360.8      30.1 12
                         1996 0      0.7    2.1    0.5    0      13.1   66.1   96.6   99.1   0.3    14.3   0.2      293.0      24.4 12
                         1997 85.5   0.2    12     62.9   9.5    4.3    17     14.9   17.1   64.5   0      0        287.9      24.0 12
                         1998                                           24     128.5  125.2  7      1.5    0        286.2      47.7  6
                         1999 0      0      1      0      0      53.7   96.1   18.1   40     1.5    0      0        210.4      17.5 12
                         2000 0      0      0      0      164.5  111.1  43.7   57     4.5    14.5   0      18.9     414.2      34.5 12
                         2001 2      0      11     25     24     32     34.5   71     67.5   17     5.5    4.5      294.0      24.5 12
                         2002 44     41.5   0      4      9.5    98     107.3  165    113    67     30     0        679.3      56.6 12
                         2003 2.5    6      0      0      26.5   33.5   193.5  75     117.5  37     4.5    0        496.0      41.3 12
                         2004 30     0      35     0      13.5   167.5  86.5   100    163    31     0      0        626.5      52.2 12
                         2005 0      31     8.5    0      4      0      148    97     42     7      0      3        340.5      28.4 12
                         2006 0      0      0      0      39     28.5   112.5  114.5  81.5   79.5   14     21       490.5      40.9 12
                         2007 18     11.5   0      19     8.5    161    95.5   13.5   74     0      1      0        402.0      33.5 12
                         2008 0      6      0      13.5   17     45.5   158.5  229    54     0      0      0        523.5      43.6 12
                         2009 0      0      1      3      15.5   122    13.5   87     89.5   36     23     13       403.5      33.6 12
                         2010 32.5   106.5  0      0      1.5    47.5   131    45.5   60.5   0      0      0        425.0      35.4 12
                         2011 1      0      0      0      3      28     30.5   43     79.5   15     5      0        205.0      17.1 12
                         2012 16     56     0      0      0      27     186.5  44     92     6      3      11       441.5      36.8 12
                         2013 49     0      0      0      7.5    40     156    59     165    74.5   35     99       685.0      57.1 12
                         2014 9      0      2.5    0      55.8   81     70     106    80.5   20     22     9.5      456.3      38.0 12
                         2015 6      49     34     22     5      183.8  139    74.9   60     126.5  9      9        718.2      59.9 12
                         2016 6.9    3.6    4.1    10     1      47     131.3  167.3  46.2   4.2    78.5   6        506.1      42.2 12
                         2017 0      0      4.2    0      5      21.7   137    150.3  166.4  37.3   0      41       562.9      46.9 12
                         2018 35.5   19.4   0      4.1    31.9   208    29.9   95.7   124.3  51.6   48.6   0        649.0      54.1 12
                         2019 7.2           0.3           12            39.3   40.3          29.3          27       155.4      22.2  7
                         2020 39.5          9.1    2.5    11     118.9  197.8  42.5   67.8   0      0      6        495.1      45.0 11
                         2021 0      0      0      0      31.8   203.5  151.4  35.2   143.9  38.2                   604.0      60.4 10

MINIMA                        0      0      0      0      0      0      13.5   13.5   4.5    0      0      0        155.4      17.1
MAXIMA                        236    106.5  35     62.9   164.5  208    420.6  229    239    126.5  78.5   99       787.1      79.6
MEDIA                         20.857 10.535 3.3857 7.0902 19.085 68.719 103.51 81.42  75.107 31.855 10.939 13.531   429.7      38.3
DESV. ESTANDAR                40.404 21.063 7.7376 13.386 27.729 60.171 72.442 47.016 53.807 32.091 16.761 21.562   143.64     13.4


TEMP MAXIMA EXT.
                         1978                                                  28     27     26     27     26       134.0      26.8  5
                         1979 27     25     31     31     32     33     33     30     29     31     28.5   23.5     354.0      29.5 12
                         1980 25.5   26.5   30.5   31.5   32.5   34.5   30     30     30.5   29.5   24.5   23.5     349.0      29.1 12
                         1981 24     25.5   28.5   29.5   31.5   33.5   29     30     29.5   28     26.5   24.5     340.0      28.3 12
                         1982 25.5   27.5   31     32.5   33.5   35     30     29.5   29.5   29     27     22       352.0      29.3 12
                         1983 23.5   23.5   27     34     35.5   32     27.5   28     29     28     26.5   25.5     340.0      28.3 12
                         1984 24     26.5   28.5   31.5   31.5   32     29.5   27.5   28     29     27.5   25       340.5      28.4 12
                         1985 25     25.5   29     30.5   33.5   31.5   29     30     28.5   29.5   26.5   25       343.5      28.6 12
                         1986 25.5   28.5   26.5   33            28.5   32     29.5   30     28.5   28     25       315.0      28.6 11
                         1987 26.5   27     28.5   31     32     31     30     28     29.5   29.5   27.5   26.5     347.0      28.9 12
                         1988 26     28     31     28     32     31     28     28     31     26     28     25       342.0      28.5 12
                         1989 25     27     29     29     34     34     32.3   28     29     29     28     23       347.3      28.9 12
                         1990 25     24     29     30     35     33     27     27     27     27.5   27     26       337.5      28.1 12
                         1991 26     27     31     33     34     33     27     27     28     27     26     24       343.0      28.6 12
                         1992 23     25     24.5   29     26     33     32     29     29     26     25     26       327.5      27.3 12
                         1993 23     27     28     30.5   31     33     29     29                                   230.5      28.8  8
                         1994 23     23     26.5   28     32     32     31     29     29     28     27     26       334.5      27.9 12
                         1995 26     30     32     31     33     33     32     31     31.5   28     27     26       360.5      30.0 12
                         1996 25     31     30     29     36     30.5   30     30     28     29     26     24       348.5      29.0 12
                         1997 26     26     28     29     32     34     32     30     28     30     31     21       347.0      28.9 12
                         1998                                           32     29.5   28     28     27     26       170.5      28.4  6
                         1999 24.5   27     29     32     34     34     34     30     30     29     25     26       354.5      29.5 12
                         2000 26     26.5   29     32     33     29     31     29     31     30     26     26       348.5      29.0 12
                         2001 26     28     28     33     32     31     32     31     30     29     26     25       351.0      29.3 12
                         2002 25     26     31     34     34     32     30     30     29     28     29     24       352.0      29.3 12
                         2003 25     28     30     33     36     32     29     29     29     28     28     24       351.0      29.3 12
                         2004 22     27     30     31     34     32     30     29     27     29     27     27       345.0      28.8 12
                         2005 28     26     30     32     33     36     31     30     29     30     28     26       359.0      29.9 12
                         2006 25     29     32     33     33     36     31     29     27     29     27     26       357.0      29.8 12
                         2007 28     32     30     32     34     33     30     29     30     30     26     27       361.0      30.1 12
                         2008 26     29     32     34     35     34     31     31     29     29     27     28       365.0      30.4 12
                         2009 27     31     31     34     35     35     33     32     28     32     27     27       372.0      31.0 12
                         2010 24     24     29     31     35     35     30     31     31     30     27     25       352.0      29.3 12
                         2011 26     29     32     33     37     34     31     32     31     30     28     26       369.0      30.8 12
                         2012 26     29     30     32     35     33     31     31     30     30     27     25       359.0      29.9 12
                         2013 25     28     31     32     34     34     30     32     29     27     26     24       352.0      29.3 12
                         2014 26     26     28     29     29     30     28     28     26     25     22     29       326.0      27.2 12
                         2015 23     25     25     27     29     30     26     27     29     25     25     22       313.0      26.1 12
                         2016 20     26     25     27     31     27     27     27     28.5   25     24     22       309.5      25.8 12
                         2017 26     24     26     27     31     30     26     27     26     24     26     22.5     315.5      26.3 12
                         2018 27     24     27     27     32     29     28     26.5   25     25     24     24       318.5      26.5 12
                         2019 22            28            29            28     28            26            23       184.0      26.3  7
                         2020 19.5          29     29     28     28     27     25     25     25     24     20.5     280.0      25.5 11
                         2021 22     25     25     25     28     27     24     24     22     24                     246.0      24.6 10

MINIMA                        19.5   23     24.5   25     26     27     24     24     22     24     22     20.5     134.0      24.6
MAXIMA                        28     32     32     34     37     36     34     32     31.5   32     31     29       372.0      31.0
MEDIA                         24.845 26.825 28.964 30.731 32.634 32.158 29.774 28.988 28.583 28.034 26.597 24.821   326.0      28.5
DESV. ESTANDAR                1.8918 2.135  2.07   2.2997 2.4135 2.3033 2.1745 1.7603 1.877  1.9772 1.582  1.8307    53.06      1.5


TEMP MAXIMA PROM
                         1978                                                  25.871 23.583 22.645 23.966 23.193   119.3      23.9  5
                         1979 22.806 22.833 26.645 26.6   28.629 28.916 28.919 26.241 25.25  28.225 23.5   19.612   308.2      25.7 12
                         1980 20     21.448 27.064 27.083 30.274 30.15  28.241 26.677 26.45  25.193 21.6   21.322   305.5      25.5 12
                         1981 17.467 22.16  24.371 26.316 28.322 28.416 25.693 28.306 26.016 25.58  24.116 20.564   297.3      24.8 12
                         1982 22.564 24.089 27.467 29.416 28.774 31.1   26.435 26.887 26.466 24.29  22.933 18.5     308.9      25.7 12
                         1983 16.758 20.553 24.016 27.683 29.612 29.333 24.064 25.145 25.966 24.693 23.65  22.983   294.5      24.5 12
                         1984 20.629 22.62  25.419 29.066 27.5   27.616 23.161 24.612 23.416 24.951 23.666 21.741   294.4      24.5 12
                         1985 19.387 22.66  25.903 25.216 29.709 25.733 24.645 26     26.6   25.371 23.6   21.08    295.9      24.7 12
                         1986 20.806 23.017 23.596 28.016        25.75  25.806 26.725 27.316 25.08  23.833 21.5     271.5      24.7 11
                         1987 21.371 22.482 24.258 26.65  28.209 27.65  25.177 26.693 26.9   25.129 23.633 22.354   300.5      25.0 12
                         1988 21.532 23.896 24.258 24.4   29.29  27.7   24.935 24.161 25.1   24.548 24.566 21.435   295.8      24.7 12
                         1989 22.661 23.142 25.29  26.633 30.258 30     27.687 25.129 25.666 25.871 23.75  18.032   304.1      25.3 12
                         1990 20.064 19.892 25.371 27.033 29.419 28.966 24.612 24.354 24.216 23.516 23.916 22.79    294.2      24.5 12
                         1991 21.838 23.75  27.338 29.05  30.29  29.8   22.387 24.516 23.066 22.032 22.283 21.032   297.4      24.8 12
                         1992 18.258 20.62  21.887 24.133 23.887 28.466 26.596 25.483 24.666 22.983 22.033 22.145   281.2      23.4 12
                         1993 20.838 23.089 24.403 26.416 28.516 27.75  26.435 25.838                               203.3      25.4  8
                         1994 21.354 21.321 23.629 25.6   29.5   27.5   27.871 26.032 26.033 24.629 24.966 22.677   301.1      25.1 12
                         1995 21.258 25.821 29.387 27.883 30.209 28.5   27.596 25.693 28.666 24.032 22.816 22.693   314.6      26.2 12
                         1996 22.403 24.155 26.322 25.766 28.645 24.883 26.516 27.371 26.416 25.774 20.933 21.79    301.0      25.1 12
                         1997 20.596 22.821 24.806 23.283 28.096 30.55  30.129 25.838 26.1   27     28.783 18.548   306.6      25.5 12
                         1998                                           28.871 26.338 25.283 23.871 24.816 22.806   152.0      25.3  6
                         1999 21.338 23.125 26.967 29.2   30.403 30.133 30.661 28.338 28.066 27.661 23.616 20.806   320.3      26.7 12
                         2000 22.209 23.069 26.838 29.066 29.838 27.8   28.483 27.612 27.466 25.741 24.233 21.709   314.1      26.2 12
                         2001 21.741 23.642 24.58  29.2   28.903 27.866 29.225 27.548 25.5   24.871 22.666 21.548   307.3      25.6 12
                         2002 22.451 21.714 26.451 29.766 30.225 28.7   25.903 26.806 25.033 25.548 22.133 20.709   305.4      25.5 12
                         2003 22.322 24.25  26.419 29.066 32.645 29.5   25.387 25.871 25.133 24.483 24.366 21       310.4      25.9 12
                         2004 18.58  21.827 25.548 26.8   29.322 25.733 26.29  26.677 24.133 25.709 24.5   20       295.1      24.6 12
                         2005 22     21.428 24.064 29.6   30.161 31.666 28.032 26.258 26.566 26.161 24.166 21.871   312.0      26.0 12
                         2006 21.677 24.607 27.064 30.766 29.193 29.366 27.387 26.29  24.833 23.935 22.6   19.838   307.6      25.6 12
                         2007 20.225 22.892 26.806 27.833 29.709 28.166 26.258 27.258 26.566 25.903 23.466 24.129   309.2      25.8 12
                         2008 22     24.379 24.322 30.616 30.451 30.1   26.741 26.612 24.166 25.129 23.7   23.645   311.9      26.0 12
                         2009 23.903 26.178 28.129 30.633 30.677 30.5   30.225 29.387 26.133 25.967 23.033 21.58    326.3      27.2 12
                         2010 20.419 19.607 25.064 28     31.709 31.066 25.967 28.871 27.25  26.645 24.3   22.903   311.8      26.0 12
                         2011 22.935 25.714 28.396 31     32.677 31.266 28.161 29.709 27.433 26.064 24.2   23.741   331.3      27.6 12
                         2012 22.161 21.551 26.935 28.866 31.032 30.166 27.612 27.903 25.933 27.548 24.033 23.032   316.8      26.4 12
                         2013 20.548 25.321 25.516 29.466 30.225 30     26.483 27.58  24.966 23.064 19.4   18.096   300.7      25.1 12
                         2014 17.935 23.285 23.741 26.133 25.193 25.633 23.322 24.903 22.833 23.29  18.5   18.354   273.1      22.8 12
                         2015 17.129 19.035 19.142 23.666 24.266 23.833 23.225 23.871 22.966 20.741 20.25  17.419   255.5      21.3 12
                         2016 15.903 20.517 20.306 24.066 27.451 24.733 24.225 23.064 22.466 22.064 17.313 19.274   261.4      21.8 12
                         2017 19.08  20.714 22.371 24.566 27.693 26.483 23.967 23.451 21.6   21.096 21.7   16.967   269.7      22.5 12
                         2018 17.666 19.714 24.177 24.65  25.967 23.483 24.161 23.435 21.683 20.322 18.566 17.016   260.8      21.7 12
                         2019 18.08         23.951        26.822        24.258 24.774        21.725        17.467   157.1      22.4  7
                         2020 16.129        24.451 26.033 25.612 24.95  22.951 22.306 20.8   22.661 20.6   16.661   243.2      22.1 11
                         2021 17.951 20.553 23.08  23.816 24.322 21.266 19.822 20.774 19.883 19.741                 211.2      21.1 10

MINIMA                        15.903 19.035 19.142 23.283 23.887 21.266 19.822 20.774 19.883 19.741 17.313 16.661   119.3      21.1
MAXIMA                        23.903 26.178 29.387 31     32.677 31.666 30.661 29.709 28.666 28.225 28.783 24.129   331.3      27.6
MEDIA                         20.404 22.587 25.137 27.294 28.869 28.078 26.152 25.982 25.109 24.453 22.944 20.823   283.2      24.8
DESV. ESTANDAR                2.068  1.7925 2.054  2.1972 2.1037 2.4017 2.3151 1.8358 1.9844 1.9814 2.0636 2.0878    46.94      1.6


TEMP MEDIA MENS.
                         1978                                                  18.903 17.733 15.411 14.583 13.871    80.5      16.1  5
                         1979 13.5   13.055 17.319 17.4   19.927 21.433 20.467 18.483 17.608 17.621 13.558 12.461   202.8      16.9 12
                         1980 11.121 13.232 17.056 17.833 20.967 21.616 21.145 20.008 19.741 17.621 13.866 13.241   207.5      17.3 12
                         1981 10.451 13.901 15.871 18.441 20.056 21.358 19.58  19.967 19.091 18.274 15.2   12.75    204.9      17.1 12
                         1982 13.306 14.232 17.758 20.658 21.298 22.833 19.903 19.653 19.191 16.83  14.091 11.524   211.3      17.6 12
                         1983 10.314 11.053 14.661 18.55  20.621 20.683 17.967 18.427 19.183 16.814 14.733 13.316   196.3      16.4 12
                         1984 12.798 13.525 15.661 19.066 19     20.325 17.862 18.298 17.816 17.411 14.316 13.04    199.1      16.6 12
                         1985 11.177 13.901 16.919 17.1   20.669 19.116 18.201 18.959 18.75  17.846 14.558 13.145   200.3      16.7 12
                         1986 11.621 13.598 14.612 19.775        19.6   19.193 19.354 19.7   17.596 15.708 13.016   183.8      16.7 11
                         1987 11.322 14.133 15.5   17.866 20.314 20.008 19.112 19.717 19.941 17.177 14.291 13.903   203.3      16.9 12
                         1988 11.951 14.267 15.395 16.758 20.653 21.325 19.596 18.467 18.066 16.604 14.833 13.475   201.4      16.8 12
                         1989 14.258 14.339 15.185 17.983 20.677 21.55  20.222 19.548 18.658 16.951 15.616 11       206.0      17.2 12
                         1990 12.395 12.535 16.314 18.691 21.064 21.566 18.959 18.959 18.608 17.09  14.816 13.637   204.6      17.1 12
                         1991 12.806 14.125 16.677 19.066 21.354 20.125 17.548 18.129 17.308 15.717 14.716 13.427   201.0      16.8 12
                         1992 11.693 12.362 14.661 16.683 17.991 20.966 19.685 19.145 18.533 16.927 14.408 14.693   197.8      16.5 12
                         1993 13.024 14.187 14.709 17.775 19.596 20.283 19.564 18.871                               138.0      17.3  8
                         1994 12.943 12.696 15.887 18.291 20.782 19.766 20.419 18.29  18.275 17.782 16.458 13.612   205.2      17.1 12
                         1995 13.25  15.758 19.266 19.833 22.411 20.966 20.233 19.596 21.583 19.645 15.2   14.685   222.4      18.5 12
                         1996 13.596 16.698 15.435 17.4   20.814 19.483 19.371 20.604 19.533 17.629 14.225 14.774   209.6      17.5 12
                         1997 13.612 14.16  16.645 16.341 19.362 21.6   20.83  18.709 18.616 17.314 18.416 12.096   207.7      17.3 12
                         1998                                           21.951 20.306 19.783 18.177 17.158 14.064   111.4      18.6  6
                         1999 11.846 13.964 17.435 19.925 21.048 22.233 22.758 21.016 20.608 19.322 14.525 11.733   216.4      18.0 12
                         2000 12.725 14.069 17.435 19.916 21.637 20.491 20.862 20.338 19.933 18.096 15.933 12.887   214.3      17.9 12
                         2001 13.177 15.232 15.741 20.55  20.903 20.483 21.193 20.435 19.266 17.451 14.2   13.096   211.7      17.6 12
                         2002 13.032 13.696 17.806 20.883 22.048 21.466 19.548 19.838 19.116 18.371 14.633 12.403   212.8      17.7 12
                         2003 13.532 15.571 16.806 20.5   23.306 22     19.177 19.548 19.366 17.032 15.816 11.774   214.4      17.9 12
                         2004 11.387 12.551 16.935 17.733 20.661 19.383 19.645 19.758 18.4   18.387 15.333 12       202.2      16.8 12
                         2005 13.112 14.357 15.274 20.166 20.983 23.033 21     19.709 19.45  18.5   15.383 13.516   214.5      17.9 12
                         2006 12.758 15.16  17.758 21.216 21.096 21.566 20.564 19.935 19.1   17.645 14.566 11.983   213.4      17.8 12
                         2007 13.08  14.196 17.806 19.15  21.403 21     19.919 20.677 19.833 18.016 14.816 14.951   214.9      17.9 12
                         2008 12.983 14.948 15.193 20.475 21.225 21.933 19.709 19.79  18.1   16.854 13.95  13.419   208.6      17.4 12
                         2009 14.032 15.357 17.822 19.833 21.435 21.9   21.564 21.112 19.433 18.338 14.1   12.741   217.7      18.1 12
                         2010 11.387 11.446 15.306 18.383 21.709 22.35  19.58  20.725 20.091 16.951 14.183 12.306   204.4      17.0 12
                         2011 12.693 15.017 18.375 20.933 22.516 22.233 20.532 21.209 19.333 17.403 14.683 13.822   218.8      18.2 12
                         2012 13.048 13.534 17.612 18.866 21.306 21.3   19.629 20     18.35  18.58  15.466 13.661   211.4      17.6 12
                         2013 12.209 15.142 15.435 19.183 20.79  21.55  19.209 19.741 18.466 15.903 12.783 10.467   200.9      16.7 12
                         2014 9.7258 13.464 14.612 16.633 17.209 18.166 16.5   17.274 16.25  15.322 10.816 9.9354   175.9      14.7 12
                         2015 9.7741 10.946 11.571 15.65  16.45  16.783 16.338 16.274 15.95  13.935 12.925 9.4193   166.0      13.8 12
                         2016 7.7258 10.775 11.975 15.7   18.758 17.083 16.75  16.403 15.766 14.435 10.723 10.927   167.0      13.9 12
                         2017 9.8064 11.205 13.443 15.158 18.435 18.383 16.548 16.604 15.175 13.58  12.258 8.879    169.5      14.1 12
                         2018 8.6166 11.821 14.79  15.541 17.532 16.483 16.5   16.201 15.541 13.79  10.666 8.2338   165.7      13.8 12
                         2019 9.4354        14.596        17.862        16.685 17.29         14.572        8.9758    99.4      14.2  7
                         2020 8.4677        15.653 16.791 16.467 17.141 16.008 15.637 14.333 13.879 11.566 8.3467   154.3      14.0 11
                         2021 8.5645 10.75  13.427 14.658 15.79  14.566 13.612 14.056 13.408 12.25                  131.1      13.1 10

MINIMA                        7.7258 10.75  11.571 14.658 15.79  14.566 13.612 14.056 13.408 12.25  10.666 8.2338    80.5      13.1
MAXIMA                        14.258 16.698 19.266 21.216 23.306 23.033 22.758 21.209 21.583 19.645 18.416 14.951   222.4      18.6
MEDIA                         11.863 13.624 15.913 18.374 20.198 20.393 19.201 18.999 18.404 16.862 14.392 12.41    190.9      16.7
DESV. ESTANDAR                1.6898 1.4745 1.6405 1.7571 1.7548 1.8884 1.8537 1.587  1.7072 1.6597 1.5809 1.7638    33.39      1.4


TEMP MINIMA EXT.
                         1978                                                  10     8.5    3.5    1.5    -0.5      23.0       4.6  5
                         1979 -1.5   -4     2      1      3      10.5   10     8      3.5    3      0      0.6       36.1       3.0 12
                         1980 -1     0      1.5    1      5.5    10     11     11     9      6      1      0         55.0       4.6 12
                         1981 -2     1.5    3      7.5    8.5    12.5   11     9.5    8.5    6.5    2.5    1         70.0       5.8 12
                         1982 0.5    -0.5   2      7.5    10     11.5   9.5    10     9      4.5    -1     -1        62.0       5.2 12
                         1983 -2     -1     -0.5   5      8      7      8.5    8.5    10     2.5    0.5    0.5       47.0       3.9 12
                         1984 -0.5   0.5    1.5    2.5    6.5    7.5    10     9      7.5    6      0      0.5       51.0       4.3 12
                         1985 -5     2.5    4      4.5    8      10     9      9      9      4.5    1.5    -0.5      56.5       4.7 12
                         1986 -1.5   0      1      9             10     9.5    10     10     4      -1.5   -3        47.5       4.3 11
                         1987 -4     1      1      2      9      9      10     10     10     4      1      1         54.0       4.5 12
                         1988 -4     -2     0      3      6      11     10     10     5      4      1      3         47.0       3.9 12
                         1989 3      0      0      5      6.5    10     10     11     5      3      4      0         57.5       4.8 12
                         1990 0      0      4      5      9      12     11     11.5   11     3.5    -2.5   0         64.5       5.4 12
                         1991 -3     0      0      4      8      7      10     9      9      4      0      1         49.0       4.1 12
                         1992 0      0      3      1      10     11     9      10     10     6      0      2.5       62.5       5.2 12
                         1993 1      1      0      3      7      10     10     10                                    42.0       5.3  8
                         1994 0      0      2      9      10     11     11     9      8      9      2      0         71.0       5.9 12
                         1995 0      3      5      10     12     10.5   9      9      10     10     2      2.5       83.0       6.9 12
                         1996 1      4      2.5    5      10     12.5   9      10     10     7      3      5         79.0       6.6 12
                         1997 -1.5   2.5    5      6      9      8.5    9      8      9      5      6      -7        59.5       5.0 12
                         1998                                           13     11     12     7      6      2         51.0       8.5  6
                         1999 -2     2      5.5    7      9      12     13     11.5   10.5   6.5    2      -1        76.0       6.3 12
                         2000 -2     1      4      7.5    12     11.5   12     12     7      4      4      -1        72.0       6.0 12
                         2001 -3     -1     3      7      10     9      11     11     11     4      3      -1        64.0       5.3 12
                         2002 -1     0      4      8      10     10     11     8      10     7      -1     0         66.0       5.5 12
                         2003 0      2      0      3      10     12     10     12     9      1      2      -3        58.0       4.8 12
                         2004 -1     -3     3      4      7      10     10     10     10     8      2      -5        55.0       4.6 12
                         2005 -3     0      0      5      8      12     12     11     9      6      2      2         64.0       5.3 12
                         2006 -2     1      6      9      10     12     12     12     11     7      0      -4        74.0       6.2 12
                         2007 2      4      4      7      11     12     11     12     11     2      4      4         84.0       7.0 12
                         2008 -2     3      0      7      9      12     10     10     8      5      -1     -3        58.0       4.8 12
                         2009 0      1      3      5      6      11     11     10     11     5      2      -1        64.0       5.3 12
                         2010 -2     -2     1      5      6      11     9      11     10     5      -1     -2        51.0       4.3 12
                         2011 0      0      4      9      9      11     11     11     8      5      -5     0         63.0       5.3 12
                         2012 -1     2      5      5      9      10     10     10     9      7      3      1         70.0       5.8 12
                         2013 0      1      -1     5      7      11     10     10     11     4      -3     -1        54.0       4.5 12
                         2014 -3     1      -1     3      3      9      9      8      8      3      -6     -4        30.0       2.5 12
                         2015 0      0      0      5      5      7      7      5      7      5      2      -4        39.0       3.3 12
                         2016 -4     -3     -3     1      7      8      8      8.5    7      4      0      -2        31.5       2.6 12
                         2017 -5     -2     2      1      6      8      8      8      5      -1     -2     -12       16.0       1.3 12
                         2018 -4     0      2      3      5      7      6      7      8      2      -5     -8        23.0       1.9 12
                         2019 -3     -1     2      1      4      7      6      8      7      5      1.5    -4        33.5       2.8 12
                         2020 -7            2      3      5      5      6      7.5    4      2      -1     -2.5      24.0       2.2 11
                         2021 -4     -4.5   2      4      3      5      5      2      5      0                       17.5       1.8 10

MINIMA                        -7     -4.5   -3     1      3      5      5      2      3.5    -1     -6     -12       16.0       1.3
MAXIMA                        3      4      6      10     12     12.5   13     12     12     10     6      5         84.0       8.5
MEDIA                         -1.607 0.2439 2.0119 4.8928 7.7317 9.8571 9.7093 9.5227 8.6162 4.6395 0.7023 -1.045    53.5       4.7
DESV. ESTANDAR                2.0348 1.9433 2.0317 2.5745 2.3772 2.013  1.7936 1.9015 2.0754 2.2262 2.6458 3.2128    17.52      1.5


TEMP MINIMA PROM
                         1978                                                  11.935 11.883 8.1774 5.2    4.5483    41.7       8.3  5
                         1979 4.1935 3.2777 7.9935 8.2    11.225 13.95  12.016 10.725 9.9666 7.0161 3.6166 5.3096    97.5       8.1 12
                         1980 2.2419 5.0172 7.0483 8.5833 11.661 13.083 14.048 13.338 13.033 10.048 6.1333 5.1612   109.4       9.1 12
                         1981 3.4354 5.6428 7.3709 10.566 11.79  14.3   13.467 11.629 12.166 10.967 6.2833 4.9354   112.6       9.4 12
                         1982 4.0483 4.375  8.0483 11.9   13.822 14.566 13.371 12.419 11.916 9.3709 5.25   4.5483   113.6       9.5 12
                         1983 3.8709 1.5535 5.3064 9.4166 11.629 12.033 11.871 11.709 12.4   8.9354 5.8166 3.65      98.2       8.2 12
                         1984 4.9677 4.431  5.9032 9.0666 10.5   13.033 12.564 11.983 12.216 9.8709 4.9666 4.3387   103.8       8.7 12
                         1985 2.9677 5.1428 7.9354 8.9833 11.629 12.5   11.758 11.919 10.9   10.322 5.5166 5.2096   104.8       8.7 12
                         1986 2.4354 4.1785 5.629  11.533        13.45  12.58  11.983 12.083 10.112 7.5833 4.5322    96.1       8.7 11
                         1987 1.2741 5.7857 6.7419 9.0833 12.419 12.366 13.048 12.741 12.983 9.2258 4.95   5.4516   106.1       8.8 12
                         1988 2.3709 4.6379 6.5322 9.1166 12.016 14.95  14.258 12.774 11.033 8.6612 5.1    5.5161   107.0       8.9 12
                         1989 5.8548 5.5357 5.0806 9.3333 11.096 13.1   12.758 13.967 11.65  8.0322 7.4833 3.9677   107.9       9.0 12
                         1990 4.7258 5.1785 7.258  10.35  12.709 14.166 13.306 13.564 13     10.664 5.7166 4.4838   115.1       9.6 12
                         1991 3.7741 4.5    6.0161 9.0833 12.419 10.45  12.709 11.741 11.55  9.4032 7.15   5.8225   104.6       8.7 12
                         1992 5.129  4.1034 7.4354 9.2333 12.096 13.466 12.774 12.806 12.4   10.871 6.7833 7.2419   114.3       9.5 12
                         1993 5.2096 5.2857 5.0161 9.1333 10.677 12.816 12.693 11.903                                72.7       9.1  8
                         1994 4.5322 4.0714 8.1451 10.983 12.064 12.033 12.967 10.548 10.516 10.935 7.95   4.5483   109.3       9.1 12
                         1995 5.2419 5.6964 9.1451 11.783 14.612 13.433 12.871 13.5   14.5   15.258 7.5833 6.6774   130.3      10.9 12
                         1996 4.7903 9.2413 4.5483 9.0333 12.983 14.083 12.225 13.838 12.65  9.4838 7.5166 7.758    118.2       9.8 12
                         1997 6.629  5.5    8.4838 9.4    10.629 12.65  11.532 11.58  11.133 7.629  8.05   5.6451   108.9       9.1 12
                         1998                                           15.032 14.274 14.283 12.483 9.5    5.3225    70.9      11.8  6
                         1999 2.3548 4.8035 7.9032 10.65  11.693 14.333 14.854 13.693 13.15  10.983 5.4333 2.6612   112.5       9.4 12
                         2000 3.2419 5.0689 8.0322 10.766 13.435 13.183 13.241 13.064 12.4   10.451 7.6333 4.0645   114.6       9.5 12
                         2001 4.6129 6.8214 6.9032 11.9   12.903 13.1   13.161 13.322 13.033 10.032 5.7333 4.6451   116.2       9.7 12
                         2002 3.6129 5.6785 9.1612 12     13.871 14.233 13.193 12.871 13.2   11.193 7.1333 4.0967   120.2      10.0 12
                         2003 4.7419 6.8928 7.1935 11.933 13.967 14.5   12.967 13.225 13.6   9.5806 7.2666 2.5483   118.4       9.9 12
                         2004 4.1935 3.2758 8.3225 8.6666 12     13.033 13     12.838 12.666 11.064 6.1666 4        109.2       9.1 12
                         2005 4.2258 7.2857 6.4838 10.733 11.806 14.4   13.967 13.161 12.333 10.838 6.6    5.1612   117.0       9.7 12
                         2006 3.8387 5.7142 8.4516 11.666 13     13.766 13.741 13.58  13.366 11.354 6.5333 4.129    119.1       9.9 12
                         2007 5.9354 5.5    8.8064 10.466 13.096 13.833 13.58  14.096 13.1   10.129 6.1666 5.7741   120.5      10.0 12
                         2008 3.9677 5.5172 6.0645 10.333 12     13.766 12.677 12.967 12.033 8.5806 4.2    3.1935   105.3       8.8 12
                         2009 4.1612 4.5357 7.5161 9.0333 12.193 13.3   12.903 12.838 12.733 10.709 5.1666 3.9032   109.0       9.1 12
                         2010 2.3548 3.2857 5.5483 8.7666 11.709 13.633 13.193 12.58  12.933 7.258  4.0666 1.7096    97.0       8.1 12
                         2011 2.4516 4.3214 8.3548 10.866 12.354 13.2   12.903 12.709 11.233 8.7419 5.1666 3.9032   106.2       8.9 12
                         2012 3.9354 5.5172 8.2903 8.8666 11.58  12.433 11.645 12.096 10.766 9.6129 6.9    4.2903   105.9       8.8 12
                         2013 3.8709 4.9642 5.3548 8.9    11.354 13.1   11.935 11.903 11.966 8.7419 6.1666 2.8387   101.1       8.4 12
                         2014 1.5161 3.6428 5.4838 7.1333 9.2258 10.7   9.6774 9.6451 9.6666 7.3548 3.1333 1.5161    78.7       6.6 12
                         2015 2.4193 2.8571 4      7.6333 8.6333 9.7333 9.4516 8.6774 8.9333 7.129  5.6    1.4193    76.5       6.4 12
                         2016 -0.451 1.0344 3.6451 7.3333 10.064 9.4333 9.2741 9.7419 9.0666 6.8064 4.1333 2.5806    72.7       6.1 12
                         2017 0.5322 1.6964 4.5161 5.75   9.1774 10.283 9.129  9.758  8.75   6.0645 2.8166 0.7903    69.3       5.8 12
                         2018 -0.433 3.9285 5.4032 6.4333 9.0967 9.4833 8.8387 8.9677 9.4    7.258  2.7666 -0.548    70.6       5.9 12
                         2019 0.7903 3.3214 5.2419 5.9166 8.9032 10.8   9.1129 9.8064 8.7833 7.4193 5.1333 0.4838    75.7       6.3 12
                         2020 0.8064        6.8548 7.55   7.3225 9.3333 9.0645 8.9677 7.8666 5.0967 2.5333 0.0322    65.4       5.9 11
                         2021 -0.822 0.9464 3.7741 5.5    7.258  7.8666 7.4032 7.3387 6.9333 4.758                   51.0       5.1 10

MINIMA                        -0.822 0.9464 3.6451 5.5    7.258  7.8666 7.4032 7.3387 6.9333 4.758  2.5333 -0.548    41.7       5.1
MAXIMA                        6.629  9.2413 9.1612 12     14.612 14.95  15.032 14.274 14.5   15.258 9.5    7.758    130.3      11.8
MEDIA                         3.3226 4.6284 6.6891 9.371  11.527 12.663 12.25  12.016 11.632 9.2705 5.8238 3.9967    99.4       8.6
DESV. ESTANDAR                1.7952 1.6338 1.534  1.7466 1.7111 1.7093 1.7632 1.6438 1.7366 1.9927 1.5756 1.8556    20.44      1.4


