COMISIÓN NACIONAL DEL AGUA
COORDINACIÓN GENERAL DEL SERVICIO METEOROLÓGICO NACIONAL
PROYECTO DE BASES DE DATOS CLIMATOLÓGICOS
    
                         AÑO  ENE    FEB    MAR    ABR    MAY    JUN    JUL    AGO    SEP    OCT    NOV    DIC  ACUMULADO  MEDIA  MESES
00001046
LA LABOR (DGE), CALVILLO
DIAS CON GRANIZO
                         1974 0      0      0      0      0      0      0      0      0      0      0      0          0.0       0.0 12
                         1975 0      0      0      0      0      0      0      0      0      0      0      0          0.0       0.0 12
                         1976 0      0      0      0      0      0      2      0      0      0      0      0          2.0       0.2 12
                         1977 0      0      0      0      0      0      2      0      0      0      0      0          2.0       0.2 12
                         1978 0             0      0      0      2      0      0      0      0      0      0          2.0       0.2 11
                         1979 0      0      0      0      0      0      0      0      0      0      0      0          0.0       0.0 12
                         1980 0      0      0      0      0      0      0      0      0      0      0      0          0.0       0.0 12
                         1981 0      0      0      0      0      0      2      3      0      0      0      0          5.0       0.4 12
                         1982 0      0      0      2      0      0             0      0      0      0      0          2.0       0.2 11
                         1983 0      0      0      0      0      0      0      2      0      0      0      0          2.0       0.2 12
                         1984 0      0      0      0      0      0      0      0      0      0      0      0          0.0       0.0 12
                         1985 0      0      0      0      0      0      0      0      0      0      0      0          0.0       0.0 12
                         1986 0      0      0      0      0      0      0      1      0      0      0      0          1.0       0.1 12
                         1987 0      0      0      0      0      0      0      0      0      0      0      0          0.0       0.0 12
                         1988 0      0      0      0      0      0      0      0      0      0      0      0          0.0       0.0 12
                         1989 0      0      0      0      0      0      0      0      0      0      0      0          0.0       0.0 12
                         1990 0      0      0      0      0      0      0             0      0      0      0          0.0       0.0 11
                         1991 0      0      0      0      0      0      0      0      0      0      0      0          0.0       0.0 12
                         1992 0      0      0      0      0      0      0      0      0      1      0      0          1.0       0.1 12
                         1993 0      0      0      0      0      0      0      0      0      0      0      0          0.0       0.0 12
                         1994 0      0      0      0      0      1      0      0      0      0      0      0          1.0       0.1 12
                         1995 0      0      0      0      0      0      0      0      0      0      0      0          0.0       0.0 12
                         1996 0      0      0      0      0      0      0      0      0      0      0      0          0.0       0.0 12
                         1997 0      0      0      0             0      0      0      0      0      0      0          0.0       0.0 11
                         1998 0      0      0      0      0      0      0      0      0      0      0      0          0.0       0.0 12
                         1999 0      0      0      0      0      0      0      0      0      0      0      0          0.0       0.0 12
                         2000 0      0      0      0      0      0      0      0      0      0      0      0          0.0       0.0 12
                         2001 0      0      0      0      0      0      0      0      0      0      0      0          0.0       0.0 12
                         2002 0      0      0      0      0      0      0      0      0      0      0      0          0.0       0.0 12
                         2003 0      0      0      0      0      0      0      0      0      0      0      0          0.0       0.0 12
                         2004 0      0      0      0      0      0      0      0      0      0      0      0          0.0       0.0 12
                         2005 0      0      1      0      0      0      1      0      0      0      0      0          2.0       0.2 12
                         2006 0      0      0      0      0      0      2      0      0      0      0      0          2.0       0.2 12
                         2007 0      0      0      0      0      0      1      0      0      0      0      0          1.0       0.1 12
                         2008 0      0      0      0      0      0      2      1      0      0      0      0          3.0       0.3 12
                         2009 0      0      0      0      0      0      0      0      0      0      0      0          0.0       0.0 12
                         2010 0      0      0      0      0      0      0      0      1      0      0      0          1.0       0.1 12
                         2011 0      0      0      0      0      0      0      0      1      0      0      0          1.0       0.1 12
                         2012 0      0      0             0      0      1      3      0      1      0      0          5.0       0.5 11
                         2013 0      0      0      0      0      0      0      0      0      0      0      0          0.0       0.0 12
                         2014 0      0      0      0      0      0      0      0             0      0                 0.0       0.0 10
                         2015 0      0      0      0      2      0      1      0      0      0      0                 3.0       0.3 11
                         2016 1      0      0      0      0      0      0      0      0      0      0      0          1.0       0.1 12
                         2017 0      0      0      0      0      0      1      0      0      0      0      0          1.0       0.1 12
                         2018 0      0      0      0      0      0      0      0      0      0      0      0          0.0       0.0 12
                         2019 0      0      0      0      0      0      0      0      0      0      0      0          0.0       0.0 12
                         2020 0             0      0      0      0      1      3      0      0      0      0          4.0       0.4 11
                         2021 0      0      0      0      0      0      0      0      1                               1.0       0.1  9

MINIMA                        0      0      0      0      0      0      0      0      0      0      0      0          0.0       0.0
MAXIMA                        1      0      1      2      2      2      2      3      1      1      0      0          5.0       0.5
MEDIA                         0.0208 0      0.0208 0.0425 0.0425 0.0625 0.3404 0.2766 0.0638 0.0425 0      0          0.9       0.1
DESV. ESTANDAR                0.1443 0      0.1443 0.2917 0.2917 0.3199 0.6684 0.7995 0.247  0.204  0      0          1.32      0.1


DIAS CON NIEBLA 
                         1974 0      0      0      0      0      0      0      2      0      0      0      0          2.0       0.2 12
                         1975 0      0      0      0      0      0      0      0      0      0      0      0          0.0       0.0 12
                         1976 0      0      0      0      0      0      0      0      0      0      0      0          0.0       0.0 12
                         1977 0      0      0      0      0      0      0      0      0      0      0      0          0.0       0.0 12
                         1978 0             0      0      0      1      0      0      1      0      0      0          2.0       0.2 11
                         1979 0      0      0      0      0      0      0      0      0      0      0      0          0.0       0.0 12
                         1980 0      1      0      0      0      0      0      1      0      0      0      0          2.0       0.2 12
                         1981 0      1      0      0      0      0      0      0      0      0      0      0          1.0       0.1 12
                         1982 0      0      0      0      0      0             0      0      0      0      0          0.0       0.0 11
                         1983 0      0      0      0      0      0      0      0      0      0      0      0          0.0       0.0 12
                         1984 0      0      0      0      0      0      0      0      0      0      0      0          0.0       0.0 12
                         1985 0      0      0      0      0      2      0      0      0      2      0      0          4.0       0.3 12
                         1986 0      0      0      0      0      0      0      0      0      0      0      0          0.0       0.0 12
                         1987 0      0      0      0      0      0      0      0      1      0      0      0          1.0       0.1 12
                         1988 0      0      0      0      0      0      0      0      0      0      0      0          0.0       0.0 12
                         1989 0      0      0      0      0      0      0      0      0      0      0      0          0.0       0.0 12
                         1990 0      0      0      0      0      0      0             0      0      0      0          0.0       0.0 11
                         1991 0      0      0      0      0      0      0      0      0      0      0      0          0.0       0.0 12
                         1992 0      0      0      0      0      0      0      0      0      0      0      0          0.0       0.0 12
                         1993 0      0      0      0      0      0      0      0      0      0      0      0          0.0       0.0 12
                         1994 0      0      0      0      0      2      0      0      0      0      0      0          2.0       0.2 12
                         1995 0      0      0      0      0      0      0      0      0      0      0      0          0.0       0.0 12
                         1996 0      0      0      0      0      0      0      0      0      0      0      0          0.0       0.0 12
                         1997 0      0      0      0             0      1      1      0      0      0      0          2.0       0.2 11
                         1998 0      0      0      0      0      0      0      0      0      0      0      0          0.0       0.0 12
                         1999 0      0      0      0      0      0      0      0      0      0      0      0          0.0       0.0 12
                         2000 0      0      0      0      0      0      0      0      0      0      0      0          0.0       0.0 12
                         2001 0      0      0      0      0      0      0      0      0      0      0      0          0.0       0.0 12
                         2002 0      0      0      0      0      0      0      0      0      0      0      0          0.0       0.0 12
                         2003 0      0      0      0      0      0      0      0      0      0      0      0          0.0       0.0 12
                         2004 0      0      0      0      0      2      0      1      0      1      0      0          4.0       0.3 12
                         2005 0      0      0      0      0      0      0      0      0      0      0      0          0.0       0.0 12
                         2006 0      0      0      0      0      0      0      1      0      0      0      0          1.0       0.1 12
                         2007 0      0      0      0      0      0      0      0      0      0      0      0          0.0       0.0 12
                         2008 0      0      0      0      0      0      1      0      0      0      0      0          1.0       0.1 12
                         2009 0      0      0      0      0      0      0      0      0      0      0      0          0.0       0.0 12
                         2010 0      0      0      0      0      0      0      0      1      0      0      0          1.0       0.1 12
                         2011 0      0      0      0      0      0      0      0      0      0      0      0          0.0       0.0 12
                         2012 0      0      0             0      0      1      1      0      0      0      0          2.0       0.2 11
                         2013 0      0      0      0      0      0      0      0      3      1      0      0          4.0       0.3 12
                         2014 0      0      0      0      0      0      0      0             0      0                 0.0       0.0 10
                         2015 0      0      0      0      0      1      1      1      0      0      0                 3.0       0.3 11
                         2016 0      0      0      0      0      0      2      1      0      0      0      0          3.0       0.3 12
                         2017 0      1      0      0      0      0      1      1      0      0      0      0          3.0       0.3 12
                         2018 0      0      0      0      0      0      0      0      1      0      0      0          1.0       0.1 12
                         2019 0      0      0      0      0      0      0      0      1      0      1      0          2.0       0.2 12
                         2020 0             0      0      0      0      0      0      0      0      0      0          0.0       0.0 11
                         2021 0      0      0      0      0      1      1      0      2                               4.0       0.4  9

MINIMA                        0      0      0      0      0      0      0      0      0      0      0      0          0.0       0.0
MAXIMA                        0      1      0      0      0      2      2      2      3      2      1      0          4.0       0.4
MEDIA                         0      0.0652 0      0      0      0.1875 0.1702 0.2127 0.2127 0.0851 0.0212 0          0.9       0.1
DESV. ESTANDAR                0      0.2496 0      0      0      0.5322 0.4333 0.4632 0.5874 0.3507 0.1458 0          1.33      0.1


DIAS CON TORMEN.
                         1974 0      0      0      0      0      0      0      0      0      0      0      0          0.0       0.0 12
                         1975 0      0      0      0      0      0      0      0      0      0      0      0          0.0       0.0 12
                         1976 0      0      0      0      0      0      0      0      0      0      0      0          0.0       0.0 12
                         1977 0      0      0      0      0      0      0      0      0      0      0      0          0.0       0.0 12
                         1978 0             0      0      0      0      0      0      0      0      0      0          0.0       0.0 11
                         1979 0      0      0      0      0      0      5      0      0      0      0      0          5.0       0.4 12
                         1980 0      0      0      0      0      0      0      0      0      0      0      0          0.0       0.0 12
                         1981 0      0      0      0      0      0      0      0      0      0      0      0          0.0       0.0 12
                         1982 0      0      0      0      0      0             0      0      0      0      0          0.0       0.0 11
                         1983 0      0      0      0      0      0      0      0      0      0      0      0          0.0       0.0 12
                         1984 0      0      0      0      0      0      0      0      0      0      0      0          0.0       0.0 12
                         1985 0      0      0      0      0      2      0      0      0      2      0      0          4.0       0.3 12
                         1986 0      0      0      0      0      0      0      0      0      0      0      0          0.0       0.0 12
                         1987 0      0      0      0      0      0      0      0      0      0      0      0          0.0       0.0 12
                         1988 0      0      0      0      0      0      0      0      0      0      0      0          0.0       0.0 12
                         1989 0      0      0      0      0      0      0      0      0      0      0      0          0.0       0.0 12
                         1990 0      0      0      0      0      0      0             0      0      0      0          0.0       0.0 11
                         1991 0      0      0      0      0      0      0      0      0      0      0      0          0.0       0.0 12
                         1992 0      0      0      0      0      0      0      0      0      0      0      0          0.0       0.0 12
                         1993 0      0      0      0      0      0      0      0      0      0      0      0          0.0       0.0 12
                         1994 0      0      0      0      0      0      0      0      0      0      0      0          0.0       0.0 12
                         1995 0      0      0      0      0      0      1      0      0      0      0      0          1.0       0.1 12
                         1996 0      0      0      0      0      0      0      0      0      0      0      0          0.0       0.0 12
                         1997 0      0      0      0             0      0      0      0      0      0      0          0.0       0.0 11
                         1998 0      0      1      0      0      0      0      0      0      0      0      0          1.0       0.1 12
                         1999 0      0      0      0      0      0      0      0      0      0      0      0          0.0       0.0 12
                         2000 0      0      0      0      0      0      0      0      0      0      0      0          0.0       0.0 12
                         2001 0      0      0      0      0      0      0      0      0      0      0      0          0.0       0.0 12
                         2002 0      0      0      0      0      0      0      0      0      0      0      0          0.0       0.0 12
                         2003 0      0      0      0      0      0      0      0      0      0      0      0          0.0       0.0 12
                         2004 0      0      0      0      0      0      2      1      2      0      0      0          5.0       0.4 12
                         2005 0      0      0      0      0      0      0      0      0      0      0      0          0.0       0.0 12
                         2006 0      0      0      0      0      0      0      0      0      0      0      0          0.0       0.0 12
                         2007 0      0      0      0      0      0      0      0      0      0      0      0          0.0       0.0 12
                         2008 0      0      0      0      0      0      0      0      0      0      0      0          0.0       0.0 12
                         2009 0      0      0      0      0      0      0      0      0      0      0      0          0.0       0.0 12
                         2010 0      0      0      0      0      0      0      0      2      0      0      0          2.0       0.2 12
                         2011 0      0      0      0      0      0      0      0      0      0      0      0          0.0       0.0 12
                         2012 0      0      0             0      0      1      0      0      0      0      0          1.0       0.1 11
                         2013 0      0      0      0      0      0      0      0      0      0      0      0          0.0       0.0 12
                         2014 0      0      0      0      0      0      0      0             0      0                 0.0       0.0 10
                         2015 0      0      0      0      0      4      1      1      0      0      0                 6.0       0.5 11
                         2016 0      0      0      0      0      1      2      0      0      0      0      0          3.0       0.3 12
                         2017 0      0      0      0      0      0      0      0      0      0      0      0          0.0       0.0 12
                         2018 0      0      0      0      0      0      0      0      0      0      0      0          0.0       0.0 12
                         2019 0      0      0      0      0      0      0      0      0      0      0      0          0.0       0.0 12
                         2020 0             0      0      0      0      0      0      0      0      0      0          0.0       0.0 11
                         2021 0      0      0      0      0      0      0      0      0                               0.0       0.0  9

MINIMA                        0      0      0      0      0      0      0      0      0      0      0      0          0.0       0.0
MAXIMA                        0      0      1      0      0      4      5      1      2      2      0      0          6.0       0.5
MEDIA                         0      0      0.0208 0      0      0.1458 0.2553 0.0425 0.0851 0.0425 0      0          0.6       0.0
DESV. ESTANDAR                0      0      0.1443 0      0      0.6519 0.8461 0.204  0.408  0.2917 0      0          1.47      0.1


EVAPORACION MEN.
                         1990                      172.7  203.91 170.6  106.64        98.37  114.15 104.01 105.76 1,076.1     134.5  8
                         1991 100.26 121.11 206.26 219.9  245.43 185.03 92.07  137.62 105.37 119.45 134.74 75.35  1,742.6     145.2 12
                         1992 68.67  121.23 105.56 123.5  132.67 134.83 138.9  131.64 129.67 129.72 94.24  107.15 1,417.8     118.1 12
                         1993 102.67 179.77 231.3  230.77 263.76 77.14  107.5  92.67  89.27  115    105.99 117.19 1,713.0     142.8 12
                         1994 129.35 169.2  247.35 264.62 259.25 180.87 143.73 102.67 106.78 101.38 120.58 106.48 1,932.3     161.0 12
                         1995 112.27 138.44 220.94 226.27 239.85 210.85 166.31 122.02 123.55 163.02 123.07 96.07  1,942.7     161.9 12
                         1996 116.11 126.34 172.31 230.86 266.08 181.2  175.19 148.74 102.42 87.29  103.93 85.48  1,796.0     149.7 12
                         1997 67.99  71.72  99.66  94.06         172.85 242.14 183.69 196.29 141.16 151.99 146.49 1,568.0     142.5 11
                         1998 146.06 98.9          327.33 228.32 183.2  199.96 207.7  196.36 123.5  121.57 168.01 2,000.9     181.9 11
                         1999 135.39 113.55 220.34 226.03 298.4  222.57 233.18 211.85 202.59 224.8  192.73 159.73 2,441.2     203.4 12
                         2000 180.85 182.18 242.58 243.53 216.21 182.52 202.37 211.41 208.5  184.16 173.73 160.43 2,388.5     199.0 12
                         2001 149.36 173.19 239.59 271.1  216.74 193.35 164.43 184.27 141.79 165.46 156.49 154.42 2,210.2     184.2 12
                         2002 173.45 155.52 233.41 238.53 257.03 196.57 150.22 141.77 139.29 141    142.55 142.63 2,112.0     176.0 12
                         2003 139.54 171.16 251.45 275.04 308.36 202.9  165.17 159.94 123.03 153.83 152.85 147.86 2,251.1     187.6 12
                         2004 128.04 163.54 223.6  271.17 222.31 192.74 171.77 156.13 101.62 141.23 148.05 109.81 2,030.0     169.2 12
                         2005 139.89 131.06 222.15 286.39 277.89 282.49 186.9  143.3  182.64 161.6  156.74 140.6  2,311.7     192.6 12
                         2006 153.58 182.03 245.2  287.39 240.55 180.08 185.39 140.21 115.73 135.16 120.08 114.07 2,099.5     175.0 12
                         2007 118.74 165.24 239.82 257.13 231.91 212.36 151.25 188.25 160.84 176.89 147.52 140.38 2,190.3     182.5 12
                         2008 168.56 201.35 276.74 243.01 273.73 223.93 236.09 157.66 144.93 179.93 153.72 143.35 2,403.0     200.3 12
                         2009 150.72 169.49 233.67 234.2  274.09 230.65 214.04 226.82 143.61 149.97 144.23 122.26 2,293.8     191.1 12
                         2010 123.83 132.21 241.45 263.43 304.7  245.64 163.64 211.1  196.77 193.99 173.98 154.93 2,405.7     200.5 12
                         2011 167.35 188.89 192.15 297.58 322.18 270.01 230.6  227.54 163.14 191.33 168.36 159.42 2,578.6     214.9 12
                         2012 152.8  134.45 234.06        251.53 238.54        200.62 164.31 210.3  136.72 154.27 1,877.6     187.8 10
                         2013 143.51 199    250.93 302.94 297.32 251.66 149.45 206.45 135.9  147.36 113.34 119.57 2,317.4     193.1 12
                         2014 133.51 171.55 239.51 285    243.14 224.48 221.92 201.55        162.63 119.68        2,003.0     200.3 10
                         2015 137.96 137.29 159.46 198.99 229.8  170    184.6  193    153.83 153.67 136.56        1,855.2     168.7 11
                         2016 147.3  183.92 220.14 243.85 267.26 228.35 198.73 171.15 158.85 176.94 121.52 139.7  2,257.7     188.1 12
                         2017 165.34 176.27 219.36 266.02 300.01 239.23 182.98 191.15 145.35 161.53 158.53 136.78 2,342.6     195.2 12
                         2018 153.72 143.5  223.69 266.1  211.02 222.37 173.97 135.25 156.47 136.56 106.46 101.03 2,030.1     169.2 12
                         2019 121.24 151.08 251.82 238.15 253.07 207.59 222.24 197.68 159.12 148.12 120.22 105.68 2,176.0     181.3 12
                         2020 147.4         197.29 296.58 249.95 216.79 176.25 164.79 154.11 203.7  175.46 123.28 2,105.6     191.4 11
                         2021 145.94 183.41 266.95 264.01 254.88 193.02 167.73 192.95 161.3                       1,830.2     203.4  9

MINIMA                        67.99  71.72  99.66  94.06  132.67 77.14  92.07  92.67  89.27  87.29  94.24  75.35  1,076.1     118.1
MAXIMA                        180.85 201.35 276.74 327.33 322.18 282.49 242.14 227.54 208.5  224.8  192.73 168.01 2,578.6     214.9
MEDIA                         136.17 154.55 220.29 246.65 252.94 203.88 177.59 172.3  147.15 154.67 138.05 128.9  2,053.1     177.9
DESV. ESTANDAR                26.737 31.085 40.519 48.928 37.925 39.131 38.08  36.088 32.985 32.123 25.056 24.952   323.12     23.2


LLUVIA MAX 24 H.
                         1974 0      0      0      3      6      6      18     27     61.1   3      3      4        131.1      10.9 12
                         1975 12     0      0      0      0      40     51     25     15.1   5.1    0      20       168.2      14.0 12
                         1976 0      0      0      10     3.3    7      70     32     28     20     40     10       220.3      18.4 12
                         1977 0      0      0      0      2.3    34     36     21     18     19     2      5        137.3      11.4 12
                         1978 0             0      3      3      26     40     64     91     25.3   3      0        255.3      23.2 11
                         1979 0      4.5    0      0      0      2.5    40     9      8      3.5    0      40       107.5       9.0 12
                         1980 21     14.5   0      6      2.5    20     22     49     20.5   18     26     7.5      207.0      17.3 12
                         1981 20     5      2      4      8.5    17     27     80     8      20     5      7        203.5      17.0 12
                         1982 0      0      0      3.5    6      1             26.5   10     20     23.5   19       109.5      10.0 11
                         1983 20     0      4      0      18     9      23.5   58     24     17     23     0        196.5      16.4 12
                         1984 12     0      0      0      7      17     23     21     10     3.5    0      10       103.5       8.6 12
                         1985 2      0      0      3      3.5    34.5   30     66     40     35     6      15       235.0      19.6 12
                         1986 0      2.5    0      3      30     45     23     35     70     50     0      0        258.5      21.5 12
                         1987 10     10     0      2      20     15     35     31     42     0      0      4        169.0      14.1 12
                         1988 9      0      4.5    2      0      90.5   23     16.5   16     4      0      0        165.5      13.8 12
                         1989 0      0      0      0      0      13     21     24     10.5   0      20     8         96.5       8.0 12
                         1990 5      6      6      0      10     44     31            27     27     0      0        156.0      14.2 11
                         1991 4.1    3      0      0      0      18     41     28     15     5      0      14       128.1      10.7 12
                         1992 30     0      0      4      9      26     31     19     15.5   40     16     7        197.5      16.5 12
                         1993 15     0      0      8      3      25     25     20     21.8   11.8   8      6        143.6      12.0 12
                         1994 18     0      0      2.5    5      30     7.5    18.1   16     11     0      0        108.1       9.0 12
                         1995 0.5    0.7    0      0      4      23.8   38.5   23.3   30.2   0      18.5   4.8      144.3      12.0 12
                         1996 0      2.3    0      4.3    6      16.4   20.6   27.5   28.2   41.9   2.6    0        149.8      12.5 12
                         1997 17.7   14.6   8.3    14.6          20     19.5   14.5   14     19     6      0        148.2      13.5 11
                         1998 0      0.8    0      0      0      20     15     20     20     10     0      0         85.8       7.2 12
                         1999 0      0      0      0      2      30     20     20     20     10     0      0        102.0       8.5 12
                         2000 0      0      0      0      20     19.5   22.5   20     20     4      8.7    14       128.7      10.7 12
                         2001 0      0      19     20     5      7.5    20     20     20     11.5   2      1        126.0      10.5 12
                         2002 12.5   20     0      0      20     10     20     20     20     20     16     0        158.5      13.2 12
                         2003 5      1      0      0      6      20     20     20     20     15     0      0        107.0       8.9 12
                         2004 13     1.5    11     0      6      28     21     23     30     20     1      0        154.5      12.9 12
                         2005 0      20     4      0      3      20     20     20     16     8.5    0      1        112.5       9.4 12
                         2006 4      2      0      1.5    17.5   18     20     20     20     20     17.5   18       158.5      13.2 12
                         2007 9      20     0      0      0      38     20     20     16.5   0      8      0        131.5      11.0 12
                         2008 0      2.6    0      2.5    7.5    25     30     44     34.4   20     0      0        166.0      13.8 12
                         2009 0.3    0      0      2      15     21.5   18     27.5   28     20     18     3.5      153.8      12.8 12
                         2010 15     47     0      0      0      21     24     26     35     0      0      0        168.0      14.0 12
                         2011 0      0      0      0      4.5    10     9      12     24     15     0      0         74.5       6.2 12
                         2012 4      27.5   0             1      37     70     27     14     15     2.5    12       210.0      19.1 11
                         2013 40     0      0      0      0      13     30     15     22     11     7.5    42       180.5      15.0 12
                         2014 0      0      0      0      9      42     22     41            10     16              140.0      14.0 10
                         2015 2      14     40     10.5   21     30     34     45     24.3   29.5   16              266.3      24.2 11
                         2016 10     4      9      0      8      29     40     32     7      1      12     0        152.0      12.7 12
                         2017 1.5    3      0      0      5      37.5   41     40     52     34     0      23       237.0      19.8 12
                         2018 41     29.5   0      2      26     44     17     49     47     39     26     10       330.5      27.5 12
                         2019 7             0             0      14.5   32     46            9      17     6.5      132.0      14.7  9
                         2020 37            4      0      12     20     46     45     30     12     0      7        213.0      19.4 11
                         2021 6.5    0      0      10     14.5   37     33.5   47.5   35                            184.0      20.4  9

MINIMA                        0      0      0      0      0      1      7.5    9      7      0      0      0         74.5       6.2
MAXIMA                        41     47     40     20     30     90.5   70     80     91     50     40     42       330.5      27.5
MEDIA                         8.4187 5.6888 2.3291 2.6391 7.4489 24.441 28.544 30.54  25.98  15.608 7.8893 7.0955   162.8      14.0
DESV. ESTANDAR                10.966 10.045 6.652  4.3011 7.6329 15.007 12.887 15.437 16.625 12.322 9.7069 9.7854    52.85      4.7


LLUVIA TOTAL MEN
                         1974 0      0      0      3      14     25.3   192    125    143.5  5      3      12.1     522.9      43.6 12
                         1975 44.3   0      0      0      0      91     243.5  208.6  29.1   17.3   0      25       658.8      54.9 12
                         1976 0      0      0      10     9.4    17.5   377.1  85     157.3  29     75.3   15       775.6      64.6 12
                         1977 0      0      0      0      2.3    159.9  175    101    65     36     3      5        547.2      45.6 12
                         1978 0             0      3      3      70.3   98     243    171    59.8   3      0        651.1      59.2 11
                         1979 0      12     0      0      0      5.5    199.5  57     20.5   3.5    0      91.5     389.5      32.5 12
                         1980 57.5   21.5   0      6      2.5    49.5   84.5   282.5  65.5   74.5   35.5   20       699.5      58.3 12
                         1981 55     8      2      7      11     57.5   110    181    13     34     8      7        493.5      41.1 12
                         1982 0      0      0      3.5    15.5   1             73.5   13     43.5   51.5   34.5     236.0      21.5 11
                         1983 30     0      4      0      37     25.5   126.5  131    60     30     42.5   0        486.5      40.5 12
                         1984 20     0      0      0      16     86.5   173.5  131.5  16     10     0      11       464.5      38.7 12
                         1985 2      0      0      5      8.5    141    113    135    91     70     10     27       602.5      50.2 12
                         1986 0      2.5    0      5      37     194    51     189    190    164    0      0        832.5      69.4 12
                         1987 35.5   29     0      2      31     34     194.5  115.5  109    0      0      12.5     563.0      46.9 12
                         1988 18     0      4.5    3      0      172.3  184    85.5   55     4      0      0        526.3      43.9 12
                         1989 0      0      0      0      0      33     68     165.5  47.5   0      26     21.5     361.5      30.1 12
                         1990 5      12     6      0      16.5   76.5   237.5         115    62.5   0      0        531.0      48.3 11
                         1991 4.1    3      0      0      0      53.5   386.5  92     74.5   13     0      26.5     653.1      54.4 12
                         1992 164.5  0      0      4      18     43     91     65.5   17.5   133    28.3   7        571.8      47.7 12
                         1993 20     0      0      18     8      81.2   114.5  120    73.2   36.1   14.7   6        491.7      41.0 12
                         1994 30     0      0      4.2    7.7    115.5  19.2   130.2  51     27.5   0      0        385.3      32.1 12
                         1995 0.5    0.7    0      0      12.3   110.5  106.2  180.7  93.6   0      18.5   6.6      529.6      44.1 12
                         1996 0      2.6    0      4.3    9.1    59     73.5   136.3  119.3  55.1   6.9    0        466.1      38.8 12
                         1997 25     14.6   8.3    47.9          52.4   87.8   39.4   29.1   53.4   10.3   0        368.2      33.5 11
                         1998 0      0.8    0      0      0      112.5  85.5   75     68.5   15     0      0        357.3      29.8 12
                         1999 0      0      0      0      2      134    103.5  62.8   53     10     0      0        365.3      30.4 12
                         2000 0      0      0      0      76     87.9   91.8   50     58.5   4      25.7   20       413.9      34.5 12
                         2001 0      0      19.3   20     5      22.9   157    105.5  119    16.5   2      2        469.2      39.1 12
                         2002 12.5   42     0      0      24.5   33.5   150.5  129.5  136.5  51     23     0        603.0      50.3 12
                         2003 5      1      0      0      6      120.5  181.5  152.5  86     43     0      0        595.5      49.6 12
                         2004 42.5   1.5    22.5   0      29.5   133.8  86     101    164    51     1      0        632.8      52.7 12
                         2005 0      43     7.5    0      3      34     93.5   121.5  39     18.5   0      1        361.0      30.1 12
                         2006 4      2      0      1.5    27     70     109    144.1  117.5  79     20.5   23       597.6      49.8 12
                         2007 15     22.5   0      0      0      213.5  137    93.5   36     0      8      0        525.5      43.8 12
                         2008 0      2.6    0      2.5    8.4    91.5   181.7  327    147.5  20     0      0        781.2      65.1 12
                         2009 0.3    0      0      2      31     68     63.5   90     77     42.1   18     5        396.9      33.1 12
                         2010 35.5   108    0      0      0      39.5   108.5  65.5   124    0      0      0        481.0      40.1 12
                         2011 0      0      0      0      4.5    27     36     57.5   72     18     0      0        215.0      17.9 12
                         2012 8      41     0             1      97     303    125    43.5   16     2.5    12       649.0      59.0 11
                         2013 44     0      0      0      0      47     135    49.5   79     39.5   28.5   110.5    533.0      44.4 12
                         2014 0      0      0      0      26     130.5  81     82.7          27.5   21.5            369.2      36.9 10
                         2015 2      41     67     11.5   37     170    166.5  146    93.8   63     16              813.8      74.0 11
                         2016 10     6      12     0      12     85     246.5  152.5  28.5   1      19.5   0        573.0      47.8 12
                         2017 1.5    3      0      0      5      59.5   240.5  187.5  108    48     0      30       683.0      56.9 12
                         2018 84.5   29.5   0      2      32.5   215.5  70     103.5  282    103.5  32.5   11       966.5      80.5 12
                         2019 15.3          0             0      52     130.5  119           42     44     6.5      409.3      45.5  9
                         2020 49            4      0      17.5   94     186    110.5  106    12     0      7        586.0      53.3 11
                         2021 6.5    0      0      11     26     104    196.5  211.5  215.5                         771.0      85.7  9

MINIMA                        0      0      0      0      0      1      19.2   39.4   13     0      0      0        215.0      17.9
MAXIMA                        164.5  108    67     47.9   76     215.5  386.5  327    282    164    75.3   110.5    966.5      85.7
MEDIA                         17.645 9.9955 3.2729 3.8347 13.461 83.302 145.67 126.31 88.573 35.783 12.748 12.36    540.8      46.5
DESV. ESTANDAR                29.418 19.926 10.533 8.0857 15.097 53.673 79.616 60.259 57.653 34.641 16.837 21.785   156.20     14.1


TEMP MAXIMA EXT.
                         1988                      36     36.5   36.5   31.5   31     31.5   31.5   33.5   28.5     296.5      32.9  9
                         1989 29     30.5   32.5   34.5   38     37     33.5   30     32     32     32     28       389.0      32.4 12
                         1990 31     31     33     34     36     36     28            32     33     32     30       356.0      32.4 11
                         1991 31     32     35     36     36     35     28     31     31     31     31     30       387.0      32.3 12
                         1992 25     27     28     31     30     35     34     28     28     28     26     26       346.0      28.8 12
                         1993 28     30     30     34     33     34     31     31     30     30     31     29       371.0      30.9 12
                         1994 28     29     33     34     35     34     34     29     31     31     29     30       377.0      31.4 12
                         1995 29     29     35     34     37     37     34     32     33     35     32     30       397.0      33.1 12
                         1996 26     27     34     37     41     39     39.5   41     34     33.5   32.5   30.5     415.0      34.6 12
                         1997 29     34     36     37            33.5   35     33.5   33     33     31     29       364.0      33.1 11
                         1998 27     32     33     36     38     38     34     33     30     30     31     27       389.0      32.4 12
                         1999 28     31     31     34     35.5   37     35     32.5   33     31     30     25       383.0      31.9 12
                         2000 26.5   29     31.5   32     35     31     33     32     33     33     31     30       377.0      31.4 12
                         2001 28     33     31     37     36     34     33     33     31     32     29     29       386.0      32.2 12
                         2002 30     30     34     37     38     35     31     31     30     31     30     30       387.0      32.3 12
                         2003 28     31     34     35     39     35     31     32     31     32     31     28       387.0      32.3 12
                         2004 28     28     34     35     35     32     31     31     31     32     30     28       375.0      31.3 12
                         2005 29     30     33     36     35     38     34     31     33     34     34     31       398.0      33.2 12
                         2006 30     33     35     36     36     35     34     31     30     31     29     29       389.0      32.4 12
                         2007 28     32     33     35     33     36     31     31     32     33     29     30       383.0      31.9 12
                         2008 29     33     35     37     37     37     31     31     31     31     29     30       391.0      32.6 12
                         2009 29     34     33     31.5   37     36     33     35     31     33     28     29       389.5      32.5 12
                         2010 28     28     31     34     38     38     32     34     33     32     32     30       390.0      32.5 12
                         2011 31     35     35     36     39     37     34     35     34     33     32     29       410.0      34.2 12
                         2012 29     32     33            38     38     32     33     31     34     31     30       361.0      32.8 11
                         2013 29     32     33     36     39     37     33     34     31     31     30     29       394.0      32.8 12
                         2014 29     32     34     35     35     35     34     34            33     30              331.0      33.1 10
                         2015 30     34     32     35     36     34     32     33     32     33     34              365.0      33.2 11
                         2016 29     34     33     36     38     35     33     32     32     33     32     31       398.0      33.2 12
                         2017 32     33     35     36     38     37     33     32     33     32     34     31       406.0      33.8 12
                         2018 29     31     35     35     40     38     34     33     32     31     31     29       398.0      33.2 12
                         2019 30            35            37     38     36     35            33     31     32       307.0      34.1  9
                         2020 30            39     37     36     39     36     35     34     36     35     33       390.0      35.5 11
                         2021 35     35     37     36     38     36     34     34     32                            317.0      35.2  9

MINIMA                        25     27     28     31     30     31     28     28     28     28     26     25       296.5      28.8
MAXIMA                        35     35     39     37     41     39     39.5   41     34     36     35     33       415.0      35.5
MEDIA                         29.015 31.338 33.515 35.156 36.636 35.97  33.014 32.545 31.734 32.181 31     29.387   376.5      32.7
DESV. ESTANDAR                1.8135 2.2486 2.0822 1.5731 2.166  1.9027 2.1863 2.2959 1.3677 1.5452 1.908  1.6005    28.10      1.2


TEMP MAXIMA PROM
                         1988                      29.883 32     29.95  26.79  28.354 29.066 27.419 26.023 22.725   252.2      28.0  9
                         1989 23.822 26.142 29.177 31.583 33.145 32.283 29.306 26.661 29.016 30.661 29.9   22.209   343.9      28.7 12
                         1990 26.887 26.017 25.967 29.9   32     29.8   24.935        28.166 28.774 28.666 26.983   308.1      28.0 11
                         1991 26.193 28     31.774 31.833 32.306 31.383 24.741 29.096 27.033 28.129 28.833 25       344.3      28.7 12
                         1992 19.774 21.413 25.887 28     28.935 31.866 27.225 26.451 26.633 23.741 22.3   22.871   305.1      25.4 12
                         1993 23.354 26     26.419 29.5   29.871 29.366 27.741 28.032 26.966 27.064 27.833 25.806   328.0      27.3 12
                         1994 24.709 27.285 28.838 30.233 33.129 28.933 29.193 25.516 26.8   27.451 27.666 26.129   335.9      28.0 12
                         1995 24.5   26.464 29.354 30.866 33.645 31.9   27.806 27.322 27.766 30.258 27.466 22.548   339.9      28.3 12
                         1996 23.387 21.586 31.838 33.966 37.903 35.083 34.951 33.822 30.883 29.741 28.133 26.596   367.9      30.7 12
                         1997 23.806 29.071 32.338 29.116        27.383 30.274 30.935 29.866 27.258 26.083 22.338   308.5      28.0 11
                         1998 24.258 25.678 29.516 32.966 36     34.05  30.758 29.29  28.083 27.096 28.833 24.5     351.0      29.3 12
                         1999 26.096 29.142 28.741 31.7   33.596 31.933 30.693 29.645 29.4   28.483 26.516 21.951   347.9      29.0 12
                         2000 23.016 25.931 28.774 30.3   32.225 29.3   29.919 29.516 30.4   29.322 27.7   25.096   341.5      28.5 12
                         2001 24.225 27.892 27.806 33.066 32.096 30.566 29.548 29.709 27.6   28.096 25.9   25.129   341.6      28.5 12
                         2002 25.58  26.142 29.935 33.233 34.322 31.433 28.193 27.967 27.933 28.322 25.366 24.258   342.7      28.6 12
                         2003 24.258 27.107 29.548 32.1   34.967 31.933 27.903 27.806 27.2   27.419 28.666 25.29    344.2      28.7 12
                         2004 22.483 25.31  29.354 30.566 32.225 28.3   28.741 28.733 27.041 28.516 26.7   23.533   331.5      27.6 12
                         2005 25.354 24.821 27.871 32.7   32.935 34.4   30.58  28.064 29.3   28.967 28.066 25.548   348.6      29.1 12
                         2006 25.806 28.357 30.871 33.9   32.58  30.963 29.419 27.612 27.233 27.258 25.966 23.516   343.5      28.6 12
                         2007 23.258 26     30.741 30.933 30.709 31.5   27.741 28.677 28.566 28.193 27.133 26.161   339.6      28.3 12
                         2008 25.548 27.793 28.854 33.466 32.903 31.366 28.161 27.516 26.4   27.677 26.666 25.483   341.8      28.5 12
                         2009 25.903 25.785 28.387 30.083 32.629 31.783 30.774 30.838 28.333 28.193 25.066 24.322   342.1      28.5 12
                         2010 22.806 23.107 27.871 30.466 34.467 33.733 29.225 30.871 30.066 29.5   28.066 26.29    346.5      28.9 12
                         2011 26.5   28.464 31.967 34.033 35.419 33.866 30.871 31.741 30.214 29.58  28.166 26.871   367.7      30.6 12
                         2012 25.516 25.689 30.29         33.821 32.178 29.481 29.903 28.7   31.467 28.2   26.548   321.8      29.3 11
                         2013 24.645 28.464 28.677 32.8   33.967 33.333 28.903 30.225 28.366 29.032 26.2   24.551   349.2      29.1 12
                         2014 24.258 29.142 29.967 32.5   31.967 31.533 30.032 30.806        30.193 26.241          296.6      29.7 10
                         2015 25.516 25.703 26.827 30.758 32.133 29.965 29.344 30.161 29.933 29.2   29.7            319.2      29.0 11
                         2016 25.129 29.069 28.225 31.7   35.064 32.733 30.387 28.871 29.733 30.032 26.333 28.032   355.3      29.6 12
                         2017 27.161 27.821 30.258 32.333 34.967 34     29.483 29.709 28.433 28.709 30     25.161   358.0      29.8 12
                         2018 25.774 27.178 32.148 32.866 32.862 30     30.607 30.333 28.931 27.821 25.75  24.633   348.9      29.1 12
                         2019 26.069        31.451        34.703 33.821 30.883 31.466        29.5   27.896 26.5     272.3      30.3  9
                         2020 25.766        33.31  33.9   33.25  33.633 30.733 30.4   30.896 33.58  32.133 26.827   344.4      31.3 11
                         2021 27.709 30.714 33.58  33.3   34.333 30.4   28.322 29.387 28.866                        276.6      30.7  9

MINIMA                        19.774 21.413 25.887 28     28.935 27.383 24.741 25.516 26.4   23.741 22.3   21.951   252.2      25.4
MAXIMA                        27.709 30.714 33.58  34.033 37.903 35.083 34.951 33.822 30.896 33.58  32.133 28.032   367.9      31.3
MEDIA                         24.82  26.687 29.593 31.705 33.245 31.608 29.225 29.256 28.557 28.686 27.399 24.948   332.5      28.9
DESV. ESTANDAR                1.5885 2.1104 1.9961 1.6065 1.7517 1.8773 1.8667 1.7127 1.2811 1.6563 1.7968 1.6178    26.51      1.1


TEMP MEDIA MENS.
                         1988                      19.875 22.008 22.508 21.024 21.604 21.458 18.621 16.103 13.862   177.1      19.7  9
                         1989 14.774 15.955 17.04  22.508 23.33  23.791 21.975 20.822 21.233 20.508 18.791 12.975   233.7      19.5 12
                         1990 16.209 15.267 17.008 20.141 22.701 22.875 20            21.3   20.508 17.808 15.758   209.6      19.1 11
                         1991 15.209 16.946 18.629 20.75  21.927 23.133 19.669 21.5   20.416 18.951 17.983 16.322   231.4      19.3 12
                         1992 13.225 13.637 16.467 18.383 19.919 23.3   20.822 18.79  20.6   16.854 13.433 15.064   210.5      17.5 12
                         1993 14.483 15.964 17.838 20.483 21.822 23.016 21.5   21.741 20.8   19.274 17.8   15.548   230.3      19.2 12
                         1994 14.08  17.375 19.129 21.083 23.758 22.6   21.935 20.225 20.366 20.5   19.266 17.33    237.7      19.8 12
                         1995 13.395 17.285 18.693 20.783 24.241 24.5   22.419 22.596 22.066 20.322 18.566 12.322   237.2      19.8 12
                         1996 12.596 13.137 18.516 20.666 25.201 24.983 25.112 24.491 22.458 20.435 17.316 15.741   240.7      20.1 12
                         1997 12.879 17.383 19.879 18.458        19.258 22.725 22.709 22.416 18.79  17.375 12.774   204.7      18.6 11
                         1998 14.161 14.232 17.895 21.233 24.371 25.275 23.258 22.306 21.458 20.032 18.808 15.04    238.1      19.8 12
                         1999 14.645 17.875 18.983 21.566 22.435 23.475 22.177 21.951 20.908 18.943 16.116 11.943   231.0      19.3 12
                         2000 13.879 16.094 19.032 20.033 22.524 22.525 21.854 21.733 22.066 20.774 17.966 15.338   233.8      19.5 12
                         2001 14.951 17.892 17.096 22.516 22.967 22.75  22.241 22.467 20.7   19.129 16.15  15.911   234.8      19.6 12
                         2002 14.967 16.41  19.274 23.133 24.693 23.716 21.693 21.596 21.183 20.29  16.916 14.532   238.4      19.9 12
                         2003 15.274 16.91  18.338 21.95  24.935 24.033 21.354 21.258 21.4   19.403 18.7   14.596   238.2      19.8 12
                         2004 14.387 14.603 19.548 19.95  23.032 21.7   21.29  21.4   20.604 20.29  16.7   14.683   228.2      19.0 12
                         2005 15.887 16.535 16.951 21.616 22.29  24.6   23.193 21.5   21.5   20.338 17.933 15.516   237.9      19.8 12
                         2006 15.371 17.607 19.354 23.083 22.79  23.222 22.725 21.419 20.916 19.725 16.95  14.322   237.5      19.8 12
                         2007 14.951 15.642 19.387 20.533 19.371 23.4   21.08  21.661 21.1   19.467 17.316 16.096   230.0      19.2 12
                         2008 14.983 16.439 17.669 21.616 23.169 23.666 21.322 21.274 20.566 19.524 16.016 15.258   231.5      19.3 12
                         2009 16.112 16.214 18.306 19.083 23.169 23.958 22.846 23.096 21.733 20.548 16.033 14.887   236.0      19.7 12
                         2010 13.596 14.321 17.322 19.683 23.685 25.016 22.758 23.387 22.533 18.862 16.833 14.806   232.8      19.4 12
                         2011 15.233 16.928 20.379 22.266 24.209 25.166 23.548 23.371 21.821 20.435 17.7   16.548   247.6      20.6 12
                         2012 15.701 16.62  19.774        23.821 23.196 21.888 22.419 21.1   21.556 18.75  16.524   221.4      20.1 11
                         2013 15.661 17.321 17.782 21.141 23.596 24.383 22.096 22.354 21.866 20.677 18.35  15.775   241.0      20.1 12
                         2014 14.774 17.696 18.774 21.6   23.145 23.7   22.371 22.774        20.838 16.913          202.6      20.3 10
                         2015 16.451 16.611 17.637 21.172 22.55  22.931 21.589 22.129 21.9   20.5   20.216          223.7      20.3 11
                         2016 14.161 17.413 18.225 20.916 24.403 23.666 22.354 22.306 21.933 20.903 17.783 17.725   241.8      20.1 12
                         2017 16.048 16.732 19.725 20.966 24.032 25.166 22.29  22.419 21.3   20.145 18.95  15.612   243.4      20.3 12
                         2018 15.693 18.16  20.377 21.933 23.396 22.9   22.375 22.277 21.931 20.464 16.553 14.816   240.9      20.1 12
                         2019 15.855        20.564        23.611 25.169 22.958 23.433        20.916 19.224 16.116   187.9      20.9  9
                         2020 15.915        22.293 22.35  22.969 24.866 22.866 22.85  22.448 21.854 20.383 16.724   235.5      21.4 11
                         2021 16.354 18.517 21.121 21.85  24.066 22.966 21.79  22.064 21.8                          190.5      21.2  9

MINIMA                        12.596 13.137 16.467 18.383 19.371 19.258 19.669 18.79  20.366 16.854 13.433 11.943   177.1      17.5
MAXIMA                        16.451 18.517 22.293 23.133 25.201 25.275 25.112 24.491 22.533 21.854 20.383 17.725   247.6      21.4
MEDIA                         14.905 16.443 18.758 21.041 23.156 23.571 22.091 22.058 21.434 20.011 17.627 15.176   227.6      19.8
DESV. ESTANDAR                1.0289 1.3366 1.3322 1.1961 1.2509 1.2046 1.0177 1.0308 0.6347 0.9777 1.3938 1.3583    17.22      0.7


TEMP MINIMA EXT.
                         1988                      4      7      9      12.5   12     7      7      0      3         61.5       6.8  9
                         1989 2.5    1      1      11     8      12     13.5   13     6      5      4      -1        76.0       6.3 12
                         1990 3      0      3.5    4      10     10     13            13     5      2      0         63.5       5.8 11
                         1991 -2     2      0      3      7      10     12     11     9      5      1      3         61.0       5.1 12
                         1992 1      1      3      4      9      12     12     10     14     7      -1     3         75.0       6.3 12
                         1993 0      3      3      7      11     14     13     12     12     7      5      4         91.0       7.6 12
                         1994 1      4      7      10     10     13     11     13     11     10     7      -1        96.0       8.0 12
                         1995 -3     2      4      6      10     12     15     14     14     5      1      -1        79.0       6.6 12
                         1996 -2     0      1      5      10     12     13     12     11     7      3.5    1.5       74.0       6.2 12
                         1997 -3.5   2      3      5             8      10.5   11     11     2      0.5    -4        45.5       4.1 11
                         1998 0      0      2.5    7      7      13     11     13     12     10     4.5    3.5       83.5       7.0 12
                         1999 1      2      7      8      7.5    13.5   11     11.5   10     5      2      -3        75.5       6.3 12
                         2000 2      2      7      7.5    8.5    13.5   10     10     10.5   10     3      2         86.0       7.2 12
                         2001 1      4      3      7      11     12     13     12     11     5      2      0.5       81.5       6.8 12
                         2002 0      1      4      8      11     12     12     12     10     8      1      0         79.0       6.6 12
                         2003 1      2      0      8      12     13     12     12     13     4      4      0         81.0       6.8 12
                         2004 1      -1     5      5      10     11     12     9      12     9      3      -1        75.0       6.3 12
                         2005 2      2      2      7      7      10     14     12     10     5      2      1         74.0       6.2 12
                         2006 0      1      5      8      10     12     14     13     12     7      2      -3        81.0       6.8 12
                         2007 3      2      4      5      4      13     11     12     10     4      4      3         75.0       6.3 12
                         2008 -1     3      0      6      10     14     7      12     9      5.5    1      0         66.5       5.5 12
                         2009 3      3      4      6.5    8      13     13     10     13     8      4      -1        84.5       7.0 12
                         2010 -1     0      3      5      7      10     12     12     9      5      2      0         64.0       5.3 12
                         2011 1      2      3.5    7      9      13     13     13     9      6      -3     3         76.5       6.4 12
                         2012 3      4      6             7      12     11     12     8      8      6      4         81.0       7.4 11
                         2013 3      3      -1     5      6      13     12     12     11     7      4      4         79.0       6.6 12
                         2014 1      4      2      7      10     13     12     12            7      2                70.0       7.0 10
                         2015 4      4      3      9      7      14     10     11     10     9      8                89.0       8.1 11
                         2016 0      0      2      6      8      7      12     12     11     7      5      2         72.0       6.0 12
                         2017 1      2      3      5      9      12     12     7      9      5      3      -3        65.0       5.4 12
                         2018 2      7      2      6      9      13     12     12     12     8      2      -2        83.0       6.9 12
                         2019 0      3      6      5      6      13     12     13     12     1      8      3         82.0       6.8 12
                         2020 0             6      8      9      1      12     13     8      7      5      3         72.0       6.5 11
                         2021 0      1      6      8      7      13     13     11     12                             71.0       7.9  9

MINIMA                        -3.5   -1     -1     3      4      1      7      7      6      1      -3     -4        45.5       4.1
MAXIMA                        4      7      7      11     12     14     15     14     14     10     8      4         96.0       8.1
MEDIA                         0.7272 2.0625 3.3484 6.4545 8.5454 11.647 12.014 11.712 10.651 6.3787 2.9545 0.758     75.6       6.5
DESV. ESTANDAR                1.7857 1.6448 2.1487 1.8086 1.7913 2.5302 1.4221 1.3522 1.9141 2.1251 2.4088 2.373      9.87      0.8


TEMP MINIMA PROM
                         1988                      9.8666 12.016 15.066 15.258 14.854 13.85  9.8225 6.1833 5        101.9      11.3  9
                         1989 5.7258 5.7678 4.9032 13.433 13.516 15.3   14.645 14.983 13.45  10.354 7.6833 3.7419   123.5      10.3 12
                         1990 5.5322 4.5178 8.0483 10.383 13.403 15.95  15.064        14.433 12.241 6.95   4.5322   111.1      10.1 11
                         1991 4.2258 5.8928 5.4838 9.6666 11.548 14.883 14.596 13.903 13.8   9.7741 7.1333 7.6451   118.6       9.9 12
                         1992 6.6774 5.862  7.0483 8.7666 10.903 14.733 14.419 11.129 14.566 9.9677 4.5666 7.258    115.9       9.7 12
                         1993 5.6129 5.9285 9.258  11.466 13.774 16.666 15.258 15.451 14.633 11.483 7.7666 5.2903   132.6      11.0 12
                         1994 3.4516 7.4642 9.4193 11.933 14.387 16.266 14.677 14.935 13.933 13.548 10.866 8.5322   139.4      11.6 12
                         1995 2.2903 8.1071 8.0322 10.7   14.838 17.1   17.032 17.871 16.366 10.387 9.6666 2.0967   134.5      11.2 12
                         1996 1.8064 4.6896 5.1935 7.3666 12.5   14.883 15.274 15.161 14.033 11.129 6.5    4.8871   113.4       9.5 12
                         1997 1.9516 5.6964 7.4193 7.8           11.133 15.177 14.483 14.966 10.322 8.6666 3.2096   100.8       9.2 11
                         1998 4.0645 2.7857 6.2741 9.5    12.741 16.5   15.758 15.322 14.833 12.967 8.7833 5.5806   125.1      10.4 12
                         1999 3.1935 6.6071 9.2258 11.433 11.274 15.016 13.661 14.258 12.416 9.4032 5.7166 1.9354   114.1       9.5 12
                         2000 4.7419 6.2586 9.2903 9.7666 12.822 15.75  13.79  13.951 13.733 12.225 8.2333 5.5806   126.1      10.5 12
                         2001 5.6774 7.8928 6.3871 11.966 13.838 14.933 14.935 15.225 13.8   10.161 6.4    6.6935   127.9      10.7 12
                         2002 4.3548 6.6785 8.6129 13.033 15.064 16     15.193 15.225 14.433 12.258 8.4666 4.8064   134.1      11.2 12
                         2003 6.2903 6.7142 7.129  11.8   14.903 16.133 14.806 14.709 15.6   11.387 8.7333 3.9032   132.1      11.0 12
                         2004 6.2903 3.8965 9.7419 9.3333 13.838 15.1   13.838 14.066 14.166 12.064 6.7    5.8333   124.9      10.4 12
                         2005 6.4193 8.25   6.0322 10.533 11.645 14.8   15.806 14.935 13.7   11.709 7.8    5.4838   127.1      10.6 12
                         2006 4.9354 6.8571 7.8387 12.266 13     15.481 16.032 15.225 14.6   12.193 7.9333 5.129    131.5      11.0 12
                         2007 6.6451 5.2857 8.0322 10.133 8.0322 15.3   14.419 14.645 13.633 10.741 7.5    6.0322   120.4      10.0 12
                         2008 4.4193 5.0862 6.4838 9.7666 13.435 15.966 14.483 15.032 14.733 11.371 5.3666 5.0322   121.2      10.1 12
                         2009 6.3225 6.6428 8.2258 8.0833 13.709 16.133 14.919 15.354 15.133 12.903 7      5.4516   129.9      10.8 12
                         2010 4.3871 5.5357 6.7741 8.9    12.903 16.3   16.29  15.903 15     8.2258 5.6    3.3225   119.1       9.9 12
                         2011 3.9677 5.3928 8.7903 10.5   13     16.466 16.225 15     13.428 11.29  7.2333 6.2258   127.5      10.6 12
                         2012 5.8871 7.5517 9.258         13.821 14.214 14.296 14.935 13.5   11.645 9.3    6.5      120.9      11.0 11
                         2013 6.6774 6.1785 6.8871 9.4833 13.225 15.433 15.29  14.483 15.366 12.322 10.5   7        132.8      11.1 12
                         2014 5.2903 6.25   7.5806 10.7   14.322 15.866 14.709 14.741        11.483 7.5862          108.5      10.9 10
                         2015 7.3871 7.5185 8.4482 11.586 12.966 15.896 13.833 14.096 13.866 11.8   10.733          128.1      11.6 11
                         2016 3.1935 5.7586 8.2258 10.133 13.741 14.6   14.322 15.741 14.133 11.774 9.2333 7.4193   128.3      10.7 12
                         2017 4.9354 5.6428 9.1935 9.6    13.096 16.333 15.096 15.129 14.166 11.58  7.9    6.0645   128.7      10.7 12
                         2018 5.6129 9.1428 8.6071 11     13.931 15.8   14.142 14.222 14.931 13.107 7.3571 5        132.9      11.1 12
                         2019 5.6428 7.3461 9.6774 9.5    12.518 16.517 15.034 15.4   14.178 12.333 10.551 5.7333   134.4      11.2 12
                         2020 6.0645        11.275 10.8   12.689 16.1   15     15.3   14     10.129 8.6333 6.6206   126.6      11.5 11
                         2021 5      6.3214 8.6612 10.4   13.8   15.533 15.258 14.741 14.733                        104.4      11.6  9

MINIMA                        1.8064 2.7857 4.9032 7.3666 8.0322 11.133 13.661 11.129 12.416 8.2258 4.5666 1.9354   100.8       9.2
MAXIMA                        7.3871 9.1428 11.275 13.433 15.064 17.1   17.032 17.871 16.366 13.548 10.866 8.5322   139.4      11.6
MEDIA                         4.9901 6.235  7.923  10.351 13.067 15.534 14.957 14.861 14.306 11.336 7.8559 5.4045   123.5      10.6
DESV. ESTANDAR                1.4259 1.3147 1.4658 1.402  1.3504 1.0358 0.7605 0.9825 0.7531 1.1954 1.5811 1.529      9.88      0.7


