COMISIÓN NACIONAL DEL AGUA
COORDINACIÓN GENERAL DEL SERVICIO METEOROLÓGICO NACIONAL
PROYECTO DE BASES DE DATOS CLIMATOLÓGICOS
    
                         AÑO  ENE    FEB    MAR    ABR    MAY    JUN    JUL    AGO    SEP    OCT    NOV    DIC  ACUMULADO  MEDIA  MESES
00001081
RANCHO SECO, ASIENTOS   
DIAS CON GRANIZO
                         1979                                                                0      0      0          0.0       0.0  3
                         1980 0      0      0      0      0      0      0      0      0      0      0      0          0.0       0.0 12
                         1981 0      0      0      0      0      0      0      0      0      0      0      0          0.0       0.0 12
                         1982 0      0      0      0      0      0      0      0      0      0      0      0          0.0       0.0 12
                         1983 0      0      0      0      0      0      0      0      0      0      0      0          0.0       0.0 12
                         1984 0      0      0      0      0      0      0      0      0      0      0      0          0.0       0.0 12
                         1985 0      0      0      0      0      0      0      0      0      0      0      0          0.0       0.0 12
                         1986 0      0      0      0      0      0      0      0      0      0      0      0          0.0       0.0 12
                         1987 0      0      0      0      0      0      0      0      0      0      0      0          0.0       0.0 12
                         1988 0      0      0      0      0      0      0      0      0      0      0      0          0.0       0.0 12
                         1989 0      0      0      0      0      0      0      0      0      0      0      0          0.0       0.0 12
                         1990 0      0             0      0      0      0      0             0      0      0          0.0       0.0 10
                         1991 0      0      0      0      0      1      0      0      0      0      0      0          1.0       0.1 12
                         1992 0      0      0      0      0      0      0      0      0      0      0      0          0.0       0.0 12
                         1993 0      0      0      0      0      0      0      0      0      0      0      0          0.0       0.0 12
                         1994 0      0      0      0      0      0      0      0      0      0      0      0          0.0       0.0 12
                         1995 0      0      0             0      0      0      0      0      0      0      0          0.0       0.0 11
                         1996 0      0      0      0      0      0      0      0      0      0      0      0          0.0       0.0 12
                         1997 0      0      0      0      0      0      0      0      0      0      0      0          0.0       0.0 12
                         1998 0      0      0      0      0      0      0      0      0      0      0      0          0.0       0.0 12
                         1999 0      0      0      0      0      0      0      0      0      0      0      0          0.0       0.0 12
                         2000 0      0      0      0      0      0      0      0      0      0      0      0          0.0       0.0 12
                         2001 0      0      0      0      0      0      0      0      0      0      0      0          0.0       0.0 12
                         2002 0      0      0      0      0      0      0      0      0      0      0      0          0.0       0.0 12
                         2003 0      0      0      0      0      0      0      0      0      0      0      0          0.0       0.0 12
                         2004 0      0      0      0      0      0      0      0      0      0      0      0          0.0       0.0 12
                         2005 0      0      0      0      0      0      0      0      0      0      0      0          0.0       0.0 12
                         2006 0      0      0      0      0      0      0      0      0      0      0      0          0.0       0.0 12
                         2007 0      0      0      0      0      0      0      0      0      0      0      0          0.0       0.0 12
                         2008 0      0      0      0      0      0      0      0      0      0      0      0          0.0       0.0 12
                         2009 0      0      0      0      0      0      0      0      0      0      0      0          0.0       0.0 12
                         2010 0      0      0      0      0      0      0      0      0      0      0      0          0.0       0.0 12
                         2011 0      0      0      0      0      0      0      0      0      0      0      0          0.0       0.0 12
                         2012 0      0      0      0      0      0      0      0      0      0      0      0          0.0       0.0 12
                         2013 0      0      0      0      0      0      0      0      0      0      0      0          0.0       0.0 12
                         2014 0      0      0      0      0      0      0      0      0      0      0      0          0.0       0.0 12
                         2015 0      0      1      0      0      0      0      0      0      0      0      0          1.0       0.1 12
                         2016 0      0      0      0      0      0      0      0      0      0      0      0          0.0       0.0 12
                         2017 0      0      0      0      0      0      0      0      0      0      0      0          0.0       0.0 12
                         2018 0      0      0      0      0      0      0                                             0.0       0.0  7
                         2019 0      0      0      0      0      0      0      0      0      0      0      0          0.0       0.0 12
                         2020 0             0      1      0      0      0      0      0      0      0      0          1.0       0.1 11
                         2021 0      0      0      0      0      0                                                    0.0       0.0  6

MINIMA                        0      0      0      0      0      0      0      0      0      0      0      0          0.0       0.0
MAXIMA                        0      0      1      1      0      1      0      0      0      0      0      0          1.0       0.1
MEDIA                         0      0      0.0243 0.0243 0      0.0238 0      0      0      0      0      0          0.1       0.0
DESV. ESTANDAR                0      0      0.1561 0.1561 0      0.1543 0      0      0      0      0      0          0.26      0.0


DIAS CON NIEBLA 
                         1979                                                                0      0      0          0.0       0.0  3
                         1980 0      0      0      0      0      0      0      0      0      0      0      0          0.0       0.0 12
                         1981 2      0      0      0      0      0      0      0      0      0      0      0          2.0       0.2 12
                         1982 0      0      0      0      0      0      0      0      0      0      0      0          0.0       0.0 12
                         1983 0      0      0      0      1      0      0      0      0      0      0      0          1.0       0.1 12
                         1984 0      0      0      0      0      0      0      0      0      0      0      0          0.0       0.0 12
                         1985 0      0      0      0      0      0      0      1      0      0      0      0          1.0       0.1 12
                         1986 0      0      0      0      0      0      0      0      0      0      0      0          0.0       0.0 12
                         1987 0      0      0      0      0      0      0      0      0      0      0      0          0.0       0.0 12
                         1988 0      0      0      0      0      0      0      0      0      0      0      0          0.0       0.0 12
                         1989 0      0      0      0      0      0      0      0      0      0      0      0          0.0       0.0 12
                         1990 0      0             0      0      0      0      0             0      0      0          0.0       0.0 10
                         1991 0      0      0      0      0      0      0      0      0      0      0      1          1.0       0.1 12
                         1992 2      0      0      0      0      0      0      0      0      0      2      0          4.0       0.3 12
                         1993 0      0      0      0      0      0      0      0      0      0      0      0          0.0       0.0 12
                         1994 0      0      0      0      0      0      0      0      0      0      0      0          0.0       0.0 12
                         1995 0      0      0             0      0      0      0      1      0      0      1          2.0       0.2 11
                         1996 3      0      0      0      0      0      0      1      0      0      1      0          5.0       0.4 12
                         1997 0      0      0      0      0      0      0      0      0      0      0      1          1.0       0.1 12
                         1998 0      0      0      0      0      0      0      0      0      0      0      0          0.0       0.0 12
                         1999 0      0      0      0      0      0      0      0      0      0      0      0          0.0       0.0 12
                         2000 0      0      0      0      0      0      0      0      0      0      0      0          0.0       0.0 12
                         2001 0      0      0      0      0      0      0      0      0      0      0      0          0.0       0.0 12
                         2002 0      0      0      0      0      0      0      0      0      0      0      0          0.0       0.0 12
                         2003 0      0      0      0      0      0      0      0      0      0      0      0          0.0       0.0 12
                         2004 0      0      0      0      0      0      0      0      0      0      0      0          0.0       0.0 12
                         2005 0      0      0      0      0      0      0      0      0      0      0      0          0.0       0.0 12
                         2006 0      0      0      0      0      0      0      0      0      0      0      0          0.0       0.0 12
                         2007 0      0      0      0      0      0      0      0      0      0      0      0          0.0       0.0 12
                         2008 0      0      0      0      0      0      0      0      0      0      0      0          0.0       0.0 12
                         2009 0      0      0      0      0      0      0      0      0      0      0      0          0.0       0.0 12
                         2010 0      0      0      0      0      0      0      0      0      0      0      0          0.0       0.0 12
                         2011 0      0      0      0      0      0      0      0      0      0      0      0          0.0       0.0 12
                         2012 0      0      0      0      0      0      0      0      0      1      0      0          1.0       0.1 12
                         2013 0      0      0      0      0      0      0      0      0      0      3      1          4.0       0.3 12
                         2014 0      0      0      0      0      0      0      0      0      0      1      0          1.0       0.1 12
                         2015 0      0      0      0      0      0      0      0      0      0      1      0          1.0       0.1 12
                         2016 1      0      0      0      0      0      0      0      1      1      0      0          3.0       0.3 12
                         2017 0      0      0      0      0      0      0      0      0      3      0      0          3.0       0.3 12
                         2018 2      0      0      0      0      0      0                                             2.0       0.3  7
                         2019 0      0      0      0      0      0      0      0      0      0      1      0          1.0       0.1 12
                         2020 1             0      0      0      0      0      0      1      0      0      0          2.0       0.2 11
                         2021 1      0      0      0      0      0                                                    1.0       0.2  6

MINIMA                        0      0      0      0      0      0      0      0      0      0      0      0          0.0       0.0
MAXIMA                        3      0      0      0      1      0      0      1      1      3      3      1          5.0       0.4
MEDIA                         0.2857 0      0      0      0.0238 0      0      0.05   0.0769 0.1219 0.2195 0.0975     0.8       0.1
DESV. ESTANDAR                0.7083 0      0      0      0.1543 0      0      0.2207 0.2699 0.5096 0.6128 0.3004     1.29      0.1


DIAS CON TORMEN.
                         1979                                                                0      0      0          0.0       0.0  3
                         1980 0      0      0      0      0      0      0      0      0      0      0      0          0.0       0.0 12
                         1981 0      0      0      0      0      0      0      0      0      0      0      0          0.0       0.0 12
                         1982 0      0      0      0      0      0      0      0      0      0      0      0          0.0       0.0 12
                         1983 0      0      0      0      0      0      0      0      0      0      0      0          0.0       0.0 12
                         1984 0      0      0      0      0      0      0      0      0      0      0      0          0.0       0.0 12
                         1985 0      0      0      0      0      0      0      2      0      0      0      0          2.0       0.2 12
                         1986 0      0      0      0      0      0      0      0      0      0      0      0          0.0       0.0 12
                         1987 0      0      0      0      0      0      0      0      0      0      0      0          0.0       0.0 12
                         1988 0      0      0      0      0      0      0      0      0      0      0      0          0.0       0.0 12
                         1989 0      0      0      0      0      0      0      0      0      0      0      0          0.0       0.0 12
                         1990 0      0             0      0      0      0      0             0      0      0          0.0       0.0 10
                         1991 0      0      0      0      0      0      0      0      0      0      0      0          0.0       0.0 12
                         1992 0      0      0      0      0      0      0      0      0      0      0      0          0.0       0.0 12
                         1993 0      0      0      0      0      0      0      0      0      0      0      0          0.0       0.0 12
                         1994 0      0      0      0      0      0      0      0      0      0      0      0          0.0       0.0 12
                         1995 0      0      0             0      0      5      3      1      0      0      0          9.0       0.8 11
                         1996 0      0      0      1      2      0      2      2      0      0      0      0          7.0       0.6 12
                         1997 0      0      0      0      0      0      0      0      0      0      0      0          0.0       0.0 12
                         1998 0      0      0      0      0      0      0      0      0      0      0      0          0.0       0.0 12
                         1999 0      0      0      0      0      0      0      0      0      0      0      0          0.0       0.0 12
                         2000 0      0      0      0      0      0      0      0      0      0      0      0          0.0       0.0 12
                         2001 0      0      0      0      0      0      0      0      0      0      0      0          0.0       0.0 12
                         2002 0      0      0      0      0      0      0      0      0      0      0      0          0.0       0.0 12
                         2003 0      0      0      0      0      0      0      0      0      0      0      0          0.0       0.0 12
                         2004 0      0      0      0      0      0      0      0      0      0      0      0          0.0       0.0 12
                         2005 0      0      0      0      0      0      0      0      0      0      0      0          0.0       0.0 12
                         2006 0      0      0      0      0      0      0      0      0      0      0      0          0.0       0.0 12
                         2007 0      0      0      0      0      0      0      0      0      0      0      0          0.0       0.0 12
                         2008 0      0      0      0      0      0      0      0      0      0      0      0          0.0       0.0 12
                         2009 0      0      0      0      0      0      0      0      0      1      0      1          2.0       0.2 12
                         2010 2      1      0      0      0      0      0      0      0      0      0      0          3.0       0.3 12
                         2011 0      0      0      0      0      0      0      0      0      0      0      0          0.0       0.0 12
                         2012 0      1      0      0      0      0      0      0      0      0      0      0          1.0       0.1 12
                         2013 0      0      0      0      0      0      0      0      0      0      0      0          0.0       0.0 12
                         2014 0      0      0      0      0      0      0      0      0      0      0      0          0.0       0.0 12
                         2015 0      0      0      0      0      0      0      0      0      0      0      0          0.0       0.0 12
                         2016 0      0      0      0      0      0      0      0      0      0      0      0          0.0       0.0 12
                         2017 0      0      0      0      0      0      0      0      0      0      0      0          0.0       0.0 12
                         2018 0      0      0      0      0      0      0                                             0.0       0.0  7
                         2019 0      0      0      0      0      0      0      0      0      0      0      0          0.0       0.0 12
                         2020 0             0      0      0      0      0      0      0      0      0      0          0.0       0.0 11
                         2021 0      0      0      0      0      0                                                    0.0       0.0  6

MINIMA                        0      0      0      0      0      0      0      0      0      0      0      0          0.0       0.0
MAXIMA                        2      1      0      1      2      0      5      3      1      1      0      1          9.0       0.8
MEDIA                         0.0476 0.0487 0      0.0243 0.0476 0      0.1707 0.175  0.0256 0.0243 0      0.0243     0.6       0.0
DESV. ESTANDAR                0.3086 0.218  0      0.1561 0.3086 0      0.8337 0.6359 0.1601 0.1561 0      0.1561     1.79      0.2


EVAPORACION MEN.
                         1979                                                                192.5  179.6  184.9    557.0     185.7  3
                         1980 183.55 129.7  269.1  187.3  224.5  240.7  210.6  182.18 198.4  159.9  166.2  148.1  2,300.2     191.7 12
                         1981 185.8  140.75 186.6  184.08 232.5  202.35 223.9  249.5  247.04 163.2  166.7  181    2,363.4     197.0 12
                         1982 188.1  163.1  206.4  177.5  219.1  229.1  184.3  184.6  210.3  175.1  133    117.03 2,187.6     182.3 12
                         1983 105.6  92.7   201.6  218.5  235.9  171.4  143.8  160    134.6  124.3  115.3  122.5  1,826.2     152.2 12
                         1984 119.4  149.6  188.8  146.7  277.5  168.8  120.6  154.4  97     90.2   86.3   95.9   1,695.2     141.3 12
                         1985 120.5  78     182.9  207.3  224.3  121.7  131.5  121    145.7  154.5  107.4  121.7  1,716.5     143.0 12
                         1986 110.3  134.3  169.6  122.5  123.3  147.5  138.1  154.8  112.5                       1,212.9     134.8  9
                         1991                      279.57 298.97 205.13 116.12 178.15 127.07 127.56 114.29 95.69  1,542.6     171.4  9
                         1992 71.85  130.19 179.83 172.11        266.02 188.06 140.67        129.65        89.78  1,368.2     152.0  9
                         1993 96.09                                            151.15                      111.14   358.4     119.5  3
                         1994 105.66 127.27 189.83 182.93 210.78 136.3  161.64 141.78 117.67 126.44 120.37 106.52 1,727.2     143.9 12
                         1995 100.32 106.84 205.18        209.76 197.41 160.41 128.88 146.2  210.09 151.05 145.17 1,761.3     160.1 11
                         1996 162.4  176.39 182.48 239.83 289.95 244.1  278.49 202.73 151.35 159.36 161.12 147.84 2,396.0     199.7 12
                         1997 156.77 175.94 202.18 172.12 250.64 245.54 221.79 234.18 208.59 171.08 162.4  172.95 2,374.2     197.8 12
                         1998 170.93 196.72 312.79 329.68 281.53 190.62 200.34 175.91 121.65 141.82 141.23 132.49 2,395.7     199.6 12
                         1999 166.67 152.11 206.31 224.98 234.54 247.8  246.91 246.09 194.93 213.56 187.74 179.45 2,501.1     208.4 12
                         2000 127.41 121.08 144.04 152.39 201.35 196.44 211.26 196.87 210.26 181.34 160.34 147.22 2,050.0     170.8 12
                         2001 141.58 164.44 239.8  257.75 211.33 195.19 241.33 170.44 162.98 179.57 153.34 135.09 2,252.8     187.7 12
                         2002 147.98 153.72 267.62 289.01 257.96 218.21 161.07 200.37 164.62 153.24 131.25 137.13 2,282.2     190.2 12
                         2003 132.86 211.74 268.56 269.07 299.04 240.97 197.36 192.32 154.1  157.72 149.32 148.14 2,421.2     201.8 12
                         2004 126.58 191.31 230.66 270.61 245.84 173.55 202.31 199.22 141.16 149.2  149.52 116.19 2,196.2     183.0 12
                         2005 139.43 128.37 226.41 272.77 286.58 280.07 213.3  176.71 186.82 185.45 157    132.25 2,385.2     198.8 12
                         2006 165.81 179.08 255.51 279.9  261    245.6  202.67 158.25 128.04 133.03 132.34 121.16 2,262.4     188.5 12
                         2007 115    164.84 226.34 258.75 272.4  208.9  188.7  192.85 161.3  171.6  147    144.9  2,252.6     187.7 12
                         2008 157.2  194.2  258.27 278.93 287.75 243    168.5  162.88 130    158.5  142.1  137.7  2,319.0     193.3 12
                         2009 153.5  188.6  236.85 294.35 274.79 225.4  236.9  174.05 152.7  155.4  135.4  125    2,352.9     196.1 12
                         2010 122.7  124    236.7  263.7  303.8  262.6  161.38 228    165.1  199.3  168.4  148.2  2,383.9     198.7 12
                         2011 165.5  191.9  264.8  293.75 315.4  275.15 205.45 236.2  194.05 174.8  149.7  154.4  2,621.1     218.4 12
                         2012 147.2  124.65 236.15 270.4  295.8  268.5  195    193    176.9  212.95 138.9  145.8  2,405.3     200.4 12
                         2013 128.95 203.85 236.3  301.35 277.65 252    186.25 202.4  142.7  137.75 97.65  98.3   2,265.2     188.8 12
                         2014 115.7  166.9  220.25 264.15 226.33 206.11 194.22 196.53 164.92 171.96 116.72 117.4  2,161.2     180.1 12
                         2015 130.6  146.81 167.85 211.15 237.65 189.35 184.5  192.65 162.7  147.53 121.05 111.43 2,003.3     166.9 12
                         2016 139    176.9  208.47 237.15 308.17 206.9  190.87 148.34 142.61 166.31 110.31 125.9  2,160.9     180.1 12
                         2017 153.45 163.8  203.49 259.02 279.77 251.14 170.91 179.45 125.38 151.31 151.8  102.8  2,192.3     182.7 12
                         2018 123.66 132.3  235.9  245.3  231.26 181.62 208.56                                    1,358.6     194.1  7
                         2019 123.55 172.3  224.95 271.76 295.7  226.26 200.51 208    164    143.4  108.5  107.4  2,246.3     187.2 12
                         2020 108.1         230.8  294    266.72 229.92 188.01 170.37 162.46 206.13 153.85 124.15 2,134.5     194.0 11
                         2021 138.5  181.4  253.05 292.3  274    175.5                                            1,314.8     219.1  6

MINIMA                        71.85  78     144.04 122.5  123.3  121.7  116.12 121    97     90.2   86.3   89.78    358.4     119.5
MAXIMA                        188.1  211.74 312.79 329.68 315.4  280.07 278.49 249.5  247.04 213.56 187.74 184.9  2,621.1     219.1
MEDIA                         136.43 155.3  221.01 240.9  256.21 215.32 189.87 182.91 158.99 162.16 140.21 131.46 2,007.8     181.8
DESV. ESTANDAR                27.004 32.203 35.288 51.382 39.726 39.247 35.24  31.509 32.928 28     24.018 24.574   512.61     23.1


LLUVIA MAX 24 H.
                         1979                                                                0      0      12        12.0       4.0  3
                         1980 2.5    5.3    0      0      0      2      1      3      0      7.5    0      2         23.3       1.9 12
                         1981 2      3      0      4      1.5    1.5    0      2.5    0      0      0      0         14.5       1.2 12
                         1982 0      0      0      0.6    0      2      1      31.7   13     20     20     14       102.3       8.5 12
                         1983 18     0      0      0      5      8      8      39.5   24.5   14.5   6      0        123.5      10.3 12
                         1984 4      11     0      0      12     0      34     25     5      8      0      2        101.0       8.4 12
                         1985 2      2      1      3      0      6      5      9      5      4      5      4         46.0       3.8 12
                         1986 3      1      0      2      2      3      3      3      3      3      3      2         28.0       2.3 12
                         1987 2      2      2      3      4      3      4      16.7   3      0      0      3         42.7       3.6 12
                         1988 0      0      3      0      2      5      8      4      3      0      0      0         25.0       2.1 12
                         1989 0      0      0      0      8      4      4      2      2      3      5      3         31.0       2.6 12
                         1990 2      2             6      7      6      56     37            26.5   0      0        142.5      14.3 10
                         1991 0      6      0      0      1.3    28     84     25     31     13.5   0      10       198.8      16.6 12
                         1992 20     3      4      10     12.5   22.5   17     59     4.5    48     12     6.5      219.0      18.3 12
                         1993 14     0      0      0      10     35.6   30     17     23     6      0      0        135.6      11.3 12
                         1994 19     0      0      9      6      46     15     18     31     13     0      0        157.0      13.1 12
                         1995 0      0      0             0      21.5   39     18.2   17.7   3.7    1      12       113.1      10.3 11
                         1996 0      0.1    0      26.8   3.1    5.2    46.1   18.5   38.5   22.5   0.1    0        160.9      13.4 12
                         1997 29.4   20     9.4    12.2   0.8    25.2   15.7   7.5    14.5   45.4   4      0        184.1      15.3 12
                         1998 0      0      0      0      0      71.4   8.8    37     24.5   23.5   1.4    0        166.6      13.9 12
                         1999 0      0      0      0      9.5    29     16     19.6   10.9   2.1    0      0         87.1       7.3 12
                         2000 0      0      14.1   0      14     33     31.7   63.3   12.8   4      2.5    14       189.4      15.8 12
                         2001 3.8    0      16.5   8.9    49     43.3   15     89     52.3   11     0.1    7.7      296.6      24.7 12
                         2002 48.4   3.6    0      0      13.1   32.7   17     24.6   21.6   8.8    22.5   0        192.3      16.0 12
                         2003 1.8    0      0      0      8      19.3   33.6   14     59.5   16.3   0      0        152.5      12.7 12
                         2004 12.6   6.2    17.1   0      8      49     43.4   19.7   20.6   11.9   2.1    0        190.6      15.9 12
                         2005 0      24.7   4.7    0      17.4   21     20.5   30.4   27     2.9    1.1    2.2      151.9      12.7 12
                         2006 11     0      0      12.3   15.1   15.7   112.2  32.7   16.1   30.3   17.8   11.5     274.7      22.9 12
                         2007 12.7   4      0      3.6    14.2   39     34.3   22.8   46.9   6      6.2    0        189.7      15.8 12
                         2008 0      8.1    0      6.1    15.8   39     61.8   72.1   21.1   0      0      0        224.0      18.7 12
                         2009 0      0      12     1.9    10.4   20     48     37     34.8   11.9   8      4.9      188.9      15.7 12
                         2010 16.6   35.4   0      2.3    5.8    24     53.4   16.6   14.2   0      0      0        168.3      14.0 12
                         2011 0.9    0      0.1    3.9    3.2    20.3   6      33     37.5   24     0      0        128.9      10.7 12
                         2012 2.7    33.5   0      0      0.5    37.1   15.9   19.4   29.4   2.2    0      7        147.7      12.3 12
                         2013 52.7   0      0      0      10.3   80     40.3   10     37.9   18.4   8.6    19.4     277.6      23.1 12
                         2014 6.2    0      6.2    0.5    10.5   40.6   31     33.7   23.7   12.4   19     3.8      187.6      15.6 12
                         2015 2.3    11.1   46.8   4.8    20     31.8   34.9   12     14     31.3   2.5    11.2     222.7      18.6 12
                         2016 1.6    13.9   10.3   0.1    3.5    20     31.2   22.4   36.1   3.4    20     0        162.5      13.5 12
                         2017 0      1.1    11.9   0      12.2   14.2   23     29     42.7   22.4   0      8.2      164.7      13.7 12
                         2018 13.8   24.2   0      17.3   12.5   31.7   21.6                                        121.1      17.3  7
                         2019 10            1             0             18.5   36.6   18     8.6    32.3   24.4     149.4      16.6  9
                         2020 10.8          1.2    43.1   13.1   20     66.9   32.2   9.4    0      0      7        203.7      18.5 11
                         2021 7.3    0      0      0      9      24.3                                                40.6       6.8  6

MINIMA                        0      0      0      0      0      0      0      2      0      0      0      0         12.0       1.2
MAXIMA                        52.7   35.4   46.8   43.1   49     80     112.2  89     59.5   48     32.3   24.4     296.6      24.7
MEDIA                         7.9309 5.53   3.9341 4.535  8.3404 23.924 28.19  26.092 21.274 11.951 4.8829 4.678    142.8      12.4
DESV. ESTANDAR                12.016 9.357  8.5031 8.4501 8.5515 18.324 24.068 18.926 15.195 12.047 7.9093 6.0585    73.74      6.1


LLUVIA TOTAL MEN
                         1979                                                                0      0      16.9      16.9       5.6  3
                         1980 5.5    9.7    0      0      0      2      3      19.5   0      10     0      3.5       53.2       4.4 12
                         1981 4      5      0      7      1.5    2.5    0      3.5    0      0      0      0         23.5       2.0 12
                         1982 0      0      0      1.3    0      3      1      53.2   20     39     66     33       216.5      18.0 12
                         1983 43.5   0      0      0      14     27.4   54     69     78.7   31.5   20     0        338.1      28.2 12
                         1984 4      11.9   0      0      14     0      160    119    24     26     0      5        363.9      30.3 12
                         1985 7      4      2      10     0      32     33     37     36     28     23     12       224.0      18.7 12
                         1986 11     1      0      4      14     21     20     23     24     17     8      14       157.0      13.1 12
                         1987 15     9      3      8      15     13     19     43.5   5      0      0      10       140.5      11.7 12
                         1988 0      0      4      0      4      23     43     15     9      0      0      0         98.0       8.2 12
                         1989 0      0      0      0      11     19     9      4      4      14     19     7         87.0       7.3 12
                         1990 8      7             9      40     21     251    142           62.5   0      0        540.5      54.1 10
                         1991 0      11     0      0      1.3    91.5   360.3  51     109.5  13.5   0      20       658.1      54.8 12
                         1992 158.5  5      5      22     32.5   26.5   109    89.5   6.5    108.3  22     6.5      591.3      49.3 12
                         1993 23.5   0      0      0      16     86.1   75     38.4   39     6      0      0        284.0      23.7 12
                         1994 19     0      0      15.5   9      182.5  48.5   49     76.5   22     0      0        422.0      35.2 12
                         1995 0      0      0             0      25.5   100.9  116.3  46.9   3.7    2.2    19.5     315.0      28.6 11
                         1996 0      0.1    0      26.8   6.1    9.3    90.4   47.4   85.3   69.1   0.1    0        334.6      27.9 12
                         1997 33.1   20     18.9   37.7   0.8    76.2   43.4   14.5   19.8   64.3   13.8   0        342.5      28.5 12
                         1998 0      0      0      0      0      143.3  20.9   170.7  119.7  64.7   1.4    0        520.7      43.4 12
                         1999 0      0      0      0      9.5    103.7  68     48.9   37.3   2.9    0      0        270.3      22.5 12
                         2000 0      0      14.1   0      52.6   116.2  126.6  99.3   14.8   7.7    2.5    23.6     457.4      38.1 12
                         2001 3.8    0      16.5   17     91     73.8   27     212.1  75.6   11.2   0.1    7.7      535.8      44.7 12
                         2002 56.4   11.7   0      0      25.2   67.2   74.1   123.1  94.7   31     28.2   0        511.6      42.6 12
                         2003 2.5    0      0      0      11     66.5   128.1  60.3   120.1  57     0      0        445.5      37.1 12
                         2004 27.7   6.2    27.1   0      25.7   189.4  108.6  96.4   126.7  21.5   2.1    0        631.4      52.6 12
                         2005 0      40.2   10.5   0      20.6   23.7   76.6   120.9  60.7   4      1.1    2.2      360.5      30.0 12
                         2006 11     0      0      13.7   51.1   28.8   174.3  149.5  100.2  89.2   17.8   12.6     648.2      54.0 12
                         2007 21.8   13.3   0      3.6    16.3   139.5  125.2  42     98.5   6      7.6    0        473.8      39.5 12
                         2008 0      8.1    0      6.1    17.5   59.7   201.5  353.1  81.9   0      0      0        727.9      60.7 12
                         2009 0      0      13.9   1.9    19.9   85.5   88.1   82     97.7   27.1   9.8    6        431.9      36.0 12
                         2010 41.7   94.9   0      3.9    6.7    72.1   168.9  42.2   42.2   0      0      0        472.6      39.4 12
                         2011 0.9    0      0.1    3.9    3.2    44.1   16.1   55.9   64.8   37.8   0      0        226.8      18.9 12
                         2012 2.7    74.6   0      0      0.6    115.4  70.3   80.5   63.9   2.2    0      7        417.2      34.8 12
                         2013 60.7   0      0      0      28.9   111.4  164    23.9   165    27.7   33.3   55.4     670.3      55.9 12
                         2014 12.5   0      6.2    0.5    49.6   176.3  102.2  61.1   52     19.9   19.8   4.3      504.4      42.0 12
                         2015 2.3    21     80.6   7.6    58.6   161.5  154    43.9   47.5   91.9   3.5    11.2     683.6      57.0 12
                         2016 2.4    19.7   10.3   0.1    3.8    40     104.2  99     81.2   5      72.3   0        438.0      36.5 12
                         2017 0      1.1    12.5   0      12.2   32.8   84.9   114.5  137.7  22.4   0      8.7      426.8      35.6 12
                         2018 15.3   36.4   0      17.6   31.2   220.1  51.4                                        372.0      53.1  7
                         2019 15.3          1             0             77.2   115    44.6   17.6   45.7   24.5     340.9      37.9  9
                         2020 20.8          2.5    52.4   14.9   45.3   190.9  64     33.5   0      0      8.8      433.1      39.4 11
                         2021 7.3    0      0      0      12.9   138                                                158.2      26.4  6

MINIMA                        0      0      0      0      0      0      0      3.5    0      0      0      0         16.9       2.0
MAXIMA                        158.5  94.9   80.6   52.4   91     220.1  360.3  353.1  165    108.3  72.3   55.4     727.9      60.7
MEDIA                         15.171 10.272 5.5658 6.74   17.671 71.117 93.258 79.827 60.115 25.895 10.226 7.7902   380.6      33.2
DESV. ESTANDAR                27.495 19.931 13.651 11.359 19.591 59.525 74.553 64.917 42.67  28.284 17.471 11.254   188.60     15.9


TEMP MAXIMA EXT.
                         1979                                                                31.5   28     25        84.5      28.2  3
                         1980 26     27.5   30.5   35     32.5   35     32     32     31.5   29.5   32     24       367.5      30.6 12
                         1981 22.5   26.5   30     30.5   31     30.5   30     30.5   28.5   27     30.5   31.5     349.0      29.1 12
                         1982 26     25.5   32.5   32     33.5   33     32     29     29     28     29     28       357.5      29.8 12
                         1983 24     28     26     32.5   32     29     28     28.5   27.5   27     27     27       336.5      28.0 12
                         1984 25     26     31     32     33     35     30     29     26     26     25     27       345.0      28.8 12
                         1985 25     23     30.5   34     32     30     29                                          203.5      29.1  7
                         1986               29     28     27     28     31     32     30     27.5   25     27       284.5      28.5 10
                         1987 26     26     30     31     30     32     30     30     29     27     27     27       345.0      28.8 12
                         1988 25     29     30     30     32     32     29     28     25     26     28     26       340.0      28.3 12
                         1989 24     26     29     30     34     33     26     27     29     25     24     23       330.0      27.5 12
                         1990 23     24            30                                                                77.0      25.7  3
                         1991                      33     34     34     27     30     29     27     26     25       265.0      29.4  9
                         1992 21     24     29     28     29     33     31     28     30     27     26     26       332.0      27.7 12
                         1993 26     28     28     31     32     33     29     29     28     28     28     28       348.0      29.0 12
                         1994 25     27     27.5   32     33     31     31     30     28     28     28     28       348.5      29.0 12
                         1995 27.5   27.5   34.5          37.5   34.5   31     30.5   29.5   30     29     26       337.5      30.7 11
                         1996 29.5   26.5   26.5   31     35     32     31     31     29.5   29     29     28       358.0      29.8 12
                         1997 26.5   29     30.5   30     33     35     31     32     32     31     30     27       367.0      30.6 12
                         1998 24.5   29     31     31     33     33     28     27.5   26     27     25     24       339.0      28.3 12
                         1999 23     25     27.5   31     32     33     36     31.5   31     31     26     21       348.0      29.0 12
                         2000 26     26     28     31     31     34     34     34     32     27.5   25     24       352.5      29.4 12
                         2001 21     26     28     34     34     35     34     36     35     29     24     26.5     362.5      30.2 12
                         2002 28.5   27     31.5   33     34     32     29.5   29     29     28     30     27       358.5      29.9 12
                         2003 27     29     31     31.5   35     31.5   30.5   30.5   29     29     29.5   26       359.5      30.0 12
                         2004 25     24     30     31.5   33     30.5   29.5   28     29     31.5   29.5   26       347.5      29.0 12
                         2005 26     27     29.5   32     33     34.5   30.5   29.5   28.5   30     28     27       355.5      29.6 12
                         2006 26.5   29     32     32     32.5   32     30.5   29     26.5   29     27.5   26.5     353.0      29.4 12
                         2007 25     29.5   29.5   31     31.5   33.5   29.5   29.5   29.5   30.5   27.5   27.5     354.0      29.5 12
                         2008 26.5   30     31.5   33.5   35.5   33     30     30     28.5   28     26.5   27.5     360.5      30.0 12
                         2009 26.5   30     30     33     34     33     32     33     28.5   32.5   26     26.5     365.0      30.4 12
                         2010 25     24     28     30.5   35     34     28.5   29.5   30     29.5   27.5   26       347.5      29.0 12
                         2011 25     28.5   30.5   32     35     32.5   29     30.5   29     28.5   27.5   24.5     352.5      29.4 12
                         2012 26     27.5   28     31.5   34     32.5   28     28.5   28     29.5   26.5   25       345.0      28.8 12
                         2013 24.5   28     29.5   31.5   33     32.5   29.5   30.5   28.5   28.5   28     25.5     349.5      29.1 12
                         2014 24     28     30     31.5   31     31     28.5   29     29     29.5   25     26       342.5      28.5 12
                         2015 25.5   29.5   29     30     32     31     29     30     30     29.5   28     27       350.5      29.2 12
                         2016 24     29.5   28.5   30.5   34     30.5   30     28.5   29     28.5   28.5   26.5     348.0      29.0 12
                         2017 28     29     32     31.5   35     34     32.5   32.5   31     29.5   32.5   28.5     376.0      31.3 12
                         2018 27     28.5   32.5   33     37     33     33                                          224.0      32.0  7
                         2019 27            33            33.5          31     33     30     30.5   28     28       274.0      30.4  9
                         2020 26            35     35     33.5   33.5   32.5   30     30     31     30     26       342.5      31.1 11
                         2021 29     30     32     32.5   35     33                                                 191.5      31.9  6

MINIMA                        21     23     26     28     27     28     26     27     25     25     24     21        77.0      25.7
MAXIMA                        29.5   30     35     35     37.5   35     36     36     35     32.5   32.5   31.5     376.0      32.0
MEDIA                         25.462 27.302 30.05  31.6   33.097 32.562 30.337 30.157 29.171 28.769 27.628 26.307   322.7      29.4
DESV. ESTANDAR                1.8618 1.9401 1.9929 1.5491 1.9723 1.6493 1.9754 1.8927 1.8056 1.7085 2.0349 1.7607    68.36      1.2


TEMP MAXIMA PROM
                         1979                                                                26.467 24.433 22.806    73.7      24.6  3
                         1980 23.419 23.672 27.725 31.8   29.983 31.483 28.451 25.709 29.15  26.306 30.233 21.29    329.2      27.4 12
                         1981 19.403 23.428 26.064 26.65  28.548 27.283 27.209 27.629 25.45  25.419 28.266 27.419   312.8      26.1 12
                         1982 23.516 22.232 27.822 28.133 28.241 28.783 29.032 26.564 25.5   25.403 25.5   22.387   313.1      26.1 12
                         1983 20.645 22     22.193 25.733 27.806 25.066 23.322 26.709 24.95  24.274 23.266 22.741   288.7      24.1 12
                         1984 21.387 21.827 25.612 28.233 29.274 30.933 23.903 24.774 22.8   18.903 20.766 20.435   288.9      24.1 12
                         1985 20.596 20.285 26.725 27.3   28.774 24.766 24.709                                      173.2      24.7  7
                         1986               24.79  23.2   23.064 23.616 25.258 24.758 26     23.483 16.8   20.322   231.3      23.1 10
                         1987 17.516 20.035 23.371 27.55  24.838 27.066 26.435 27.693 23.3   22.741 23.583 21       285.1      23.8 12
                         1988 21.371 23.862 25.29  26.033 29.258 27.233 23.161 22.806 21.666 22.483 24.833 22.612   290.6      24.2 12
                         1989 18.516 21.928 24.483 26.466 30.064 28.4   21.903 22.483 23.633 20.935 20.833 17.451   277.1      23.1 12
                         1990 18.677 19.428        27.133                                                            65.2      21.7  3
                         1991                      29.8   31.709 28.866 23.225 26.516 23.333 23.387 22.1   20.451   229.4      25.5  9
                         1992 17.58  20.275 24.258 24.633 26.774 28.433 26.806 25.967 26.933 23.225 22.833 23.741   291.5      24.3 12
                         1993 22.612 24.035 24.871 27.166 28.774 28.2   26.032 26.516 25.033 25.064 25.133 24.032   307.5      25.6 12
                         1994 21.741 24.75  23.871 29.6   31.193 27.333 28.161 26.58  25.3   25.483 25.683 24.548   314.2      26.2 12
                         1995 24.677 23.267 28.032        30.5   30.083 27.5   26.451 26.083 26.838 25.066 22       290.5      26.4 11
                         1996 23.693 24.344 24.5   27.55  31.58  29.566 28.451 26.629 25.566 26.129 23.466 23.806   315.3      26.3 12
                         1997 22.387 24.017 25.725 24.85  28.806 29.983 28.354 29.29  27.866 24.758 25.55  21.677   313.3      26.1 12
                         1998 21.5   22.696 26.387 28.016 30.338 29.016 25     23.806 22.05  21.338 23.233 21.322   294.7      24.6 12
                         1999 20.516 22.535 25.903 28.483 28.693 30.083 31.532 28.532 28.766 27.241 21.316 19.145   312.8      26.1 12
                         2000 20.758 22.344 23.435 26.05  28.596 30.716 29.951 28.629 29.366 23.403 21.166 20.919   305.3      25.4 12
                         2001 18.064 21.125 22.967 29.966 29.677 30.433 29.451 31.451 31.7   24.725 20.3   22.612   312.5      26.0 12
                         2002 23.629 22.928 26.58  29.366 30.854 27.883 25.806 26.661 26.266 26.467 23.316 21.838   311.6      26.0 12
                         2003 21.983 24.75  26.08  28.666 31.983 28.983 26.241 27.08  25.366 25.274 26.366 22.919   315.7      26.3 12
                         2004 19.806 22.034 26     26.483 28.612 25.566 26.838 26.483 25.716 26.806 24.933 20.806   300.1      25.0 12
                         2005 21.887 21.571 24.435 29.25  29.58  30.45  27.645 25.806 26.083 25.79  24.916 22.258   309.7      25.8 12
                         2006 22.741 25.339 27.274 30.516 29.209 28.2   27.08  25.322 24.95  24.483 22.933 20.322   308.4      25.7 12
                         2007 20.29  22.732 26.935 27.683 29.564 28.2   26.387 26.661 25.866 26.483 24.066 23.951   308.8      25.7 12
                         2008 22.677 24.913 25.983 29.966 29.709 28.233 26.08  25.887 23.233 23.806 22.55  22.129   305.2      25.4 12
                         2009 23.209 25.41  26.935 28.916 29.467 28.95  28.177 28.645 25.2   25.564 22.266 21       313.7      26.1 12
                         2010 19.661 19.16  24.225 27.566 31.016 30.133 24.903 27.209 26.166 25.677 22.533 22.306   300.6      25.0 12
                         2011 22.032 24.285 27.306 30.05  31.387 29.166 26.725 28.177 25.983 24.854 23.3   22.838   316.1      26.3 12
                         2012 21.225 20.586 26.258 27.85  29.919 28.35  26.032 26.048 25.3   26.919 23.566 22.612   304.7      25.4 12
                         2013 20.387 24.303 24.935 28.616 29.435 28.6   25.903 27.032 24.55  25.258 21.666 20.112   300.8      25.1 12
                         2014 19.887 25.482 25.983 28.35  27.903 27.333 26.145 27     25.766 26.371 22.266 21.596   304.1      25.3 12
                         2015 21.612 22.785 22.951 26.966 28.306 26.666 26.338 27.306 26.333 24.693 25.25  22.274   301.5      25.1 12
                         2016 20.483 23.827 23.822 27.416 31.032 28.05  27.258 25.887 25.716 25.564 21.633 23.29    304.0      25.3 12
                         2017 23.161 24.75  26.419 29.5   32.29  30.983 28.483 29.209 26.533 25.532 26.666 22.693   326.2      27.2 12
                         2018 22.435 24.714 29.112 29.8   30.645 28.433 29.064                                      194.2      27.7  7
                         2019 23.129        28.774        31.209        28.483 29.435 28     26.461 24.916 22.193   242.6      27.0  9
                         2020 21.741        29.661 30.916 30.371 30.35  28.758 27.666 26.633 27.903 26.083 22.612   302.7      27.5 11
                         2021 23.338 26.196 29.467 30.05  30.709 26.9                                               166.7      27.8  6

MINIMA                        17.516 19.16  22.193 23.2   23.064 23.616 21.903 22.483 21.666 18.903 16.8   17.451    65.2      21.7
MAXIMA                        24.677 26.196 29.661 31.8   32.29  31.483 31.532 31.451 31.7   27.903 30.233 27.419   329.2      27.8
MEDIA                         21.347 22.996 25.829 28.057 29.505 28.469 26.755 26.763 25.739 24.921 23.682 22.063   280.3      25.5
DESV. ESTANDAR                1.7878 1.8099 1.8394 1.8239 1.7954 1.7697 2.0317 1.7605 2.0041 1.8592 2.3867 1.6662    60.36      1.3


TEMP MEDIA MENS.
                         1979                                                                17.588 14.216 12.693    44.5      14.8  3
                         1980 13.854 14.456 18.387 19.516 21.129 21.841 20.354 19.362 20.633 18.661 16.75  12       216.9      18.1 12
                         1981 11.008 15.312 17.653 17.733 18.838 18.708 18.274 19.661 17.333 16.604 17.883 17.362   206.4      17.2 12
                         1982 14.967 13.866 18.637 18.666 20.096 20.408 21.677 19.645 19.316 18.346 18.333 13.725   217.7      18.1 12
                         1983 14.193 14.08  13.612 17.45  18.709 17.733 17.532 19.483 17.466 16.806 15.441 13.467   196.0      16.3 12
                         1984 14.048 13.379 15.798 17.833 19.919 21.483 18.08  18.306 16.183 14.096 14.5   14.201   197.8      16.5 12
                         1985 11.967 14.642 17.217 20.283 19.991 17.433 17.943                                      119.5      17.1  7
                         1986               17.443 17.35  16.854 17.241 18.612 18.387 18.633 16.991 12.65  13.661   167.8      16.8 10
                         1987 10.693 13.392 15.411 17.766 17.016 18.116 19.766 20.588 16.066 15.532 14.616 14.564   193.5      16.1 12
                         1988 11.548 14.327 17.241 17.85  19.79  18.5   16.193 15.822 14.7   15.064 15.483 14.048   190.6      15.9 12
                         1989 12.548 14.214 15.854 16.883 19.806 18.2   15.096 15.241 16     14.177 13.866 11.58    183.5      15.3 12
                         1990 12.516 13.053        17.2                                                              42.8      14.3  3
                         1991                      19.35  22.258 21.583 18.225 19.758 17.983 17.016 14.983 13.5     164.7      18.3  9
                         1992 11.129 12.586 16.427 16.925 19.661 21.091 20.185 19.798 19.9   16.983 15.016 14.903   204.6      17.1 12
                         1993 13.75  14.375 15.629 17.1   19.596 20.908 19.306 19.338 18.133 17.338 15.733 14.08    205.3      17.1 12
                         1994 12.806 14.625 16.072 19.25  22.048 20.35  20.516 19.983 18.95  18.338 16.558 15.225   214.7      17.9 12
                         1995 15.177 15.366 19.177        21.895 21.683 20.032 19.862 18.858 16.733 15.391 12.991   197.2      17.9 11
                         1996 12.427 14.051 14.419 17.508 22.088 20.958 20.217 19.266 18.783 18.129 15.433 13.685   207.0      17.2 12
                         1997 12.758 14.276 16.201 16.133 19.129 21.375 20.25  20.298 19.7   16.871 16.158 11.604   204.8      17.1 12
                         1998 11.814 11.357 14.758 16.225 19.451 20.033 17.153 15.241 13.783 12.201 12.275 11.814   176.1      14.7 12
                         1999 12.008 12.419 16.024 19.158 20.548 22.533 22.725 19.153 19.341 17.459 12.641 10.185   204.2      17.0 12
                         2000 10.741 12.413 14.879 16.941 20.395 23.033 22.193 21.177 21.775 14.491 12.791 12.266   203.1      16.9 12
                         2001 9.7419 12.241 15.774 21.733 21.741 22.758 21.991 23.024 22.725 18.209 13.45  13.871   217.3      18.1 12
                         2002 13.79  14.428 17.266 20.425 22.161 21.025 19.548 19.822 19.783 18.935 15.583 13.362   216.1      18.0 12
                         2003 13.79  15.883 16.491 19.808 22.758 21.95  19.943 20.193 19.725 17.798 17.133 12.83    218.3      18.2 12
                         2004 12.475 13.387 17.532 17.733 20.5   19.725 19.879 19.814 19.425 19.121 15.466 12.798   207.9      17.3 12
                         2005 13.588 14.785 15.862 19.691 20.548 22.341 20.766 19.733 19.266 18.282 15.7   13.677   214.2      17.9 12
                         2006 13.314 15.794 17.741 21.275 20.951 20.991 20.58  19.717 19.3   17.919 14.741 12.443   214.8      17.9 12
                         2007 13.354 14.187 17.661 18.975 21.008 21.091 20.103 20.161 19.225 17.959 15.283 14.741   213.8      17.8 12
                         2008 13.395 15.275 16.274 20.15  21.322 21.325 19.766 19.911 18.175 16.79  13.925 13.096   209.4      17.5 12
                         2009 14.475 15.5   17.427 19.291 21.266 21.791 21     21.209 19.516 18.822 14.283 13.25    217.8      18.2 12
                         2010 11.887 12.33  15.612 18.533 21.927 22.625 19.798 20.572 20.05  16.733 13.75  12.419   206.2      17.2 12
                         2011 12.935 14.857 17.717 20.766 22.08  21.8   20.516 21.201 19.466 17.346 14.925 14.306   217.9      18.2 12
                         2012 13.169 14.301 17.621 18.966 21.201 21.15  19.919 19.935 19.091 18.838 16.075 14.369   214.6      17.9 12
                         2013 13.524 15.267 15.693 19     21.185 21.541 19.919 20.145 19.541 18.508 15.65  13.177   213.2      17.8 12
                         2014 12.169 16     17.088 19.5   20.435 21.158 19.862 20.177 19.836 18.669 14.508 14.241   213.6      17.8 12
                         2015 14.362 15.017 16.016 19.516 20.733 20.65  19.927 20.298 19.95  18.435 17.633 14.524   217.1      18.1 12
                         2016 12.072 14.336 16.104 19.033 21.943 21.175 20.685 20.362 19.566 17.967 15.19  15.403   213.8      17.8 12
                         2017 13.951 15.41  17.669 19.733 22.604 23.175 21.177 21.806 19.983 17.951 16.65  14.024   224.1      18.7 12
                         2018 13.451 16.714 19.112 20.183 22.225 21.458 20.943                                      134.1      19.2  7
                         2019 14.314        18.854        21.733        20.943 21.758 20.568 19.351 17.391 14.064   169.0      18.8  9
                         2020 13.879        20.29  21.158 21.217 22.433 21.54  20.6   19.675 18.379 16.616 13.951   209.7      19.1 11
                         2021 13.991 15.946 19.056 20.408 21.483 20.4                                               111.3      18.5  6

MINIMA                        9.7419 11.357 13.612 16.133 16.854 17.241 15.096 15.241 13.783 12.201 12.275 10.185    42.8      14.3
MAXIMA                        15.177 16.714 20.29  21.733 22.758 23.175 22.725 23.024 22.725 19.351 18.333 17.362   224.1      19.2
MEDIA                         12.939 14.312 16.842 18.825 20.738 20.844 19.828 19.758 18.905 17.319 15.248 13.541   191.5      17.4
DESV. ESTANDAR                1.2525 1.2237 1.4456 1.4431 1.368  1.5491 1.5703 1.5612 1.7529 1.567  1.4696 1.2635    41.91      1.1


TEMP MINIMA EXT.
                         1979                                                                2      -2     1          1.0       0.3  3
                         1980 1      1.5    4      5      10     10     10     10     10     8      1      1         71.5       6.0 12
                         1981 -2     5.5    6.5    8      8      8      8      9      8      7      6.5    6         78.5       6.5 12
                         1982 3      3      7      6      8.5    10     10     10     10     9      10     1         87.5       7.3 12
                         1983 1      -2     2      7      8      8      10     9.5    3.5    5      2      0         54.0       4.5 12
                         1984 4      1      2      5      6      7      10     9      1      7      6      7         65.0       5.4 12
                         1985 -6     8      2      10     8      8      9                                            39.0       5.6  7
                         1986               8      9      7      8      8      10     8      2      6      -1        65.0       6.5 10
                         1987 -3     5      5      1.5    7      8      11     12     7      6      2      6         67.5       5.6 12
                         1988 -5     -1.5   8      9      9      8      7      8      1      5      2      2         52.5       4.4 12
                         1989 5      3      6      5      7      7      7      6      6      6      6      3         67.0       5.6 12
                         1990 3      4             5                                                                 12.0       4.0  3
                         1991                      4      8      10     10     10     9      6      0      1         58.0       6.4  9
                         1992 1      0      4      3      9      10     11     11     10     6      2      5         72.0       6.0 12
                         1993 3      2      0      5      5      10     10     9      8      5      4      -1        60.0       5.0 12
                         1994 -1     2      6      5      10     10     10     10     8      8      3      1         72.0       6.0 12
                         1995 2      4      7             7      10     10     11     9      2      -3     1.5       60.5       5.5 11
                         1996 -2     -1.5   0.5    3      8      10     9      9      9      7      2      -1        53.0       4.4 12
                         1997 -1.5   -0.5   3      3      5.5    10     10     9      8.5    1      0      -8        40.0       3.3 12
                         1998 -1.5   -5     0      3      2.5    9      8      3      3.5    0      -1.5   0         21.0       1.8 12
                         1999 -1     0      4      5.5    10.5   11     11     8      7.5    6      1      -2        61.5       5.1 12
                         2000 -3     0      3      5      7      13.5   12     10     11     4.5    3      2         68.0       5.7 12
                         2001 -3     1      5      8      10     13     12     10     10     10     3      -2        77.0       6.4 12
                         2002 -1     0      3      8      8.5    11     11.5   10.5   8.5    8      0.5    0         68.5       5.7 12
                         2003 -3     1      0      5      11     11.5   10.5   11.5   10     2.5    -0.5   -4        55.5       4.6 12
                         2004 -1     -0.5   3.5    6      8      10.5   10.5   10     11     6.5    -1     -4.5      59.0       4.9 12
                         2005 1      3      2      6      5.5    11.5   10     11     8.5    5.5    0      0         64.0       5.3 12
                         2006 -6     1.5    6      7.5    9.5    11.5   12     11     11.5   4.5    -1.5   -2        65.5       5.5 12
                         2007 0.5    2      2.5    6.5    10     10.5   11     11     10     0.5    3.5    0.5       68.5       5.7 12
                         2008 -2     2      -1     6.5    8.5    11.5   10     10.5   7.5    4      -0.5   -2        55.0       4.6 12
                         2009 2.5    -1     3      6.5    7.5    12     11     11     11.5   6.5    1.5    0.5       72.5       6.0 12
                         2010 -1     0      3      5.5    8      11     12     11.5   8      3      -1     -2        58.0       4.8 12
                         2011 1      0      4      8.5    9      11     10.5   11     8.5    5      -4.5   1.5       65.5       5.5 12
                         2012 0.5    2.5    5.5    6      9.5    11     11.5   12     10     8      3.5    2         82.0       6.8 12
                         2013 2      3.5    -1.5   4      8.5    11.5   12     10.5   11.5   5      1.5    1.5       70.0       5.8 12
                         2014 -2     3      3      7      8      13     11     11     12     5.5    -3.5   0.5       68.5       5.7 12
                         2015 2.5    1.5    4      9      8      10     10     10     10     7      4      1.5       77.5       6.5 12
                         2016 -1.5   0      1      4      10     12     11     12.5   11     4.5    4      1.5       70.0       5.8 12
                         2017 -1     3      4.5    6.5    9.5    12.5   12     12.5   9.5    2      1      -5        67.0       5.6 12
                         2018 -1     6      6      6      9.5    12.5   10.5                                         49.5       7.1  7
                         2019 0      4      6      4.5    8.5    12     11     12     10     9      6.5    1         84.5       7.0 12
                         2020 -2            7.5    7      9.5    11     12     10.5   8      6      0.5    0.5       70.5       6.4 11
                         2021 0      0.5    5.5    8      7.5    8                                                   29.5       4.9  6

MINIMA                        -6     -5     -1.5   1.5    2.5    7      7      3      1      0      -4.5   -8         1.0       0.3
MAXIMA                        5      8      8      10     11     13.5   12     12.5   12     10     10     7         87.5       7.3
MEDIA                         -0.437 1.5769 3.7625 5.9268 8.1707 10.341 10.325 10.092 8.5526 5.2692 1.7179 0.3589    60.6       5.4
DESV. ESTANDAR                2.5474 2.4643 2.4909 1.9383 1.6643 1.6935 1.3327 1.77   2.6221 2.441  3.0667 2.94      17.99      1.3


TEMP MINIMA PROM
                         1979                                                                8.7096 4      2.5806    15.3       5.1  3
                         1980 4.2903 5.2413 9.0483 7.2333 12.274 12.2   12.258 13.016 12.116 11.016 3.2666 2.7096   104.7       8.7 12
                         1981 2.6129 7.1964 9.2419 8.8166 9.129  10.133 9.3387 11.693 9.2166 7.7903 7.5    7.3064   100.0       8.3 12
                         1982 6.4193 5.5    9.4516 9.2    11.951 12.033 14.322 12.725 13.133 11.29  11.166 5.0645   122.3      10.2 12
                         1983 7.7419 6.1607 5.0322 9.1666 9.6129 10.4   11.741 12.258 9.9833 9.3387 7.6166 4.1935   103.2       8.6 12
                         1984 6.7096 4.931  5.9838 7.4333 10.564 12.033 12.258 11.838 9.5666 9.2903 8.2333 7.9677   106.8       8.9 12
                         1985 3.3387 9      7.7096 13.266 11.209 10.1   11.177                                       65.8       9.4  7
                         1986               10.096 11.5   10.645 10.866 11.967 12.016 11.266 10.5   8.5    7        104.4      10.4 10
                         1987 3.8709 6.75   7.4516 7.9833 9.1935 9.1666 13.096 13.483 8.8333 8.3225 5.65   8.129    101.9       8.5 12
                         1988 1.7258 4.7931 9.1935 9.6666 10.322 9.7666 9.2258 8.8387 7.7333 7.6451 6.1333 5.4838    90.5       7.5 12
                         1989 6.5806 6.5    7.2258 7.3    9.5483 8      8.2903 8      8.3666 7.4193 6.9    5.7096    89.8       7.5 12
                         1990 6.3548 6.6785        7.2666                                                            20.3       6.8  3
                         1991                      8.9    12.806 14.3   13.225 13     12.633 10.645 7.8666 6.5483    99.9      11.1  9
                         1992 4.6774 4.8965 8.5967 9.2166 12.548 13.75  13.564 13.629 12.866 10.741 7.2    6.0645   117.8       9.8 12
                         1993 4.8871 4.7142 6.3871 7.0333 10.419 13.616 12.58  12.161 11.233 9.6129 6.3333 4.129    103.1       8.6 12
                         1994 3.8709 4.5    8.2741 8.9    12.903 13.366 12.871 13.387 12.6   11.193 7.4333 5.9032   115.2       9.6 12
                         1995 5.6774 7.4642 10.322        13.29  13.283 12.564 13.274 11.633 6.629  5.7166 3.9838   103.8       9.4 11
                         1996 1.1612 3.7586 4.3387 7.4666 12.596 12.35  11.983 11.903 12     10.129 7.4    3.5645    98.7       8.2 12
                         1997 3.129  4.5357 6.6774 7.4166 9.4516 12.766 12.145 11.306 11.533 8.9838 6.7666 1.5322    96.2       8.0 12
                         1998 2.129  0.0178 3.129  4.4333 8.5645 11.05  9.3064 6.6774 5.5166 3.0645 1.3166 2.3064    57.5       4.8 12
                         1999 3.5    2.3035 6.1451 9.8333 12.403 14.983 13.919 9.7741 9.9166 7.6774 3.9666 1.2258    95.6       8.0 12
                         2000 0.7258 2.4827 6.3225 7.8333 12.193 15.35  14.435 13.725 14.183 5.5806 4.4166 3.6129   100.9       8.4 12
                         2001 1.4193 3.3571 8.5806 13.5   13.806 15.083 14.532 14.596 13.75  11.693 6.6    5.129    122.0      10.2 12
                         2002 3.9516 5.9285 7.9516 11.483 13.467 14.166 13.29  12.983 13.3   11.403 7.85   4.8871   120.7      10.1 12
                         2003 5.5967 7.0178 6.9032 10.95  13.532 14.916 13.645 13.306 14.083 10.322 7.9    2.7419   120.9      10.1 12
                         2004 5.1451 4.7413 9.0645 8.9833 12.387 13.883 12.919 13.145 13.133 11.435 6      4.7903   115.6       9.6 12
                         2005 5.2903 8      7.2903 10.133 11.516 14.233 13.887 13.661 12.45  10.774 6.4833 5.0967   118.8       9.9 12
                         2006 3.8871 6.25   8.2096 12.033 12.693 13.783 14.08  14.112 13.65  11.354 6.55   4.5645   121.2      10.1 12
                         2007 6.4193 5.6428 8.3871 10.266 12.451 13.983 13.819 13.661 12.583 9.4354 6.5    5.5322   118.7       9.9 12
                         2008 4.1129 5.6379 6.5645 10.333 12.935 14.416 13.451 13.935 13.116 9.7741 5.3    4.0645   113.6       9.5 12
                         2009 5.7419 5.5892 7.9193 9.6666 13.064 14.633 13.822 13.774 13.833 12.08  6.3    5.5      121.9      10.2 12
                         2010 4.1129 5.5    7      9.5    12.838 15.116 14.693 13.935 13.933 7.7903 4.9666 2.5322   111.9       9.3 12
                         2011 3.8387 5.4285 8.129  11.483 12.774 14.433 14.306 14.225 12.95  9.8387 6.55   5.7741   119.7      10.0 12
                         2012 5.1129 8.0172 8.9838 10.083 12.483 13.95  13.806 13.822 12.883 10.758 8.5833 6.1258   124.6      10.4 12
                         2013 6.6612 6.2321 6.4516 9.3833 12.935 14.483 13.935 13.258 14.533 11.758 9.6333 6.2419   125.5      10.5 12
                         2014 4.4516 6.5178 8.1935 10.65  12.967 14.983 13.58  13.354 13.906 10.967 6.75   6.8871   123.2      10.3 12
                         2015 7.1129 7.25   9.0806 12.066 13.161 14.633 13.516 13.29  13.566 12.177 10.016 6.7741   132.6      11.1 12
                         2016 3.6612 4.8448 8.3871 10.65  12.854 14.3   14.112 14.838 13.416 10.371 8.7466 7.5161   123.7      10.3 12
                         2017 4.7419 6.0714 8.9193 9.9666 12.919 15.366 13.871 14.403 13.433 10.371 6.6333 5.3548   122.1      10.2 12
                         2018 4.4677 8.7142 9.1129 10.566 13.806 14.483 12.822                                       74.0      10.6  7
                         2019 5.5    7.875  8.9354 9.6166 12.258 15.333 13.403 14.08  13.136 12.241 9.8666 5.9354   128.2      10.7 12
                         2020 6.0161        10.919 11.4   12.064 14.516 14.322 13.533 12.716 8.8548 7.15   5.2903   116.8      10.6 11
                         2021 4.6451 5.6964 8.6451 10.766 12.258 13.9                                                55.9       9.3  6

MINIMA                        0.7258 0.0178 3.129  4.4333 8.5645 8      8.2903 6.6774 5.5166 3.0645 1.3166 1.2258    15.3       4.8
MAXIMA                        7.7419 9      10.919 13.5   13.806 15.366 14.693 14.838 14.533 12.241 11.166 8.129    132.6      11.1
MEDIA                         4.5322 5.6855 7.8564 9.5939 11.97  13.271 12.902 12.753 12.071 9.7175 6.8144 5.0193   103.4       9.3
DESV. ESTANDAR                1.6797 1.7807 1.6032 1.8338 1.4186 1.9129 1.5553 1.7826 2.0563 1.9555 1.9095 1.7354    26.26      1.4


