COMISIÓN NACIONAL DEL AGUA
COORDINACIÓN GENERAL DEL SERVICIO METEOROLÓGICO NACIONAL
PROYECTO DE BASES DE DATOS CLIMATOLÓGICOS
    
                         AÑO  ENE    FEB    MAR    ABR    MAY    JUN    JUL    AGO    SEP    OCT    NOV    DIC  ACUMULADO  MEDIA  MESES
00001078
EL OCOTE, CALVILLO      
DIAS CON GRANIZO
                         1980                      0      0      0      0      0      0      0      0      0          0.0       0.0  9
                         1981 0      0      0      0      0      0      0      0      0      0      0      0          0.0       0.0 12
                         1982 0      0      0      0      0      0      0      0      0      0      0      0          0.0       0.0 12
                         1983 0      0      0      0      0      0      0      0      0      0      0      0          0.0       0.0 12
                         1984 0      0      0      0      0      0      0      0      0      0      0      0          0.0       0.0 12
                         1985 0      0      0      0      0      0      0      0      0      0      0      0          0.0       0.0 12
                         1986 0      0      0             0      0      0      0      0      0      0      0          0.0       0.0 11
                         1987 0      0      0      0      0      0      0      0      0      0      0      0          0.0       0.0 12
                         1988 0      0      0      0      0      0      0      0      0      0      0      0          0.0       0.0 12
                         1989 0      0      0      0             0      0      0      0      0      0      0          0.0       0.0 11
                         1990 0      0      0      0      0      0             0      0      0      0      0          0.0       0.0 11
                         1991 0      0      0      0      0      0      0      0      0      0      0      0          0.0       0.0 12
                         1992 0      0      0      0      0      0      0      0      0      0      0      0          0.0       0.0 12
                         1993 0      0      0      0      0      0      0      0      0      0      0      0          0.0       0.0 12
                         1994 0      0      0      0      0      0      0      0      0      0      0      0          0.0       0.0 12
                         1995 0      0      0      0      0      0      0      0      0      0      0      0          0.0       0.0 12
                         1996 0      0      0      0      0      0      0      0      0      0      0      0          0.0       0.0 12
                         1997 0      0      0      0      0      0      0      0      0      0      0      0          0.0       0.0 12
                         1998 0      0      0      0      0      0      0      0      0      0      0      0          0.0       0.0 12
                         1999 0      0      0      0      0      0      0      0      0      0      0      0          0.0       0.0 12
                         2000 0      0      0      0      0      0      0      0      0      0      0      0          0.0       0.0 12
                         2001 0      0      0      0      0      0      0      0      0      0      0      0          0.0       0.0 12
                         2002 0      0      0      0      0      0      0      0      0      0      0      0          0.0       0.0 12
                         2003 0      0      0      0      0      0      0      0      0      0      0      0          0.0       0.0 12
                         2004 0      0      0      0      0      0      0      0      0      0      0      0          0.0       0.0 12
                         2005 0      0      0      0      0      0      0      0      0      0      0      0          0.0       0.0 12
                         2006 0      0      0      0      0      0      0      0      0      0      0      0          0.0       0.0 12
                         2007 0      0      0      0      0      0      0      0      0      0      0      0          0.0       0.0 12
                         2008 0      0      0      0      0             0      0      0      0      0      0          0.0       0.0 11
                         2009 0      0      0      0      0      0      0      0      0      0      0      0          0.0       0.0 12
                         2010 0      0      0      0      0      0      0      0      0      0      0      0          0.0       0.0 12
                         2011 0      0      0      0      0      0      0      0      0      0      0      0          0.0       0.0 12
                         2012 0      0      0      0      0      0      0      0      0      0      0      0          0.0       0.0 12
                         2013 0      0      0      0      0      0      0      0      0      0      0      0          0.0       0.0 12
                         2014 0      0      0      0      0      0      0      0      0      0      0                 0.0       0.0 11
                         2015 0      0      0      0      0      0      0      0      0      0      0      0          0.0       0.0 12
                         2016 1      0      0             0      0      0                           0      0          1.0       0.1  8
                         2017 0             0      0      0                                                           0.0       0.0  4
                         2019 0      0      0      0      0      0      0      0      0      0      0      0          0.0       0.0 12
                         2020 0             0      0      0      0      0      0      0      0      0      0          0.0       0.0 11
                         2021 0      0      0      0      0                                                           0.0       0.0  5

MINIMA                        0      0      0      0      0      0      0      0      0      0      0      0          0.0       0.0
MAXIMA                        1      0      0      0      0      0      0      0      0      0      0      0          1.0       0.1
MEDIA                         0.025  0      0      0      0      0      0      0      0      0      0      0          0.0       0.0
DESV. ESTANDAR                0.1581 0      0      0      0      0      0      0      0      0      0      0          0.16      0.0


DIAS CON NIEBLA 
                         1980                      0      0      0      0      2      0      0      0      2          4.0       0.4  9
                         1981 2      0      0      0      0      0      0      1      0      0      0      0          3.0       0.3 12
                         1982 0      0      0      0      0      0      0      0      1      2      0      2          5.0       0.4 12
                         1983 3      0      0      0      0      0      0      0      2      0      0      0          5.0       0.4 12
                         1984 0      0      0      0      0      0      0      1      0      1      0      0          2.0       0.2 12
                         1985 0      0      0      0      0      0      0      2      0      0      0      0          2.0       0.2 12
                         1986 0      0      0             1      0      0      2      2      0      0      0          5.0       0.5 11
                         1987 0      1      0      0      0      0      0      0      0      0      0      0          1.0       0.1 12
                         1988 0      0      0      0      0      0      0      0      0      0      0      0          0.0       0.0 12
                         1989 0      0      0      0             0      0      0      0      0      0      0          0.0       0.0 11
                         1990 0      0      0      0      0      0             0      0      0      0      0          0.0       0.0 11
                         1991 0      0      0      0      0      0      0      0      0      0      0      0          0.0       0.0 12
                         1992 0      0      0      0      0      0      0      0      0      0      0      0          0.0       0.0 12
                         1993 0      0      0      0      0      0      0      0      0      0      0      0          0.0       0.0 12
                         1994 0      0      0      0      0      0      0      0      0      0      0      0          0.0       0.0 12
                         1995 0      0      0      0      0      0      0      0      0      0      0      0          0.0       0.0 12
                         1996 0      0      0      0      0      0      0      0      0      0      0      0          0.0       0.0 12
                         1997 0      0      0      0      0      0      0      0      0      0      0      1          1.0       0.1 12
                         1998 0      0      0      0      0      0      0      0      0      0      0      0          0.0       0.0 12
                         1999 0      0      0      0      0      0      0      0      0      0      0      0          0.0       0.0 12
                         2000 0      0      0      0      0      0      0      0      0      0      0      0          0.0       0.0 12
                         2001 0      0      0      0      0      0      0      0      0      0      0      0          0.0       0.0 12
                         2002 0      0      0      0      0      0      0      0      0      0      0      0          0.0       0.0 12
                         2003 0      0      0      0      0      0      0      0      0      0      0      0          0.0       0.0 12
                         2004 0      0      0      0      0      0      0      1      0      0      0      0          1.0       0.1 12
                         2005 0      0      0      0      0      0      0      0      0      0      0      0          0.0       0.0 12
                         2006 0      0      0      0      0      0      0      0      0      0      0      0          0.0       0.0 12
                         2007 0      0      0      0      0      0      0      0      0      0      0      0          0.0       0.0 12
                         2008 0      0      0      0      0             0      0      0      0      0      0          0.0       0.0 11
                         2009 0      0      0      0      0      0      0      0      0      0      0      0          0.0       0.0 12
                         2010 0      0      0      0      0      0      0      0      0      0      0      0          0.0       0.0 12
                         2011 0      0      0      0      0      0      0      0      0      0      0      0          0.0       0.0 12
                         2012 0      0      0      0      0      0      0      0      0      0      0      0          0.0       0.0 12
                         2013 1      0      0      0      0      0      0      0      0      0      0      0          1.0       0.1 12
                         2014 0      0      0      0      0      0      0      0      3      0      0                 3.0       0.3 11
                         2015 0      0      0      0      0      0      0      0      0      0      0      0          0.0       0.0 12
                         2016 0      0      0             0      0      0                           0      0          0.0       0.0  8
                         2017 0             0      0      0                                                           0.0       0.0  4
                         2019 0      0      0      0      0      0      0      0      0      0      0      0          0.0       0.0 12
                         2020 0             0      0      0      0      0      0      0      0      0      0          0.0       0.0 11
                         2021 0      0      0      0      0                                                           0.0       0.0  5

MINIMA                        0      0      0      0      0      0      0      0      0      0      0      0          0.0       0.0
MAXIMA                        3      1      0      0      1      0      0      2      3      2      0      2          5.0       0.5
MEDIA                         0.15   0.0263 0      0      0.025  0      0      0.2368 0.2105 0.0789 0      0.1315     0.8       0.1
DESV. ESTANDAR                0.5795 0.1622 0      0      0.1581 0      0      0.5897 0.664  0.3588 0      0.4748     1.54      0.1


DIAS CON TORMEN.
                         1980                      0      0      0      0      1      0      0      0      0          1.0       0.1  9
                         1981 0      0      0      0      0      0      0      0      0      0      0      0          0.0       0.0 12
                         1982 0      0      0      0      0      0      6      3      2      4      0      0         15.0       1.3 12
                         1983 0      0      0      0      0      0      2      0      0      0      0      0          2.0       0.2 12
                         1984 0      0      0      0      0      0      0      0      0      0      0      0          0.0       0.0 12
                         1985 0      0      0      0      0      0      0      3      0      0      0      0          3.0       0.3 12
                         1986 0      0      0             0      0      0      4      3      0      0      0          7.0       0.6 11
                         1987 0      0      0      0      0      0      0      0      0      0      0      0          0.0       0.0 12
                         1988 0      0      0      0      0      0      0      0      0      0      0      0          0.0       0.0 12
                         1989 0      0      0      0             0      0      0      0      0      0      0          0.0       0.0 11
                         1990 0      0      0      0      0      0             0      0      0      0      0          0.0       0.0 11
                         1991 0      0      0      0      0      0      0      0      0      0      0      0          0.0       0.0 12
                         1992 0      0      0      0      0      0      0      0      0      0      0      0          0.0       0.0 12
                         1993 0      0      0      0      0      0      0      0      0      0      0      0          0.0       0.0 12
                         1994 0      0      0      0      0      0      0      0      0      0      0      0          0.0       0.0 12
                         1995 1      0      0      0      0      0      0      0      0      0      0      0          1.0       0.1 12
                         1996 0      0      0      0      0      0      0      0      0      0      0      0          0.0       0.0 12
                         1997 0      0      0      0      0      0      0      0      0      0      0      0          0.0       0.0 12
                         1998 0      0      0      0      0      0      0      0      0      0      0      0          0.0       0.0 12
                         1999 0      0      0      0      0      0      6      0      0      0      0      0          6.0       0.5 12
                         2000 0      0      0      0      0      0      0      0      0      0      0      0          0.0       0.0 12
                         2001 0      0      0      0      0      0      0      0      0      0      0      0          0.0       0.0 12
                         2002 0      0      0      0      0      0      0      0      0      0      0      0          0.0       0.0 12
                         2003 0      0      0      0      0      0      0      0      0      0      0      0          0.0       0.0 12
                         2004 0      0      0      0      0      0      0      0      0      0      0      0          0.0       0.0 12
                         2005 0      0      0      0      0      0      0      0      0      0      0      0          0.0       0.0 12
                         2006 0      0      0      0      0      0      0      0      0      0      0      0          0.0       0.0 12
                         2007 0      0      0      0      0      0      0      0      0      0      0      0          0.0       0.0 12
                         2008 0      0      0      0      0             0      0      0      0      0      0          0.0       0.0 11
                         2009 0      0      0      0      0      0      0      0      0      0      0      0          0.0       0.0 12
                         2010 0      0      0      0      0      0      0      0      0      0      0      0          0.0       0.0 12
                         2011 0      0      0      0      0      0      0      0      0      0      0      0          0.0       0.0 12
                         2012 0      0      0      0      0      0      0      0      0      0      0      0          0.0       0.0 12
                         2013 0      0      0      0      0      0      0      0      0      0      0      0          0.0       0.0 12
                         2014 0      0      0      0      0      0      0      0      0      0      0                 0.0       0.0 11
                         2015 0      0      0      0      0      0      0      0      0      0      0      0          0.0       0.0 12
                         2016 0      0      0             0      0      0                           0      0          0.0       0.0  8
                         2017 0             0      0      0                                                           0.0       0.0  4
                         2019 0      0      0      0      0      0      0      0      0      0      0      0          0.0       0.0 12
                         2020 0             0      0      0      0      0      0      0      0      0      0          0.0       0.0 11
                         2021 0      0      0      0      0                                                           0.0       0.0  5

MINIMA                        0      0      0      0      0      0      0      0      0      0      0      0          0.0       0.0
MAXIMA                        1      0      0      0      0      0      6      4      3      4      0      0         15.0       1.3
MEDIA                         0.025  0      0      0      0      0      0.3684 0.2894 0.1315 0.1052 0      0          0.9       0.1
DESV. ESTANDAR                0.1581 0      0      0      0      0      1.3837 0.9273 0.5775 0.6488 0      0          2.72      0.2


EVAPORACION MEN.
                         1980                      244.7  289    227.4  165.6  130.78 134.53 124.6  113.2  92.3   1,522.1     169.1  9
                         1981 92.3   134.2  206.1  196.67 257.3  204.05 159.7  141.2  138.99 127.9  128.1  111    1,897.5     158.1 12
                         1982 158.52 168.1  251.6  280.3  256.1  230.7  156.1  169.6  138.7  124    129.1  86.23  2,149.1     179.1 12
                         1983 77.8   145.2  203.7  159    256.9  205.8  143.3  110    101.7  113.3  117.3  109.5  1,743.5     145.3 12
                         1984 100.5  144.6  245    201.3  199.3  135.6  103.9  122.9  112.7  123    120.7  110.7  1,720.2     143.4 12
                         1985 128    82     142.7  144.8  274.6  118.2  140.4  112.1  143.9  138.7  106.4  111.7  1,643.5     137.0 12
                         1986 164.2  144.7  168.5                       106.7  139.6  126.1  138.1  107.9  111    1,206.8     134.1  9
                         1987 97.9   121.1  128    230.9  234.5  198.2  150.7  158.8  148.7  135.8  136.4  120.2  1,861.2     155.1 12
                         1988 106.3  146.1  210.7  196                  118.1  130.5  97.8   124.3  120.02 92.3   1,342.1     134.2 10
                         1989 124.7  130.7                                     127.9  111    103.3  89.9   70.5     758.0     108.3  7
                         1990 119.5  113.8  155.6                              108.8  91.7   85     92.2   96.9     863.5     107.9  8
                         1991 107.39 125.04 236.31 265.48               87.35  123.5  85.62  97.47  100.25 75.71  1,304.1     130.4 10
                         1992 63.24  109.91 163.38 189.53 178.24 197.59 128.04 127.01 105.22 87.71  81.15  98.78  1,529.8     127.5 12
                         1993                                           118.79 101.28 80.26  110.28 107.92 108.55   627.1     104.5  6
                         1994 107.65 144.1  207.52 213.68 195.38 141.44 123.68 100.28 97.05  109.02 93.97  97.84  1,631.6     136.0 12
                         1995 101.73 124.67 214.04 238.74 249    128.18 155.5  162.06 146.07 111.65 81.8   85.6   1,799.0     149.9 12
                         1996 116.15 138.26 184.68 200.34               193.97 145.68 142.31 166.86 128.25 123.28 1,539.8     154.0 10
                         1997 135.3  127.96 178.21 163.59 178.03 179.09 164.05 160.95 170.49 104.59 129.29 158.6  1,850.2     154.2 12
                         1998                                    180.01 151.3  159.01 186.26 164.72 143.72 119.15 1,104.2     157.7  7
                         1999 167    169.12 218.54 218.08 243.14 225.25 157.24 155.37 165.88 166.24 147.49 126.94 2,160.3     180.0 12
                         2000 134.6  128.57 137.39 193.01 227.38 230.29 211.97 239.54 180.98 204.3  124.75 113.62 2,126.4     177.2 12
                         2001 139.27 160.8                       171.68 127.97 149.89 105.71 154.74 139.75 161.55 1,311.4     145.7  9
                         2002 155.86 148.4  213.04 218.07 216.54 192.56 120.99 133.32 128.07 98.14  125.79 161.8  1,912.6     159.4 12
                         2003 176.2  156.18 174.79                      145.08 141.13 135.24 135.42 105.73 110.45 1,280.2     142.2  9
                         2004 97.12  130.4  163.43 173.02 152    141.26 148.45 129.84 93.48  103.15 102.06 90.5   1,524.7     127.1 12
                         2005 100.8  121.14 206.13                                                                  428.1     142.7  3
                         2006                                           128.84 101.26 109.36 101.22 78.7   80.38    599.8     100.0  6
                         2007 76.87  125.2  137.85                      141.6  138.33 159.39 109.68 116.3  106.49 1,111.7     123.5  9
                         2008 118.3  139.97                             108.95 113.92 132.12 118.4  103.2  103.43   938.3     117.3  8
                         2009 113.33 148.1                              150.27 153.17 153.27 99.53  99.4   102.8  1,019.9     127.5  8
                         2010 101.85 106.93 170.91 203.91 242.95 169.99 127.03 145.3  115.25 123.55 127.7  129    1,764.4     147.0 12
                         2011 143.6  163.5                                     140.7  101.7  115.85 112.25 115.1    892.7     127.5  7
                         2012 108.85 95.65  169.1                       127.95 136.7  113.45 135.25 98.2   121.25 1,106.4     122.9  9
                         2013 97.5   159.65 176.45                      147.15 118.36 78.85  92.35  76.49  68.7   1,015.5     112.8  9
                         2014 90.1   120.65 173.5  206    149.82 164.35 129.2  127.9  109.9  102.5  93.2          1,467.1     133.4 11
                         2015 86.9   94.2   123.6  160.7  182.75 152.9  123.7  134.8  98.15  94.06  83     83.85  1,418.6     118.2 12
                         2016 113.75 125.85 156.25                      161.9                       64.2   88.4     710.4     118.4  6
                         2017 123.9         169.8                                                                   293.7     146.9  2
                         2019                                                                              85.4      85.4      85.4  1
                         2020 99.5          176.95 233.7                       124.3  107.8  112.3  124             978.6     139.8  7

MINIMA                        63.24  82     123.6  144.8  149.82 118.2  87.35  100.28 78.85  85     64.2   68.7      85.4      85.4
MAXIMA                        176.2  169.12 251.6  280.3  289    230.7  211.97 239.54 186.26 204.3  147.49 161.8  2,160.3     180.0
MEDIA                         115.61 133.17 182.12 205.97 221.27 179.72 140.16 136.54 123.54 121.02 109.45 106.37 1,306.0     137.0
DESV. ESTANDAR                26.892 21.333 33.672 34.464 41.604 35.576 25.194 25.4   28.312 25.762 20.496 22.809   519.26     21.7


LLUVIA MAX 24 H.
                         1980                      9      1.5    30     40     57.1   29     19     26.3   11.2     223.1      24.8  9
                         1981 33.3   0.1    4.6    0      4.1    18.7   30     27     35.4   12.5   3      11.4     180.1      15.0 12
                         1982 0      0      0      4.3    7.3    10.5   31     30.2   21     26.8   44.8   29.5     205.4      17.1 12
                         1983 12     0      13     0      21.5   54.9   34     30.1   8.5    11.1   11     0        196.1      16.3 12
                         1984 25.4   5.2    0.3    0      7.3    49.2   19     16.2   31.2   25.7   0      15.2     194.7      16.2 12
                         1985 1.4    0      0.1    3.5    8.5    25.5   25.5   21.7   35     18.5   7      14.1     160.8      13.4 12
                         1986 0      4      0             11.5   55.1   41     25     21     20.5   52     2        232.1      21.1 11
                         1987 15.6   25.4   0      5      16     15.8   74.4   60     51.5   0      0.2    7.2      271.1      22.6 12
                         1988 6      0      3      0      0      48.2   42.3   20     18.5   5.4    0      4.5      147.9      12.3 12
                         1989 0      1.7    0      0.5           13     17.3   64.2   17     4.2    23.5   15.8     157.2      14.3 11
                         1990 6      25     4.3    0      3.5    33.5          42     32     15     0      0        161.3      14.7 11
                         1991 5      1      0      0      0      40     46.5   24.6   20     31     1.5    14.5     184.1      15.3 12
                         1992 44.5   14.3   1.5    7.5    18     16.7   41     30     16     37     13     6.5      246.0      20.5 12
                         1993 18     0      0      0      6      37.5   28.5   25     45.5   17     2      1        180.5      15.0 12
                         1994 2.5    0      3      10     15     35.2   42.5   28.5   30     26.5   2.5    0        195.7      16.3 12
                         1995 0      1.5    0      0      0      72.2   34     43.5   22     0      8      5.5      186.7      15.6 12
                         1996 0      2      0      3      0      41     21.5   24     45.7   52.5   7.5    0        197.2      16.4 12
                         1997 18     16.5   9      16.5   13.5   15.8   15     13.4   17.5   39     12     0        186.2      15.5 12
                         1998 0      0      0      0      0      30     36.5   28.6   31.6   14.5   0      0        141.2      11.8 12
                         1999 0      0      0      0      3.4    38.5   18.5   28.7   30     6      5.5    0        130.6      10.9 12
                         2000 0      0      0      0      23     40     21     77.5   24     32     0      15.6     233.1      19.4 12
                         2001 0      0      24     0      7.5    33.5   43     30     34     6      18.2   0        196.2      16.4 12
                         2002 11     21.5   0      0      16     12.5   45.4   25.7   35     20.4   16     0        203.5      17.0 12
                         2003 5.5    1      0      0      11.5   39.5   55.5   39.1   29.8   25.9   0      0        207.8      17.3 12
                         2004 29.5   5      13.5   0      21     50.5   33     26.5   23.4   27     0      0        229.4      19.1 12
                         2005 0      26.5   6      0      10     29.5   48.5   39     9.5    15.5   0      0        184.5      15.4 12
                         2006 13.5   0      0      0      21     9.7    37.5   28.9   16.4   44.5   14.6   17.5     203.6      17.0 12
                         2007 11.5   9.5    0      0      1.5    49     65.5   44.5   21     16     0      0        218.5      18.2 12
                         2008 0      0      0      3.8    5.2           35.7   38     20     23.5   0      0        126.2      11.5 11
                         2009 0      0      0      0      3.5    30.5   31.5   22.2   29.5   11     33.5   6.5      168.2      14.0 12
                         2010 13.2   55.5   0      0      0      28     48.5   30     45.5   0      0      0        220.7      18.4 12
                         2011 0      0      0      0      10     18     30.5   29.5   22.5   23.5   0      0        134.0      11.2 12
                         2012 5.5    19     0      0      3.9    25.5   35.5   30     24.1   6.5    1.5    13.9     165.4      13.8 12
                         2013 42.5   0      0      0      0      37.5   45.4   26.8   50     26     27.3   26       281.5      23.5 12
                         2014 2      0      4.9    0      12.5   60.4   26.6   19     57     17     16              215.4      19.6 11
                         2015 0      12.5   41     7.3    18.9   66     32     31.8   37     40.2   14.9   32.5     334.1      27.8 12
                         2016 8.5    4.5    8.5           5.5    24     41.2                        16.5   3        111.7      14.0  8
                         2017 0             2.5    0      0                                                           2.5       0.6  4
                         2019 14.5          0             0             30     34            33.5          13       125.0      17.9  7
                         2020 30.5          0      0      6.9    22     36     35.5   41.4   4.8    0      7        184.1      16.7 11
                         2021 0      0      0      5.7    8                                                          13.7       2.7  5

MINIMA                        0      0      0      0      0      9.7    15     13.4   8.5    0      0      0          2.5       0.6
MAXIMA                        44.5   55.5   41     16.5   23     72.2   74.4   77.5   57     52.5   52     32.5     334.1      27.8
MEDIA                         9.385  6.8027 3.48   2.0026 8.075  33.983 36.336 32.836 29.148 19.881 9.9552 7.1947   183.8      16.0
DESV. ESTANDAR                12.315 11.769 7.8501 3.7571 7.1589 15.966 12.524 13.312 11.753 12.97  13.011 8.9174    59.73      4.9


LLUVIA TOTAL MEN
                         1980                      11     3.5    69     98.4   203.7  99.4   52.7   48.5   24.9     611.1      67.9  9
                         1981 74.2   2.8    8.7    0      12.4   70.9   123.2  124.4  74.9   24.5   5.3    13.9     535.2      44.6 12
                         1982 0      0      0      5.4    8.8    23.2   177.2  96.8   38     84.8   72.2   75.3     581.7      48.5 12
                         1983 34.4   0      13     0      75     92.6   161.1  198.8  43.2   18.7   25.6   0        662.4      55.2 12
                         1984 46.2   9.2    0.3    0      25     245.9  151.2  89.6   97.2   55     0      16.8     736.4      61.4 12
                         1985 1.9    0      0.1    5.7    16.1   171.5  164    89.3   95.6   48.9   12.5   31.7     637.3      53.1 12
                         1986 0      4      0             21.8   275.3  244.4  143.8  84.5   51.6   52     2.3      879.7      80.0 11
                         1987 38.1   55.3   0      5      46.5   56.3   308.2  179.5  168.6  0      0.2    18.5     876.2      73.0 12
                         1988 9.9    0      7.2    0      0      106.9  318.1  104.3  57.1   9.3    0      4.5      617.3      51.4 12
                         1989 0      1.7    0      0.5           37.5   87.4   230.2  68.2   9.4    27     43.3     505.2      45.9 11
                         1990 6      56.8   4.3    0      3.5    38.5          239.1  80.2   35     0      0        463.4      42.1 11
                         1991 5      1      0      0      0      100    408.7  67.5   107.4  40.7   1.5    27.5     759.3      63.3 12
                         1992 239.9  14.3   1.5    14.8   36.4   40.9   134.1  137.5  34.2   140.5  31     6.5      831.6      69.3 12
                         1993 36     0      0      0      6      142.5  220.7  131.4  153.5  38.5   3      1        732.6      61.1 12
                         1994 2.5    0      3      11.5   15     115    165.1  146.5  89.7   65.5   4      0        617.8      51.5 12
                         1995 0      1.5    0      0      0      127.5  160.5  233.5  125    0      14     11       673.0      56.1 12
                         1996 0      2      0      3      0      102.5  101.5  165.6  153.6  121    12.1   0        661.3      55.1 12
                         1997 27.5   16.5   18.5   68.6   28.1   35.2   81.9   69.3   74.2   67.4   24.5   0        511.7      42.6 12
                         1998 0      0      0      0      0      102.8  119.1  151.4  102    33.9   0      0        509.2      42.4 12
                         1999 0      0      0      0      3.4    165.9  91.5   142.5  76.5   7.7    5.5    0        493.0      41.1 12
                         2000 0      0      0      0      52.4   156.3  98     118.9  40.9   39     0      33.2     538.7      44.9 12
                         2001 0      0      24     0      7.5    59.5   230.3  133.3  125.6  11     18.2   0        609.4      50.8 12
                         2002 11     53.5   0      0      21     38     179.9  148.3  218.1  39.5   19     0        728.3      60.7 12
                         2003 5.5    1      0      0      17     197.9  283.2  181.5  118.4  43.4   0      0        847.9      70.7 12
                         2004 69.2   9.2    39.8   0      54.1   200.1  141.4  177.7  140.7  45.6   0      0        877.8      73.2 12
                         2005 0      54.1   6      0      19.9   29.5   162.9  188.7  20.7   21.1   0      0        502.9      41.9 12
                         2006 15.7   0      0      0      33.9   33.6   130.4  191.2  104.3  123.9  14.6   21       668.6      55.7 12
                         2007 24.4   19.5   0      0      1.5    288    281.6  181.4  62.2   23.6   0      0        882.2      73.5 12
                         2008 0      0      0      3.8    5.2           242.2  255.6  72     23.5   0      0        602.3      54.8 11
                         2009 0      0      0      0      9      108.8  92     102    107    36.3   33.5   18.2     506.8      42.2 12
                         2010 29.4   126.4  0      0      0      70.4   194.7  107.1  145.4  0      0      0        673.4      56.1 12
                         2011 0      0      0      0      10     32.8   105.3  92.4   55.5   27     0      0        323.0      26.9 12
                         2012 8.4    57     0      0      8.9    62.5   174.9  130    72.6   9.5    1.5    13.9     539.2      44.9 12
                         2013 47.5   0      0      0      0      98.6   294.9  85.2   187    56.4   81.6   96.3     947.5      79.0 12
                         2014 4.6    0      4.9    0      25     176    75     119.6  163.9  57     28              654.0      59.5 11
                         2015 0      35.6   83.3   18.8   29.4   239    90     135.5  157    123.6  16.4   34       962.6      80.2 12
                         2016 8.5    6.5    18.5          6      103.8  285.9                       30.5   3        462.7      57.8  8
                         2017 0             5.7    0      0                                                           5.7       1.4  4
                         2019 31.1          0             0             108    160.5         61            14.5     375.1      53.6  7
                         2020 34            0      0      9.9    90     161.3  113.1  107.3  4.8    0      9        529.4      48.1 11
                         2021 0      0      0      5.7    18                                                         23.7       4.7  5

MINIMA                        0      0      0      0      0      23.2   75     67.5   20.7   0      0      0          5.7       1.4
MAXIMA                        239.9  126.4  83.3   68.6   75     288    408.7  255.6  218.1  140.5  81.6   96.3     962.6      80.2
MEDIA                         20.272 14.267 5.97   4.0473 15.755 110.93 174.95 146.49 100.58 43.455 15.321 13.692   613.6      53.3
DESV. ESTANDAR                40.761 26.945 15.001 11.685 17.615 72.651 81.135 48.518 46.062 35.965 20.501 21.186   206.10     16.8


TEMP MAXIMA EXT.
                         1980                      30     30     33     28     25     24     24.5   21.5   21       237.0      26.3  9
                         1981 20     23     26     27     31.5   31     25.5   26     25     25     24     22       306.0      25.5 12
                         1982 24     25.5   30     31     32     33     26.5   25.5   26.5   30     24     21       329.0      27.4 12
                         1983 21     21     24.5   30     32.5   30     29     25     25     30     25     24       317.0      26.4 12
                         1984 21.5   25     26.5   29     29.5   28     24     25     24     25.5   25.5   25.5     309.0      25.8 12
                         1985 21.5   23.5   26     28     30     30     26.5   28.5   29     29     23.5   21.5     317.0      26.4 12
                         1986 23.5   26.5   27.5          31     27     26     25.5   24     25     26     21       283.0      25.7 11
                         1987 26     23     24.5   28     29     29.5   27     30     26     25     28     27       323.0      26.9 12
                         1988 24     29     30     31     30.5   30     25     25     25     24     25     21.5     320.0      26.7 12
                         1989 22.5   25     26     27            31     28     23     23.5   25     24     21       276.0      25.1 11
                         1990 21     24     29     30     30     30            23     23     24     24     23       281.0      25.5 11
                         1991 22     25     28     30     32     31     23     24     22     23     23     22       305.0      25.4 12
                         1992 19     21     25     26     27     30     31     25     25     23     26     23       301.0      25.1 12
                         1993 22     25     25     29     29     32     29     29     24     25     24     23       316.0      26.3 12
                         1994 22     26     29     30     31     30     27     25     25     25     26     25       321.0      26.8 12
                         1995 19.5   26     30     31     33     33     26     26     26     25     25     25       325.5      27.1 12
                         1996 25     29     26     29.5   32     28     27     27     29     28     28     24       332.5      27.7 12
                         1997 26     25.5   28     28     31     31     27     28     27     26     26     24       327.5      27.3 12
                         1998 22.5   28     29     31     34     33     37     36     29     25     24     24.5     353.0      29.4 12
                         1999 24     26     27.5   32     32     33     29     26     28     27     26     24       334.5      27.9 12
                         2000 25     26     29     33     31     30     29     29     26.5   27     26     27       338.5      28.2 12
                         2001 24     26.5   27     33.5   31     29     27     26     27     26     24     26       327.0      27.3 12
                         2002 25     25     30     33     33     29     26     25     25     24     24     24       323.0      26.9 12
                         2003 23     26     29     30     34     29     25     27     24     24     29.5   22       322.5      26.9 12
                         2004 27     24     27.5   29     30.5   26     25     24     24     26     26     23       312.0      26.0 12
                         2005 31     24     27     30.5   30     33     28     25     25     29     25     24       331.5      27.6 12
                         2006 26     28     29     31     31     31     28     24     24     25     24     23       324.0      27.0 12
                         2007 22     28     27     30     30     32     25     24     29     26     24     26       323.0      26.9 12
                         2008 25     27     29     31     34            26     26     26     25     24     24       297.0      27.0 11
                         2009 24     29     29     31     32.5   32     28     28     24     27     23.5   23       331.0      27.6 12
                         2010 21.5   21     25     27     33     32     30     26.5   25     26     26     23       316.0      26.3 12
                         2011 23     26.5   28.5   32     34     31     28     27     26     25     24.5   25.5     331.0      27.6 12
                         2012 23.2   26     27     30     32.5   31     26     25.5   25     27     24     23       320.2      26.7 12
                         2013 23     25     28     29.5   31     31     26     26     23.5   26.5   23.5   23       316.0      26.3 12
                         2014 21     27     28     29     28     28     26     25     32     25     24              293.0      26.6 11
                         2015 26     26     25     27     30     28     26     25     25     25     25     23       311.0      25.9 12
                         2016 21     27     25            32     29     25                          25     23       207.0      25.9  8
                         2017 25            28     29     32                                                        114.0      28.5  4
                         2019 23.5          29            30            28     30            26            24       190.5      27.2  7
                         2020 25            30     33     30     32     27     26     28     28     27     26       312.0      28.4 11
                         2021 26     29     30     31     32                                                        148.0      29.6  5

MINIMA                        19     21     24.5   26     27     26     23     23     22     23     21.5   21       114.0      25.1
MAXIMA                        31     29     30     33.5   34     33     37     36     32     30     29.5   27       353.0      29.6
MEDIA                         23.43  25.621 27.612 29.921 31.212 30.445 27.118 26.223 25.648 25.828 24.934 23.565   300.1      26.9
DESV. ESTANDAR                2.3295 2.1356 1.7522 1.8362 1.6325 1.8249 2.3435 2.3843 2.0912 1.7292 1.5297 1.6528    50.46      1.0


TEMP MAXIMA PROM
                         1980                      24.95  27.048 27.15  24.274 23.016 22.083 21.403 19.1   17.871   206.9      23.0  9
                         1981 15.58  20.232 21.564 24.633 28.854 26.933 22.854 23.064 22.916 22.79  21.85  18.806   270.1      22.5 12
                         1982 20.854 22.339 25.371 27.733 26.79  28.75  22.741 23.354 23.2   22.629 20.466 16.016   280.2      23.4 12
                         1983 14.871 17.75  21.209 24.6   27.258 26.066 25.903 21.758 21.55  24.983 20.25  20.983   267.2      22.3 12
                         1984 18.08  19.534 23.193 26.216 25.322 24.366 20.112 21.725 20.15  22.096 21.25  22.629   264.7      22.1 12
                         1985 17.032 20.267 23.306 23.6   27.532 22.733 22.903 22.096 25.65  25.435 19.75  18.532   268.8      22.4 12
                         1986 20.661 22.696 23.306        27.187 23     21.258 22.403 21.766 22.209 20.766 17.403   242.7      22.1 11
                         1987 22.258 17.642 20.709 23.716 24.338 25.083 21.338 27.387 21.633 21.854 23.45  22.806   272.2      22.7 12
                         1988 20.193 25.275 24.129 25.016 28.871 25.783 20.967 22.338 22.05  21.661 21.7   18.709   276.7      23.1 12
                         1989 19.096 20.982 23.225 24.85         26.983 23.871 20.419 20.866 21.838 21.366 16.129   239.6      21.8 11
                         1990 17.451 17.178 25     27.783 27.129 25.066        20.806 20.366 20.387 20.9   19.161   241.2      21.9 11
                         1991 18.983 21.285 24.387 27.1   28.806 26.3   19.354 22.29  19.466 20     19.7   17.032   264.7      22.1 12
                         1992 14.967 16.482 21.096 22.033 24.225 26.733 23.645 21.806 21.766 20.096 21.6   20.354   254.8      21.2 12
                         1993 19     21.571 21.258 26.333 27.032 26.733 26.29  23.258 21.933 22.612 21.7   20.935   278.7      23.2 12
                         1994 20.225 23.321 25.387 26.5   29.258 24.3   24.677 22.58  22.766 22.709 23.166 21.548   286.4      23.9 12
                         1995 17.225 22.678 25.645 27.5   29.838 27.466 23.032 22.661 22.366 23.161 21.966 19.548   283.1      23.6 12
                         1996 20.871 23.448 24.129 25.916 29.451 25.883 24.564 23.483 25.966 26.661 22     21.435   293.8      24.5 12
                         1997 23.096 21.035 24.354 23.666 26.403 26.883 24.548 25.274 23.75  22.064 21.416 19.5     282.0      23.5 12
                         1998 19.5   20.714 24.629 28.083 31.064 28.616 34.193 33.419 25.45  23.371 22.333 21.258   312.6      26.1 12
                         1999 20.371 23.696 25.822 28.05  29.29  28.283 26.967 23.677 23.533 23.419 21.433 19.161   293.7      24.5 12
                         2000 21     23.413 25.225 28.133 28.854 27.8   27.564 27.725 24.05  23.806 22.116 20.596   300.3      25.0 12
                         2001 19.403 22.75  23.258 28.733 27.419 25.35  24.677 23.677 23.516 22.967 20.633 20.064   282.5      23.5 12
                         2002 20.516 21.5   25.677 28.1   29     25.566 22.806 22.967 22.4   22.725 19.783 18.612   279.7      23.3 12
                         2003 19.806 21.678 24.193 27.4   30.612 25.833 21.919 23.177 21.633 21.419 22.366 19.548   279.6      23.3 12
                         2004 22.161 20.017 23.5   24.466 26.516 22.833 22.741 22.935 21.716 22.596 21.366 18.29    269.1      22.4 12
                         2005 19.967 19.035 22.129 27.716 28.129 29.8   24.677 22.419 23.05  23.064 22.266 19.725   282.0      23.5 12
                         2006 20.548 22.964 25.419 28.866 27.887 26.1   24.983 22.096 21.733 21.306 19.983 17.741   279.6      23.3 12
                         2007 18.903 21.482 24.919 25.65  28.161 25.4   22.258 22.741 23     22.225 21.65  21.338   277.7      23.1 12
                         2008 20.645 22.344 23.806 28.05  27.871        23.096 22.564 21.7   21.709 21.183 20.564   253.5      23.0 11
                         2009 21.096 23.16  25.709 27.2   27.564 26.783 24.967 24.596 22.233 22.129 19.883 17.677   283.0      23.6 12
                         2010 16.725 16.464 22.064 24.8   29.241 28.366 23.806 23.935 23.2   23.129 21.583 20.161   273.5      22.8 12
                         2011 20.016 22.946 25.919 28.433 30.177 28.316 23.758 24.645 23.333 21.871 21.566 20.967   292.0      24.3 12
                         2012 19.054 18.31  24.871 26.65  28.451 27.275 23.064 23.032 22.283 24.532 21.5   20.161   279.2      23.3 12
                         2013 18.064 22.285 22.596 26.9   28.08  26.383 21.871 22.806 20.783 22.112 19.316 17.532   268.7      22.4 12
                         2014 17.306 22.303 23.338 26.166 25.483 24.683 23.08  23.274 22.533 22.854 20.15           251.2      22.8 11
                         2015 19.38  20.017 20.032 23.883 26.612 23.466 22.766 23.016 22.616 22.129 21.983 18.951   264.9      22.1 12
                         2016 17.983 21.793 21.387        28.516 25.116 22.951                      19.466 20.758   178.0      22.2  8
                         2017 20.467        24.145 26.433 28.693                                                     99.7      24.9  4
                         2019 18.919        25.564        27.645        24.451 24.483        23.733        18.612   163.4      23.3  7
                         2020 19.274        26.129 27.766 28.064 26.966 24.064 24.193 24.566 25.838 24.866 23.161   274.9      25.0 11
                         2021 21.838 25.41  28.096 27.8   27.838                                                    131.0      26.2  5

MINIMA                        14.871 16.464 20.032 22.033 24.225 22.733 19.354 20.419 19.466 20     19.1   16.016    99.7      21.2
MAXIMA                        23.096 25.41  28.096 28.866 31.064 29.8   34.193 33.419 25.966 26.661 24.866 23.161   312.6      26.2
MEDIA                         19.335 21.243 23.892 26.353 27.913 26.193 23.763 23.45  22.529 22.672 21.258 19.586   259.6      23.2
DESV. ESTANDAR                1.9075 2.2596 1.7917 1.7285 1.5177 1.7032 2.4503 2.1979 1.4384 1.4388 1.2103 1.7484    43.94      1.1


TEMP MEDIA MENS.
                         1980                      17.175 19.717 19.775 18.185 17.29  16.766 15.419 12.775 11.75    148.9      16.5  9
                         1981 9.4516 13.035 14.435 17.1   20.661 19.65  17.064 17.225 16.841 16.467 14.775 12.338   189.0      15.8 12
                         1982 13.483 14.258 17.088 20.033 19.564 21.283 17.112 17.209 16.891 15.822 13.491 10.274   196.5      16.4 12
                         1983 9.4516 10.5   13.217 16.641 18.677 19.466 18.637 16.419 16.341 17.653 13.708 13.475   184.2      15.3 12
                         1984 11.685 12.413 15.524 18.058 17.895 17.625 15.25  16.25  15.183 15.709 14.05  13.653   183.3      15.3 12
                         1985 10.848 13.017 15.637 16.408 19.967 17.25  16.879 16.653 18.791 18.241 13.5   12.516   189.7      15.8 12
                         1986 12.991 14.58  15.621        19.724 17.2   16.112 16.701 16.133 15.653 14.791 11.491   171.0      15.5 11
                         1987 13.427 11.125 13.217 16.075 17.314 18.591 16.475 20.354 16.691 15.112 14.783 14.564   187.7      15.6 12
                         1988 11.25  15.844 15.258 17.516 19.983 18.766 15.951 16.83  15.941 14.411 14.633 11.661   188.1      15.7 12
                         1989 11.862 12.982 14.572 16.733        18.95  17.266 15.637 15.258 14.709 14.116 10.048   162.1      14.7 11
                         1990 11.451 11.267 17.064 19.25  19.177 18.35         15.919 15.533 15     13.866 12.306   169.2      15.4 11
                         1991 12.056 13.357 16.403 18.466 19.774 18.183 14.048 16.677 14.516 14.435 13.3   11.112   182.3      15.2 12
                         1992 9.2096 10.224 14.451 14.85  16.612 18.783 17.709 15.774 15.766 14.177 13.766 13.258   174.6      14.5 12
                         1993 12.08  13.535 13.612 16.833 18.516 19.1   18.854 17.209 16.3   15.983 14.566 13.274   189.9      15.8 12
                         1994 12.193 14.723 17     18.15  20.516 17.783 17.483 16.387 16.2   16.048 15.283 13.838   195.6      16.3 12
                         1995 12.911 14.41  17.048 19.65  20.741 19.816 17.064 17.233 16.716 15.467 14.5   12.516   198.1      16.5 12
                         1996 12.548 14.793 15.266 16.966 20.612 18.641 17.903 17.048 17.925 18.395 13.85  13.508   197.5      16.5 12
                         1997 13.903 13.25  15.871 15.433 18.024 19.516 17.758 18.04  17.133 15.403 14.325 11.774   190.4      15.9 12
                         1998 11.588 12.303 15.862 18.891 22.064 21.075 22.846 22.354 18.533 16.548 14.916 13.621   210.6      17.6 12
                         1999 12.177 15.276 16.943 19.141 20.322 20.2   18.822 17.354 16.916 15.516 13.033 11.612   197.3      16.4 12
                         2000 12.935 14.586 16.677 19.016 20.233 19.766 19.354 19.596 17.1   16.145 14.858 12.975   203.2      16.9 12
                         2001 12.459 14.535 14.822 19.916 19.354 18.375 17.782 17.451 17.108 16.161 12.95  12.919   193.8      16.2 12
                         2002 12.935 13.41  17.258 19.416 20.838 18.8   16.967 16.903 16.616 16.096 13.158 11.612   194.0      16.2 12
                         2003 12.435 13.839 15.516 19.066 21.274 18.966 16.5   16.959 16.4   14.943 15.016 11.491   192.4      16.0 12
                         2004 13.161 12.008 15.282 16.05  18.5   17.066 16.798 16.854 16.008 15.959 13.75  11.5     182.9      15.2 12
                         2005 12.435 12.785 14.193 18.658 19.322 20.95  18.177 16.733 16.558 15.709 13.966 12.475   192.0      16.0 12
                         2006 12.451 14.714 16.338 19.516 19.346 18.8   18.33  16.903 16.55  15.556 13.091 11.016   192.6      16.1 12
                         2007 12.112 13.473 16.653 17.258 19.725 18.65  17.064 16.951 16.6   14.967 13.591 13.814   190.9      15.9 12
                         2008 12.54  13.896 15.161 18.875 19.225        16.782 16.621 15.758 14.306 12.758 11.83    167.8      15.3 11
                         2009 12.871 14.196 16.467 17.916 19.524 19.6   18.209 17.604 16.858 16.258 12.691 11.29    193.5      16.1 12
                         2010 10.048 10.187 13.967 16.566 20.33  20.566 18.266 17.798 17.566 15.08  13.541 11.75    185.7      15.5 12
                         2011 11.983 14.348 17.072 19.633 21.185 20.375 18.008 18.064 16.775 15.177 13.808 13.241   199.7      16.6 12
                         2012 11.93  12.034 16.774 17.541 20.08  19.579 17.072 17.241 16.041 16.604 14.225 13.008   192.1      16.0 12
                         2013 11.604 14.571 14.443 18.2   19.621 19.416 16.709 16.911 16.133 15.854 13.691 11.572   188.7      15.7 12
                         2014 10.669 14.455 15.346 18.033 18.08  18.325 17.266 17.072 16.9   16.282 13.391          175.8      16.0 11
                         2015 12.577 12.741 13.33  17.058 18.741 17.65  16.947 16.669 16.808 15.741 15.166 12.072   185.5      15.5 12
                         2016 10.701 13.396 13.951        20.209 18.258 16.991                      13.016 13.282   119.8      15.0  8
                         2017 12.741        15.975 17.583 20.25                                                      66.6      16.6  4
                         2019 12.201        17.104        19.5          17.887 17.967        16.666        12.177   113.5      16.2  7
                         2020 12.379        17.677 18.8   19.209 19.416 17.967 18.225 18.316 18.338 16.65  14.387   191.4      17.4 11
                         2021 13.967 16.526 19.532 19.683 19.467                                                     89.2      17.8  5

MINIMA                        9.2096 10.187 13.217 14.85  16.612 17.066 14.048 15.637 14.516 14.177 12.691 10.048    66.6      14.5
MAXIMA                        13.967 16.526 19.532 20.033 22.064 21.283 22.846 22.354 18.791 18.395 16.65  14.564   210.6      17.8
MEDIA                         12.043 13.421 15.691 17.951 19.597 19.042 17.487 17.292 16.607 15.842 13.983 12.395   178.5      16.0
DESV. ESTANDAR                1.1385 1.4982 1.4033 1.338  1.0929 1.0695 1.3537 1.2333 0.883  1.0358 0.8546 1.0861    30.07      0.7


TEMP MINIMA EXT.
                         1980                      3      8      10     10     9      10     6      3      1.5       60.5       6.7  9
                         1981 -2     0      4      6      8      10     10     10     8      8      5      3         70.0       5.8 12
                         1982 1      2      3      10     5      11     10     9      8      5      1      1         66.0       5.5 12
                         1983 0      -1     1.5    5      5      9.5    8      9.5    8.5    5      3      0         54.0       4.5 12
                         1984 1.5    0.5    3.5    6.5    6      7.5    8      9      8.5    7.5    4      1.5       64.0       5.3 12
                         1985 -3     2.5    4.5    6      8      10     9      8      10     6.5    2.5    4         68.0       5.7 12
                         1986 2      2      2.5           9      9      8      9      8      2      6      -2        55.5       5.0 11
                         1987 1      -1     1      3      6      9      6      11     10     5      3      2         56.0       4.7 12
                         1988 -3     1.5    1      5      9      9      7      9      4      4      3      1.5       51.0       4.3 12
                         1989 2      1      1      5.5           8      9      9      4      4      5      1         49.5       4.5 11
                         1990 3      2      5      6      10     10            10     9      3      2      0         60.0       5.5 11
                         1991 0      1      5      5      9      8      6      7      6      6      2      2         57.0       4.8 12
                         1992 2      1      3      4      7      9      10     9      8      4      2      2         61.0       5.1 12
                         1993 3      1      3      6      6      9      8      8      8      4      4      2         62.0       5.2 12
                         1994 -1     2      6      6      10     9      8      8      6      7      4      2         67.0       5.6 12
                         1995 6      4      4      9      9      10     10     11     9      3      2      2         79.0       6.6 12
                         1996 -1     2      2      4      10     9      9      8      8      8      1      2         62.0       5.2 12
                         1997 2      2      4      3      7      10     8      9      8      3      3      -8        51.0       4.3 12
                         1998 2      1      3      3      8      11     10     10     10     5      5.5    2         70.5       5.9 12
                         1999 2      3      5      7      9.5    10     9      9      7      3      2      2         68.5       5.7 12
                         2000 2      1      5      7      9      10     10     10     7      6      5      3         75.0       6.3 12
                         2001 1      3      -2     7      8      10     8      9      9      6      1      1         61.0       5.1 12
                         2002 1      2      5      6      10     10     9      9      8      4      2      -1        65.0       5.4 12
                         2003 1      1      3      6      10     11     8      9      8.5    3      1      1         62.5       5.2 12
                         2004 -2     1      3      5      7      9      8      8      8      8      2      -4        53.0       4.4 12
                         2005 1      2      2      5      8      8      8      9      8      4      3      3         61.0       5.1 12
                         2006 2      3      5      7      7      9      10     9      9      7      2      -2        68.0       5.7 12
                         2007 2      3      2      4      10     9      10     10     5      2      3      4         64.0       5.3 12
                         2008 -3     3      1      5      6             8      9      7.5    3      -2     -2        35.5       3.2 11
                         2009 2      1      3      1      8      10     8      7      10     6      2      2         60.0       5.0 12
                         2010 -4     -2     2      5      5      10     10     8      8      3      2      1.5       48.5       4.0 12
                         2011 1.5    3      4      9      8      10     10     10     6      3      -3     3         64.5       5.4 12
                         2012 2      2      5      5      8      10     9      9      1      6      5      2.5       64.5       5.4 12
                         2013 3      3      -2     5      6      10     10     9      10     6      2      3         65.0       5.4 12
                         2014 2      5      1      4      6      10     9      9      9      7      0                62.0       5.6 11
                         2015 3      3      2      7      8      9      8      8      8      7      6      0         69.0       5.8 12
                         2016 1      3      -2            9      9      9                           3      2         34.0       4.3  8
                         2017 2             4      5      8                                                          19.0       4.8  4
                         2019 -1     5      5      4      7      8      9      9      10     8      5      2         71.0       5.9 12
                         2020 2             6      5      8      7      8      10     9      6      4      0         65.0       5.9 11
                         2021 -3     2      7      8      7                                                          21.0       4.2  5

MINIMA                        -4     -2     -2     1      5      7      6      7      1      2      -3     -8        19.0       3.2
MAXIMA                        6      5      7      10     10     11     10     11     10     8      6      4         79.0       6.7
MEDIA                         0.825  1.8552 3.025  5.4615 7.8125 9.3947 8.7368 9.0131 7.8684 5.1052 2.7179 1.0657    59.0       5.2
DESV. ESTANDAR                2.1199 1.47   2.1241 1.8078 1.5008 0.9383 1.1073 0.9041 1.9336 1.8312 1.9358 2.2903    12.68      0.7


TEMP MINIMA PROM
                         1980                      9.4    12.387 12.4   12.096 11.564 11.45  9.4354 6.45   5.629     90.8      10.1  9
                         1981 3.3225 5.8392 7.3064 9.5666 12.467 12.366 11.274 11.387 10.766 10.145 7.7    5.8709   108.0       9.0 12
                         1982 6.1129 6.1785 8.8064 12.333 12.338 13.816 11.483 11.064 10.583 9.0161 6.5166 4.5322   112.8       9.4 12
                         1983 4.0322 3.25   5.2258 8.6833 10.096 12.866 11.371 11.08  11.133 10.322 7.1666 5.9677   101.2       8.4 12
                         1984 5.2903 5.2931 7.8548 9.9    10.467 10.883 10.387 10.774 10.216 9.3225 6.85   4.6774   101.9       8.5 12
                         1985 4.6645 5.7678 7.9677 9.2166 12.403 11.766 10.854 11.209 11.933 11.048 7.25   6.5      110.6       9.2 12
                         1986 5.3225 6.4642 7.9354        12.26  11.4   10.967 11     10.5   9.0967 8.8166 5.5806    99.3       9.0 11
                         1987 4.5967 4.6071 5.7258 8.4333 10.29  12.1   11.612 13.322 11.75  8.3709 6.1166 6.3225   103.2       8.6 12
                         1988 2.3064 6.4137 6.3871 10.016 11.096 11.75  10.935 11.322 9.8333 7.1612 7.5666 4.6129    99.4       8.3 12
                         1989 4.629  4.9821 5.9193 8.6166        10.916 10.661 10.854 9.65   7.5806 6.8666 3.9677    84.6       7.7 11
                         1990 5.4516 5.3571 9.129  10.716 11.225 11.633        11.032 10.7   9.6129 6.8333 5.4516    97.1       8.8 11
                         1991 5.129  5.4285 8.4193 9.8333 10.741 10.066 8.7419 11.064 9.5666 8.8709 6.9    5.1935   100.0       8.3 12
                         1992 3.4516 3.9655 7.8064 7.6666 9      10.833 11.774 9.7419 9.7666 8.258  5.9333 6.1612    94.4       7.9 12
                         1993 5.1612 5.5    5.9677 7.3333 10     11.466 11.419 11.161 10.666 9.3548 7.4333 5.6129   101.1       8.4 12
                         1994 4.1612 6.125  8.6129 9.8    11.774 11.266 10.29  10.193 9.6333 9.3871 7.4    6.129    104.8       8.7 12
                         1995 8.5967 6.1428 8.4516 11.8   11.645 12.166 11.096 11.806 11.066 7.7741 7.0333 5.4838   113.1       9.4 12
                         1996 4.2258 6.1379 6.4032 8.0166 11.774 11.4   11.241 10.612 9.8833 10.129 5.7    5.5806   101.1       8.4 12
                         1997 4.7096 5.4642 7.3871 7.2    9.6451 12.15  10.967 10.806 10.516 8.7419 7.2333 4.0483    98.9       8.2 12
                         1998 3.6774 3.8928 7.0967 9.7    13.064 13.533 11.5   11.29  11.616 9.7258 7.5    5.9838   108.6       9.0 12
                         1999 3.9838 6.8571 8.0645 10.233 11.354 12.116 10.677 11.032 10.3   7.6129 4.6333 4.0645   100.9       8.4 12
                         2000 4.8709 5.7586 8.129  9.9    11.612 11.733 11.145 11.467 10.15  8.4838 7.6    5.3548   106.2       8.9 12
                         2001 5.5161 6.3214 6.3871 11.1   11.29  11.4   10.887 11.225 10.7   9.3548 5.2666 5.7741   105.2       8.8 12
                         2002 5.3548 5.3214 8.8387 10.733 12.677 12.033 11.129 10.838 10.833 9.4677 6.5333 4.6129   108.4       9.0 12
                         2003 5.0645 6      6.8387 10.733 11.935 12.1   11.08  10.741 11.166 8.4677 7.6666 3.4354   105.2       8.8 12
                         2004 4.1612 4      7.0645 7.6333 10.483 11.3   10.854 10.774 10.3   9.3225 6.1333 4.7096    96.7       8.1 12
                         2005 4.9032 6.5357 6.258  9.6    10.516 12.1   11.677 11.048 10.066 8.3548 5.6666 5.2258   102.0       8.5 12
                         2006 4.3548 6.4642 7.258  10.166 10.806 11.5   11.677 11.709 11.366 9.8064 6.2    4.2903   105.6       8.8 12
                         2007 5.3225 5.4642 8.3871 8.8666 11.29  11.9   11.871 11.161 10.2   7.7096 5.5333 6.2903   104.0       8.7 12
                         2008 4.4354 5.4482 6.5161 9.7    10.58         10.467 10.677 9.8166 6.9032 4.3333 3.0967    82.0       7.5 11
                         2009 4.6451 5.2321 7.2258 8.6333 11.483 12.416 11.451 10.612 11.483 10.387 5.5    4.9032   104.0       8.7 12
                         2010 3.3709 3.9107 5.8709 8.3333 11.419 12.766 12.725 11.661 11.933 7.0322 5.5    3.3387    97.9       8.2 12
                         2011 3.9516 5.75   8.2258 10.833 12.193 12.433 12.258 11.483 10.216 8.4838 6.05   5.5161   107.4       8.9 12
                         2012 4.8064 5.7586 8.6774 8.4333 11.709 11.883 11.08  11.451 9.8    8.6774 6.95   5.8548   105.1       8.8 12
                         2013 5.1451 6.8571 6.2903 9.5    11.161 12.45  11.548 11.016 11.483 9.5967 8.0666 5.6129   108.7       9.1 12
                         2014 4.0322 6.6071 7.3548 9.9    10.677 11.966 11.451 10.871 11.266 9.7096 6.6333          100.5       9.1 11
                         2015 5.7741 5.4642 6.629  10.233 10.871 11.833 11.129 10.322 11     9.3548 8.35   5.1935   106.2       8.8 12
                         2016 3.4193 5      6.5161        11.903 11.4   11.032                      6.5666 5.8064    61.6       7.7  8
                         2017 5.0161        7.8064 8.7333 11.806                                                     33.4       8.3  4
                         2019 5.4838 6.8214 8.6451 9.0333 11.354 12.433 11.322 11.451 10.733 9.6    8.5666 5.7419   111.2       9.3 12
                         2020 5.4838        9.2258 9.8333 10.354 11.866 11.871 12.258 12.066 10.838 8.4333 5.6129   107.8       9.8 11
                         2021 6.0967 7.6428 10.967 11.566 11.096                                                     47.4       9.5  5

MINIMA                        2.3064 3.25   5.2258 7.2    9      10.066 8.7419 9.7419 9.5666 6.9032 4.3333 3.0967    33.4       7.5
MAXIMA                        8.5967 7.6428 10.967 12.333 13.064 13.816 12.725 13.322 12.066 11.048 8.8166 6.5      113.1      10.1
MEDIA                         4.7508 5.6322 7.4895 9.5367 11.281 11.905 11.21  11.134 10.687 9.0136 6.7551 5.2037    98.5       8.7
DESV. ESTANDAR                1.0342 0.9529 1.1959 1.2056 0.8811 0.711  0.6544 0.5912 0.722  1.025  1.0512 0.8691    16.22      0.6


