COMISIÓN NACIONAL DEL AGUA
COORDINACIÓN GENERAL DEL SERVICIO METEOROLÓGICO NACIONAL
PROYECTO DE BASES DE DATOS CLIMATOLÓGICOS
    
                         AÑO  ENE    FEB    MAR    ABR    MAY    JUN    JUL    AGO    SEP    OCT    NOV    DIC  ACUMULADO  MEDIA  MESES
00001047
AGUA ZARCA, CALVILLO    
DIAS CON GRANIZO
                         1975                                                         0      0      0                 0.0       0.0  3
                         1976 0      0      0      0      0      0      0      0      0      0      0      0          0.0       0.0 12
                         1977 0             0                                                                         0.0       0.0  2
                         1978               0      0      0      0      0      0      0      0      0      0          0.0       0.0 10
                         1979 0      0      0      0      0      0      0      0      0      0      0      0          0.0       0.0 12
                         1980 0      0      0      0      0      0      0      0      0      0      0      0          0.0       0.0 12
                         1981 0      0      0      0      0      0      0      0      0      0      0      0          0.0       0.0 12
                         1982 0      0      0      0      0      0      0      0      0      0      0      0          0.0       0.0 12
                         1983 0      0      0      0      0      0      0      0      0      0      0      0          0.0       0.0 12
                         1984 0      0      0      0      0      0      0      0      0      0      0      0          0.0       0.0 12
                         1985 0      0      0      0      0      0      0      0      0      0      0      0          0.0       0.0 12
                         1986 0      0      0      0      0      0      0      0      0      0      0      0          0.0       0.0 12
                         1987 0      0      0      0      0      0      0      0      0      0      0      0          0.0       0.0 12
                         1988 0      0      0      0      0      0      0      0      0      0      0      0          0.0       0.0 12
                         1989 0      0      0      0      0      0      0      0      0      0      0      0          0.0       0.0 12
                         1990 0      0      0      0      0      0      0      0      0      0      0      0          0.0       0.0 12
                         1991 0      0      0      0      0      0      0      0      0      0      0      0          0.0       0.0 12
                         1992 0      0      0      0      0      0      0      0      0      0      0      0          0.0       0.0 12
                         1993 0      0      0      0      0      0      0      0      0      0      0      0          0.0       0.0 12
                         1994 0      0      0      0      0      0      0      0      0      0      0      0          0.0       0.0 12
                         1995 0      0      0             0      0      0      0      0      0      0      0          0.0       0.0 11
                         1996 0      0      0      0      0      0      0      0      0      0      0      0          0.0       0.0 12
                         1997 0      0      0      0      0      0      0      0      0      0      0      0          0.0       0.0 12
                         1998 0      0      0      0      0      0      0      0      0      0      0      0          0.0       0.0 12
                         1999 0      0      0      0      0      0      0      0      0      0      0      0          0.0       0.0 12
                         2000 0      0      0      0      0      0      0      0      0      0      0      0          0.0       0.0 12
                         2001 0      0      0      0      0      0      0      0      0      0      0      0          0.0       0.0 12
                         2002 0      0      0      0      0      0      0      0      0      0      0      0          0.0       0.0 12
                         2003 0      0      0      0      0      0      0      0      0      0      0      0          0.0       0.0 12
                         2004 0      0      0      0      0      0      0      0      0      0      0      0          0.0       0.0 12
                         2005 0             0      0      0      0      0      0      0      0      0      0          0.0       0.0 11
                         2006 0      0      0      0      0      0      0      0      0      0      0      0          0.0       0.0 12
                         2007 0      0      0      0      0      0      0      0      0      0      0      0          0.0       0.0 12
                         2008 0      0      0      0      0      0      0      0      0      0      0      0          0.0       0.0 12
                         2009 0      0             0      0      0      0      0      0      0      0      0          0.0       0.0 11
                         2010 0      0      0      0      0      0      0      0      0             0                 0.0       0.0 10
                         2011 0      0      0      0      0      0      0      0      0      0      0      0          0.0       0.0 12
                         2012 0                    0      0      0      13     7      7      0      0      0         27.0       2.7 10
                         2013 0      0      0      0      0      0      0      0             0             0          0.0       0.0 10
                         2014 0      0      0      0      0      0      0      0      0      0      0      0          0.0       0.0 12
                         2015 0             0      0      0      0      0      0      0      0      0      0          0.0       0.0 11
                         2016 1      0      0      0      0             0      0      0      0                        1.0       0.1  9

MINIMA                        0      0      0      0      0      0      0      0      0      0      0      0          0.0       0.0
MAXIMA                        1      0      0      0      0      0      13     7      7      0      0      0         27.0       2.7
MEDIA                         0.025  0      0      0      0      0      0.325  0.175  0.175  0      0      0          0.7       0.1
DESV. ESTANDAR                0.1581 0      0      0      0      0      2.0554 1.1068 1.1068 0      0      0          4.17      0.4


DIAS CON NIEBLA 
                         1975                                                         0      0      0                 0.0       0.0  3
                         1976 0      0      0      0      0      0      0      0      0      0      0      0          0.0       0.0 12
                         1977 0             0                                                                         0.0       0.0  2
                         1978               0      0      0      0      0      0      0      0      0      0          0.0       0.0 10
                         1979 0      0      0      0      0      0      0      0      0      0      0      0          0.0       0.0 12
                         1980 0      0      0      0      0      0      0      0      0      0      0      0          0.0       0.0 12
                         1981 0      0      0      0      0      0      0      0      0      0      0      0          0.0       0.0 12
                         1982 0      0      0      0      0      0      0      0      0      3      0      0          3.0       0.3 12
                         1983 0      0      0      0      0      0      0      0      0      0      0      0          0.0       0.0 12
                         1984 0      0      0      0      0      0      0      0      1      0      0      0          1.0       0.1 12
                         1985 0      0      0      0      0      0      0      0      2      0      0      0          2.0       0.2 12
                         1986 0      0      0      0      0      0      2      0      0      2      0      0          4.0       0.3 12
                         1987 1      1      0      0      1      0      0      0      0      0      0      0          3.0       0.3 12
                         1988 0      0      0      0      0      0      2      0      0      0      0      0          2.0       0.2 12
                         1989 0      0      0      0      0      0      0      0      0      0      0      0          0.0       0.0 12
                         1990 0      0      0      0      0      0      2      3      0      0      0      0          5.0       0.4 12
                         1991 0      0      0      0      0      0      1      0      0      0      0      0          1.0       0.1 12
                         1992 0      0      0      0      0      0      0      0      0      0      0      0          0.0       0.0 12
                         1993 0      0      0      0      0      0      0      0      0      0      0      0          0.0       0.0 12
                         1994 0      0      0      0      0      0      0      0      0      0      0      0          0.0       0.0 12
                         1995 0      0      0             0      0      0      0      0      0      0      0          0.0       0.0 11
                         1996 0      0      0      0      0      0      0      0      0      0      0      0          0.0       0.0 12
                         1997 0      0      0      0      0      0      0      0      0      0      0      0          0.0       0.0 12
                         1998 0      1      0      0      0      0      0      6      0      0      0      0          7.0       0.6 12
                         1999 0      0      0      0      0      0      0      0      0      0      0      0          0.0       0.0 12
                         2000 0      0      0      0      0      0      0      0      0      0      0      0          0.0       0.0 12
                         2001 0      0      0      0      0      0      0      0      0      0      0      0          0.0       0.0 12
                         2002 0      0      0      0      0      0      0      0      0      0      0      0          0.0       0.0 12
                         2003 0      0      0      0      0      0      0      0      0      0      0      0          0.0       0.0 12
                         2004 0      0      0      0      0      0      0      0      0      0      0      0          0.0       0.0 12
                         2005 0             0      0      0      0      0      0      0      0      0      0          0.0       0.0 11
                         2006 0      0      0      0      0      0      0      0      0      0      0      0          0.0       0.0 12
                         2007 0      0      0      0      0      0      0      0      0      0      0      0          0.0       0.0 12
                         2008 0      0      0      0      0      0      0      0      0      0      0      0          0.0       0.0 12
                         2009 0      0             0      0      0      0      0      0      0      0      0          0.0       0.0 11
                         2010 0      0      0      0      0      0      0      0      0             0                 0.0       0.0 10
                         2011 0      0      0      0      0      0      0      0      0      0      0      0          0.0       0.0 12
                         2012 0                    0      0      0      0      0      0      2      1      0          3.0       0.3 10
                         2013 1      0      0      0      0      8      2      10            7             7         35.0       3.5 10
                         2014 0      0      0      0      0      0      0      0      0      0      0      0          0.0       0.0 12
                         2015 0             6      0      0      3      5      3      6      4      0      0         27.0       2.5 11
                         2016 1      1      3      0      0             6      12     0      5                       28.0       3.1  9

MINIMA                        0      0      0      0      0      0      0      0      0      0      0      0          0.0       0.0
MAXIMA                        1      1      6      0      1      8      6      12     6      7      1      7         35.0       3.5
MEDIA                         0.075  0.0833 0.2307 0      0.025  0.282  0.5    0.85   0.225  0.575  0.0256 0.1842     2.9       0.3
DESV. ESTANDAR                0.2667 0.2803 1.0628 0      0.1581 1.3562 1.3204 2.6267 0.9996 1.5506 0.1601 1.1355     7.83      0.8


DIAS CON TORMEN.
                         1975                                                         2      0      0                 2.0       0.7  3
                         1976 0      0      0      0      0      0      0      0      0      0      0      0          0.0       0.0 12
                         1977 0             0                                                                         0.0       0.0  2
                         1978               0      0      0      1      0      0      5      0      0      0          6.0       0.6 10
                         1979 0      0      0      0      0      0      0      0      0      0      0      0          0.0       0.0 12
                         1980 0      0      0      0      0      0      0      0      0      0      0      0          0.0       0.0 12
                         1981 0      0      0      0      0      0      0      0      0      0      0      0          0.0       0.0 12
                         1982 0      0      0      0      0      0      0      0      0      1      0      0          1.0       0.1 12
                         1983 0      0      0      0      0      0      0      0      0      0      0      0          0.0       0.0 12
                         1984 0      0      0      0      0      0      0      0      0      0      0      0          0.0       0.0 12
                         1985 0      0      0      0      0      0      0      0      3      0      0      0          3.0       0.3 12
                         1986 0      0      0      0      0      0      4      0      0      0      0      0          4.0       0.3 12
                         1987 2      1      0      0      2      1      0      0      0      0      0      0          6.0       0.5 12
                         1988 0      0      0      0      0      0      2      0      0      0      0      0          2.0       0.2 12
                         1989 0      0      0      0      0      0      0      0      0      0      0      0          0.0       0.0 12
                         1990 0      0      0      0      0      0      0      0      0      0      0      0          0.0       0.0 12
                         1991 0      0      0      0      0      0      0      0      0      0      0      0          0.0       0.0 12
                         1992 0      0      0      0      0      0      0      0      0      0      0      0          0.0       0.0 12
                         1993 0      0      0      0      0      0      0      0      0      0      0      0          0.0       0.0 12
                         1994 0      0      0      0      0      0      0      0      0      0      0      0          0.0       0.0 12
                         1995 0      0      0             0      0      0      0      0      0      0      0          0.0       0.0 11
                         1996 0      0      0      0      0      0      0      0      0      0      0      0          0.0       0.0 12
                         1997 0      0      0      0      0      0      0      0      0      0      0      0          0.0       0.0 12
                         1998 0      0      0      0      0      0      0      0      0      0      0      0          0.0       0.0 12
                         1999 0      0      0      0      0      0      0      0      0      0      3      7         10.0       0.8 12
                         2000 0      0      0      0      0      0      0      0      0      0      0      0          0.0       0.0 12
                         2001 0      0      0      0      0      0      0      0      0      0      0      0          0.0       0.0 12
                         2002 0      0      0      0      0      0      0      0      0      0      0      0          0.0       0.0 12
                         2003 0      0      0      0      0      0      0      0      0      0      0      0          0.0       0.0 12
                         2004 0      0      0      0      0      0      0      0      0      0      0      0          0.0       0.0 12
                         2005 0             0      0      0      0      0      0      0      0      0      0          0.0       0.0 11
                         2006 0      0      0      0      0      0      0      0      0      0      0      0          0.0       0.0 12
                         2007 0      0      0      0      0      0      0      0      0      0      0      0          0.0       0.0 12
                         2008 0      0      0      0      0      0      0      0      0      0      0      0          0.0       0.0 12
                         2009 0      0             0      0      0      0      0      0      0      0      0          0.0       0.0 11
                         2010 0      0      0      0      0      0      0      0      0             0                 0.0       0.0 10
                         2011 0      0      0      0      0      0      0      0      0      0      0      0          0.0       0.0 12
                         2012 0                    0      0      0      5      9      9      2      0      0         25.0       2.5 10
                         2013 0      0      0      0      0      6      6      5             2             0         19.0       1.9 10
                         2014 0      0      0      0      0      0      0      0      0      0      0      0          0.0       0.0 12
                         2015 0             0      0      0      0      0      0      0      0      0      0          0.0       0.0 11
                         2016 0      0      0      0      0             0      0      0      0                        0.0       0.0  9

MINIMA                        0      0      0      0      0      0      0      0      0      0      0      0          0.0       0.0
MAXIMA                        2      1      0      0      2      6      6      9      9      2      3      7         25.0       2.5
MEDIA                         0.05   0.0277 0      0      0.05   0.2051 0.425  0.35   0.475  0.125  0.0769 0.1842     1.9       0.2
DESV. ESTANDAR                0.3162 0.1666 0      0      0.3162 0.9781 1.3753 1.61   1.6792 0.4634 0.4803 1.1355     5.05      0.5


EVAPORACION MEN.
                         1975                                                                174.7  150.15          324.9     162.4  2
                         1976 147.2  159.32        254.4  263.3  224    139.2  135.7  119.4  127.6  100.7  99.1   1,769.9     160.9 11
                         1977 142.9         217.9                                                                   360.8     180.4  2
                         1978               215.8  294    324.8  217.6  214.7  144.8  121.6  122.9  128.3  126.8  1,911.3     191.1 10
                         1979 135.1  146.6  238.6  215.7  294.5  227.7  216    155.3  148.8  188.4  145.3  125.7  2,237.7     186.5 12
                         1980 118.95 139.27 243.2  252.4  280.9  268.8  200.4  144.87 134.42 132.7  111.3  79     2,106.2     175.5 12
                         1981 113.3  135.97 161    167.61 186.7  143.19 137    134.65 130.28 136.3  148.2  96     1,690.2     140.9 12
                         1982 154.43 185.7  243.4  156.7  249.7  259.3  142.3  205.7  166    146.2  145.1  83.31  2,137.8     178.2 12
                         1983 120.9  149.1  227.3  133.5  210.2  149.3  138    131.3  85.9   127.1  113.2  138.9  1,724.7     143.7 12
                         1984 101.8  126.3  183.1  208.66 177.4  170.9  123.8  132.8  77.6   147.7  123    95.4   1,668.5     139.0 12
                         1985 113.4  120.3  176.3  172.5  198.1  145.3  127.1  136.6  100.8  124    128.7  121.2  1,664.3     138.7 12
                         1986 118.8  80.5   153.5  115.4  245.9  127.4  90.2   167.2  115.9  103.3  106.4  98.66  1,523.2     126.9 12
                         1987 108.2  105.7  122.1  212.5  172.7  149.6  149.1  160.3  147.1  153.5  128.2  94.4   1,703.4     142.0 12
                         1988 109.7  154.5  192.9  202.2  234.8  196.1  128.3  112.6  123.7  153.11 173.43 134.6  1,915.9     159.7 12
                         1989 165.8  162.3  185.4  222.8  230.3  190.6  153.5  105.5  148.3  144.8  147.1  120    1,976.4     164.7 12
                         1990 128.8  103.1  207.6  245.5  230.9  210.3  103.2  123.8  86.41  91.7   122.4  118.3  1,772.0     147.7 12
                         1991 121.53 135.7  266.46 294.96 261.33 197.04 91.61  143.14 112.93 119.1  119.58 75.26  1,938.6     161.6 12
                         1992 64.05  113.2  201.29 145.71 194.1  229.85 147.57 114.3  126.61 84.45  88.65  115.3  1,625.1     135.4 12
                         1993 129.04 158.99 207.96 237.63 243.05 144.33 120.93 136.49 101.53 135.16 118.97 120.07 1,854.2     154.5 12
                         1994 125.72 132.92 157.39 241.16 223.93 139.98 147.19 103.69 99.45  110.87 118.32 111.12 1,711.7     142.6 12
                         1995 104.73 130.97 187.09        268.78 212.6  145.45 122.71 114.58 119.63 85.63  76.26  1,568.4     142.6 11
                         1996 157.71 139.27 238.36 202.92 232.34 210.38 167.75 144.99 174.6  134.76 126.97 107.28 2,037.3     169.8 12
                         1997 119.75 124.84 169.31 171.24 172.41 170.59 164.22 156.17 166.82 110.6  136.96 140.62 1,803.5     150.3 12
                         1998 152.63 172.8  192.06 218.16 242.68 216.96 187.06 190.47 183.78 177.86 159.66 170.16 2,264.3     188.7 12
                         1999 198.74 180.48 196.96 207.65 229.51 201.41 186.26 186.25 207.31 208.6  188.75 178.08 2,370.0     197.5 12
                         2000 189.54 201.54 238.55 224.86 222.13 211.14 226.36 187.71 192.31 197.38 126.57 122.76 2,340.9     195.1 12
                         2001 115.89 146.05 160.95 214.44 189.45 170.93 172.14 158.21 152.51 155.28 160.05 175.25 1,971.2     164.3 12
                         2002 164.44 157.53 209.26 207.46 207.07 159.99 152.53 152    142.48 158.54 101.67 144.13 1,957.1     163.1 12
                         2003 162.62 155.31 199.47 166.85 245.1  138.18 151.58 145.03 148.91 165.06 104.57 107.75 1,890.4     157.5 12
                         2004 111.93 117    131.67 111.8  176.12 177.82 149.59 137.92 140.47 113.55 106.5  131.4  1,605.8     133.8 12
                         2005 139.53        154.35 193.05 208.95 172.85 187.75 186.65 170.4  131.3  142.7  113.62 1,801.2     163.7 11
                         2006 116.85 110.84 167.15 155.7  172.16 179.4  186.46 192.44 174.01 169.44 103.65 94.79  1,822.9     151.9 12
                         2007 128.25 135.25 144.1  171.98 231.2  170.7  141.24 136.67 163.21 186.25 162.79 209.58 1,981.2     165.1 12
                         2008 206.45 174.47 193.15 203.43 272.63 176    150.85 142.2  140.47 112.17 151.97 110    2,033.8     169.5 12
                         2009 127.62 118.7         179.18 210.38 186.45 208.74 168.97 210    139.4  118.99 107.7  1,776.1     161.5 11
                         2010 109.54 112.54 127.2  168.37 210.4  171.02 173.5  156.65 151.6         180.25        1,561.1     156.1 10
                         2011 183.55 164.35 216.05 193.95 220.87 232.63 184.41 232.43 198.7  149.37 236.4  207.57 2,420.3     201.7 12
                         2012 154.5                       247.85 241    211.7  155.3  107.9  91.73  75.25  82.15  1,367.4     151.9  9
                         2013 78.78  84.82  181.8  117.1  109.3  155.65 176.84 164.8         117.85        105.06 1,292.0     129.2 10
                         2014 96.86  116.71 177.63 220.49 194.09 186.09 188.27 162.65 149.69 143.45 122.95 137.37 1,896.3     158.0 12
                         2015 114.95        155.99 161.01 226.63 199.62 168.93 159.83 88.31  99.47  81.56  78.46  1,534.8     139.5 11
                         2016 88.17  139.15 183.28 213.46 255.15                                                    879.2     175.8  5

MINIMA                        64.05  80.5   122.1  111.8  109.3  127.4  90.2   103.69 77.6   84.45  75.25  75.26    324.9     126.9
MAXIMA                        206.45 201.54 266.46 294.96 324.8  268.8  226.36 232.43 210    208.6  236.4  209.58 2,420.3     201.7
MEDIA                         131.06 138.66 190.14 196.74 224.19 188.01 160.3  152.02 140.12 138.59 130.53 119.81 1,756.9     160.0
DESV. ESTANDAR                31.256 27.475 35.045 44.052 39.744 34.94  33.673 27.585 34.78  29.919 31.893 33.339   435.43     19.1


LLUVIA MAX 24 H.
                         1975                                                         10.5   0      0                10.5       3.5  3
                         1976 1      3.4           1      4.5    14     27     30     20     20     40     9        169.9      15.4 11
                         1977 3             0                                                                         3.0       1.5  2
                         1978               0      0      2      20     36     56     33     16     6      2        171.0      17.1 10
                         1979 5      16     0      0      0      24     42     33     24     0      0      18       162.0      13.5 12
                         1980 28     16     0      10     4      8      23     34     48     18     20     11       220.0      18.3 12
                         1981 15     7.6    7      2      8      20     16     20     7.5    9      4.2    9.2      125.5      10.5 12
                         1982 0      0      0      9      29     10     40     47     11     28     30     16       220.0      18.3 12
                         1983 19     0      14     0      47     20.5   33     14     32.5   6      13     3        202.0      16.8 12
                         1984 40     3      0      0      35     26     29     38     13     10     2.5    5.5      202.0      16.8 12
                         1985 3      1      0      20     3      24     26     42.5   21.6   38.5   0      0        179.6      15.0 12
                         1986 0      0      0      2      0      48     36     29     16     29     31     6        197.0      16.4 12
                         1987 17     22     0      5      19     11     47     26     55     0      0      6        208.0      17.3 12
                         1988 9      0      8      4      0      50     41     36     25     2      0      4        179.0      14.9 12
                         1989 0      1      0      0      20     23     9      31     8      13     23     20       148.0      12.3 12
                         1990 8      26     0      6      8      48     43     24     20     26     0      0        209.0      17.4 12
                         1991 3      12     0      0      0      43     56     30     25     9      0      15       193.0      16.1 12
                         1992 37     12     0      3      12     25     33     14     18     35     16     11       216.0      18.0 12
                         1993 16     0      0      0      14     37     22     21     21     8      2      3        144.0      12.0 12
                         1994 10     0      0      6      5      22     27     16     17     10     0      0        113.0       9.4 12
                         1995 3      2      0             0      26     26     32     42     0      3      6        140.0      12.7 11
                         1996 0      0      0      10.4   11     35     19     33     35     23     3      0        169.4      14.1 12
                         1997 23     23     9      16     4      23     20     20     77     20     0      3        238.0      19.8 12
                         1998 0      0      0      0      0      81     11     26     62     2      0      0        182.0      15.2 12
                         1999 0      0      0      0      0      43     32     39     31     0      0      0        145.0      12.1 12
                         2000 0      0      0      0      40     48     30     34     35     10     0      18       215.0      17.9 12
                         2001 0      0      26     32     10     25     33     35     42     20     10     2        235.0      19.6 12
                         2002 32     40     0      0      8      21     60     38     60     19     25     0        303.0      25.3 12
                         2003 1      0      0      0      20     50     35     40     60     20     0      0        226.0      18.8 12
                         2004 25     10     15     18     13     50     43     45     33     20     0      0        272.0      22.7 12
                         2005 0             10     0      0      30     28     60     40     10     0      3        181.0      16.5 11
                         2006 3      3      0      0      46     20     28     86     28     82     47     27       370.0      30.8 12
                         2007 14     15     0      0      2      50     46     25     20.8   4.9    10     0        187.7      15.6 12
                         2008 0      5      0      8      8      50     50     40     20     10     0      0        191.0      15.9 12
                         2009 0      0             0      0      25     40     30     40     25     30     20       210.0      19.1 11
                         2010 28     65.5   0      0      0      18     45     25     45            0               226.5      22.7 10
                         2011 0      0      0      0      0      3      2      4      26     20     0      0         55.0       4.6 12
                         2012 0                    0      9      30.5   22     45     18     1.5    0.6    16       142.6      14.3 10
                         2013 42     0      1      0      0      18.5   33.2   23.5          20            30.4     168.6      16.9 10
                         2014 3.1    0      2.1    0      17.5   21     31.3   55.3   84.2   17.2   25.3   5.3      262.3      21.9 12
                         2015 10            24.3   8.2    16.3   30.4   54.2   59.3   31.4   58.3   18.2   42.1     352.7      32.1 11
                         2016 20     9.6    14.3   5      10.5                                                       59.4      11.9  5

MINIMA                        0      0      0      0      0      3      2      4      7.5    0      0      0          3.0       1.5
MAXIMA                        42     65.5   26     32     47     81     60     86     84.2   82     47     42.1     370.0      32.1
MEDIA                         10.452 8.1416 3.4394 4.2461 10.645 30.048 32.684 34.271 32.217 16.933 9.2256 8.1973   185.8      16.2
DESV. ESTANDAR                12.671 13.657 6.8612 7.0285 12.872 15.715 12.806 15.17  18.377 16.306 13.061 9.9879    73.31      5.9


LLUVIA TOTAL MEN
                         1975                                                         29     0      0                29.0       9.7  3
                         1976 1      4.4           1      11     30.5   248    91.9   75.7   86     123    37       709.5      64.5 11
                         1977 6             0                                                                         6.0       3.0  2
                         1978               0      0      5      33.6   105    175    174    52     10     4        558.6      55.9 10
                         1979 8      19.6   0      0      0      26     125    115    63     0      0      37.6     394.2      32.9 12
                         1980 66     19     0      14     12     21     85.4   157.6  80     75     54.5   35       619.5      51.6 12
                         1981 47     9.9    16.5   4      18.7   53.4   79.1   76.4   18.6   32.2   6.2    18.4     380.4      31.7 12
                         1982 0      0      0      9      53     10     163    97     18     66     52.5   46       514.5      42.9 12
                         1983 44     0      14     0      68     59     209    70     106    14.5   31     3        618.5      51.5 12
                         1984 54     3      0      0      65.5   89     179    150    34.4   19     2.5    9        605.4      50.5 12
                         1985 4      1      0      20     5      135.5  160    77.1   74.1   81.6   0      0        558.3      46.5 12
                         1986 0      0      0      2      0      242    122    71     101.8  93     33     6        670.8      55.9 12
                         1987 41     36     0      5      41     57     268.6  91     176    0      0      11       726.6      60.6 12
                         1988 9      0      15     7      0      129    224    147    72     2      0      4        609.0      50.8 12
                         1989 0      1      0      0      25     58     41     185    31     32     30.2   33       436.2      36.4 12
                         1990 9.5    42     0      6      19     115    235.6  175    145    105    0      0        852.1      71.0 12
                         1991 3      12     0      0      0      130    444    74     94     19     0      26       802.0      66.8 12
                         1992 188    26     0      5      25     36     130    44     25     151    26     11       667.0      55.6 12
                         1993 27     0      0      0      17     165    126    92     67     20     2      3        519.0      43.3 12
                         1994 10     0      0      10     5      84     77     103    69     33     0      0        391.0      32.6 12
                         1995 5      2      0             0      84     74     242    96     0      5      8        516.0      46.9 11
                         1996 0      0      0      14.4   21     79     58     179.4  121    62     7      0        541.8      45.2 12
                         1997 28     23     27     52     8      85     61     85     107    64     0      3        543.0      45.3 12
                         1998 0      0      0      0      0      152    66     161    161    4      0      0        544.0      45.3 12
                         1999 0      0      0      0      0      102    169    74     86     0      0      0        431.0      35.9 12
                         2000 0      0      0      0      138    139    113    102    59     26     0      30       607.0      50.6 12
                         2001 0      0      29     37     24     107    206    222    146    33     13     4        821.0      68.4 12
                         2002 40     100    0      0      17     90     154    133    207    51     25     0        817.0      68.1 12
                         2003 1      0      0      0      62     176    287    138    200    76     0      0        940.0      78.3 12
                         2004 94     10     15     18     37     247    145    185    261    45     0      0      1,057.0      88.1 12
                         2005 0             10     0      0      40     126    297    108    42     0      3        626.0      56.9 11
                         2006 5      5      0      0      65     52.6   138    231    157    213    47     50       963.6      80.3 12
                         2007 54     35     0      0      2      289    273    88.5   39.8   4.9    10     0        796.2      66.3 12
                         2008 0      5      0      8      8      134    403.9  429    94     15     0      0      1,096.9      91.4 12
                         2009 0      0             0      0      84     79     48     175    104    40     20       550.0      50.0 11
                         2010 79.5   137.5  0      0      0      28     185    87     170           0               687.0      68.7 10
                         2011 0      0      0      0      0      7      2      4      78.5   50     0      0        141.5      11.8 12
                         2012 0                    0      14.4   104.1  172.5  181.5  69.1   2.4    0.7    16       560.7      56.1 10
                         2013 47     0      1      0      0      85.2   230.7  96.1          54.2          144.9    659.1      65.9 10
                         2014 7.7    0      2.1    0      51.3   70.9   166.5  110.1  201.4  64.7   59.6   9.9      744.2      62.0 12
                         2015 21            107.3  14.6   40.6   207.6  379.1  203.9  111.6  150.7  23.1   47.4   1,306.9     118.8 11
                         2016 20.1   10     27.7   5.1    45.1                                                      108.0      21.6  5

MINIMA                        0      0      0      0      0      7      2      4      18     0      0      0          6.0       3.0
MAXIMA                        188    137.5  107.3  52     138    289    444    429    261    213    123    144.9  1,306.9     118.8
MEDIA                         22.995 13.927 6.9631 5.9512 22.59  98.394 166.93 135.62 105.17 49.825 15.417 16.321   612.5      53.2
DESV. ESTANDAR                36.528 28.627 18.767 10.832 28.654 67.016 98.447 78.44  59.862 47.996 25.253 26.513   264.36     21.9


TEMP MAXIMA EXT.
                         1975                                                                       20.5             20.5      20.5  1
                         1976 25     30            25     30     30     25     26.5   25     26     22     24       288.5      26.2 11
                         1977 27            32                                                                       59.0      29.5  2
                         1978               29     32     33     29     28.5   26     24     25     25     24       275.5      27.6 10
                         1979 22     23     27     31.5   31     31     31     26     26.5   28     28     21       326.0      27.2 12
                         1980 24     25     28     30     33     32.5   29.5   27     27     28     26     23       333.0      27.8 12
                         1981 25     26.5   29     22     28     29     29     26     27     29     22     28       320.5      26.7 12
                         1982 25     25     32     30     32     30     26     29     29     29     25     21       333.0      27.8 12
                         1983 24     23     26     28     35     29     26     24     25     24     21     25       310.0      25.8 12
                         1984 25     22     26     30     30     30     24     26     25     21     21     22       302.0      25.2 12
                         1985 24     26     27     30     29     30     26.5   26     28     27     25     25       323.5      27.0 12
                         1986 24     25     27     26     31     26     26     29     26     26     28     25       319.0      26.6 12
                         1987 24     25     25     31     32     28     28     26.5   27     27     27     31       331.5      27.6 12
                         1988 24     29     30     30     30     31     28     23     24     26     30     23       328.0      27.3 12
                         1989 23     25     26     27     31     32     29     24     24     25     26     28       320.0      26.7 12
                         1990 22     26     26     29     31     30     31     24     23     23     24     23       312.0      26.0 12
                         1991 22     24     28     30     32     31     22     24     24     24     23     22       306.0      25.5 12
                         1992 21     21     25     25     25     29     27     24     27     26     22     23       295.0      24.6 12
                         1993 23     27     26     26     29     31     26     25     25     26     26     24       314.0      26.2 12
                         1994 23     27     27     29     30     30     30     27     24     25     24     25       321.0      26.8 12
                         1995 24     26     28.5          33     33     27            27     27     27     26       278.5      27.9 10
                         1996 26     27     26     28     31     29     27     27     28     29     26     24       328.0      27.3 12
                         1997 27     26     28     27     29     31     27     27     27     27     21     22       319.0      26.6 12
                         1998 21     25     28     31     33     32     28     27     34     33     24     21       337.0      28.1 12
                         1999 23     27     27     33     33     30     26.5   27     29     29     26.5   25       336.0      28.0 12
                         2000 24     29.5   27.5   32     31     32     32     31     27     28     24     23       341.0      28.4 12
                         2001 22     26     26     31     35     32     33     33     32     29     26     23       348.0      29.0 12
                         2002 24     25     28     32     32     32     28     29     26     25     29     24       334.0      27.8 12
                         2003 23     24     26     28     32     31     33     27     24     23     24     19       314.0      26.2 12
                         2004 28     26     29     29     29     30     34     33     32     31     23     21       345.0      28.8 12
                         2005 21            25     28     29     32     27     24     24     24     23     22       279.0      25.4 11
                         2006 28     26     29     29     30     29     35     24     24     25     20     21       320.0      26.7 12
                         2007 26     29     30     27     28     29     27     29     27     25     24     23       324.0      27.0 12
                         2008 26     21     26     28     32     30     35     26     31     29     24     23       331.0      27.6 12
                         2009 24     22            30     33     30     27     29     25     25     21     22       288.0      26.2 11
                         2010 26     25     26     26     31     31     34     25     26            22              272.0      27.2 10
                         2011 22     23     23     26     29     27     29     28     26     26     26     28       313.0      26.1 12
                         2012 25                   38     38     29     25     25     25     26     25     29       285.0      28.5 10
                         2013 25     30     27     30     33     31     28     26            24            23       277.0      27.7 10
                         2014 22     23     25     31     32     26     24     25     25     24     21     22       300.0      25.0 12
                         2015 22            23     27     28     27     25     25     27     29     25     27       285.0      25.9 11
                         2016 22     25     29     29     30            25     27     25     24                     236.0      26.2  9

MINIMA                        21     21     23     22     25     26     22     23     23     21     20     19        20.5      20.5
MAXIMA                        28     30     32     38     38     33     35     33     34     33     30     31       348.0      29.5
MEDIA                         23.95  25.416 27.184 29.012 31.075 30.038 28.225 26.589 26.448 26.333 24.282 23.815   298.3      26.8
DESV. ESTANDAR                1.8667 2.3253 2.0282 2.7732 2.3137 1.6951 3.1743 2.3448 2.4994 2.4206 2.4889 2.5559    63.30      1.5


TEMP MAXIMA PROM
                         1975                                                                       17.5             17.5      17.5  1
                         1976 19.258 25.275        21.133 28.032 25.166 23.322 23.532 22.616 22.032 17.766 19.129   247.3      22.5 11
                         1977 22.387        24.79                                                                    47.2      23.6  2
                         1978               25.08  27.533 28.29  25.8   25.612 23.919 21.916 21.032 21.533 21       241.7      24.2 10
                         1979 19.58  20.035 23.564 26.966 28.193 28.3   27.177 22.258 22.266 25.29  21.8   19.451   284.9      23.7 12
                         1980 20.161 20.069 24.225 23.766 29.241 28.216 25.983 23.451 23.233 23.354 21.3   17.677   280.7      23.4 12
                         1981 20.064 23.142 23.064 19.833 24.29  25.163 25.354 23.661 24.416 24.645 18.566 21.064   273.3      22.8 12
                         1982 18.419 21.803 23.967 24.566 27.29  26     22.483 24.483 23.4   23.29  21.9   18       275.6      23.0 12
                         1983 18.338 18.642 21.548 23.533 26.871 23.533 22.064 21.306 20.633 21.516 16.666 21.709   256.4      21.4 12
                         1984 20.709 17.586 20.532 23.6   23     25.483 20     23.064 20.616 17.822 18.5   18.08    249.0      20.7 12
                         1985 19.096 21.714 24.112 23.733 23.435 23.15  22.274 23.483 23     20.322 22     18.548   264.9      22.1 12
                         1986 21.032 19.464 23.129 23.183 27.193 22.733 19.516 26.193 22.7   21.161 21.4   20.048   267.8      22.3 12
                         1987 18.258 20.464 21.774 26.6   25.064 24.683 21.741 23.871 23.333 22.387 22.883 20.112   271.2      22.6 12
                         1988 20.58  24.137 24.354 24.566 28.161 24.8   22.129 20.903 21.4   22     23.8   20.096   276.9      23.1 12
                         1989 20.483 21.071 23.225 23.3   27.516 26.7   23.451 20.967 21.433 21.871 21.033 20.677   271.7      22.6 12
                         1990 18.806 18.678 22.29  25.2   26.838 24.8   21.951 20.935 20.7   19.967 20.166 19.387   259.7      21.6 12
                         1991 19.129 20.392 24.741 26.4   28.483 25.733 19.225 21.871 19.566 19.838 19.566 17.258   262.2      21.9 12
                         1992 14.741 17.379 20.838 21.1   21.967 24.266 22.806 21.258 25.266 23.645 18.5   19.741   251.5      21.0 12
                         1993 19.096 22.428 21.322 23.666 26.032 25.4   23.677 22.709 21.9   22.451 23.433 21.516   273.6      22.8 12
                         1994 19.096 21.785 22.161 26.133 27.645 25.266 27.064 22.871 20.666 21.741 22     20.709   277.1      23.1 12
                         1995 19.903 22.089 25.225        29.016 28.433 22.52         22.566 24.354 23.3   21.161   238.6      23.9 10
                         1996 22.193 23.482 23.129 25.2   28.58  25.766 24.387 23.209 26.066 25.29  23.2   20.161   290.7      24.2 12
                         1997 24.774 22.392 23     22.733 25.645 26.533 24.774 24.612 24     21.693 18.5   15.838   274.5      22.9 12
                         1998 18.758 19.857 23.548 27.433 30.838 28.633 24.387 22.645 31     30.322 21.733 19.419   298.6      24.9 12
                         1999 19.5   24.946 25.967 30.35  30.387 26.116 23.371 24.483 27.283 26.564 25.2   20.709   304.9      25.4 12
                         2000 21.387 23.896 24.419 27.633 28.451 30.533 28.096 24.887 24.2   24.371 21.666 18.774   298.3      24.9 12
                         2001 18.129 22.214 21.612 27.7   29.677 29.433 30.871 31.225 28.366 25.451 22     20.483   307.2      25.6 12
                         2002 20.322 21.607 25.064 27.466 28.58  27.1   25.58  25.871 23.466 23.258 19.55  18.871   286.7      23.9 12
                         2003 19.451 21.071 23.225 25     28.612 27.8   29.322 22.193 20.633 19.871 19.733 17.064   274.0      22.8 12
                         2004 24.096 22.206 24.612 24.6   26.225 26.3   30.612 31.064 29.3   27.064 19.4   17.483   303.0      25.2 12
                         2005 15.871        19.903 25.933 26.774 27.6   23.838 20.29  20.133 19.903 19.4   17.871   237.5      21.6 11
                         2006 24.387 22.142 24.322 27.033 27.258 25.9   32.161 20.645 20.633 20.645 17.233 14.871   277.2      23.1 12
                         2007 20.29  25.321 28     23.633 26.483 25.933 22.774 25.806 24.233 21.483 19.733 19       282.7      23.6 12
                         2008 20.225 19.103 20.064 25.733 26.709 25.266 31.612 22.645 28.1   27.064 20.033 19.096   285.7      23.8 12
                         2009 19.903 20.178        26.066 27.387 25.9   24.258 24.354 21.3   20.903 18.633 17.129   246.0      22.4 11
                         2010 20.806 20.321 20.548 24.333 27.967 27.433 30.483 22.58  22.466        18.966          235.9      23.6 10
                         2011 18.483 19.571 21.193 23.533 25.032 25     23.806 25.612 23.866 21.774 21.133 20.58    269.6      22.5 12
                         2012 19.769               27.5   27.064 23.766 21.903 22.8   22.533 23.516 21.833 22.193   232.9      23.3 10
                         2013 19.774 21.571 23.064 25.9   25.774 24.633 22.258 22.387        21.645        16.032   223.0      22.3 10
                         2014 14.451 19.035 20.193 26.066 25.612 23.033 21.516 23.096 22.733 20.741 18.033 18.225   252.7      21.1 12
                         2015 18.483        17.896 23.5   24.419 23.533 23.645 23.645 23.333 23.3   22.866 21.709   246.3      22.4 11
                         2016 18.064 21.103 22.677 24     25.871        23.58  22.193 22.966 22.483                 202.9      22.5  9

MINIMA                        14.451 17.379 17.896 19.833 21.967 22.733 19.225 20.29  19.566 17.822 16.666 14.871    17.5      17.5
MAXIMA                        24.774 25.321 28     30.35  30.838 30.533 32.161 31.225 31     30.322 25.2   22.193   307.2      25.6
MEDIA                         19.706 21.283 22.957 25.029 26.998 25.893 24.54  23.512 23.288 22.719 20.576 19.233   255.2      22.9
DESV. ESTANDAR                2.1126 2.0212 1.9999 2.1232 1.9348 1.8022 3.2948 2.3332 2.6186 2.4623 2.0598 1.7675    55.53      1.4


TEMP MEDIA MENS.
                         1975                                                                       9.5178            9.5       9.5  1
                         1976 11.871 15.741        12.733 20.338 18.833 16.975 15.709 15.033 13.822 10.733 11.459   163.3      14.8 11
                         1977 12.79         15.693                                                                   28.5      14.2  2
                         1978               15.959 19.325 20.354 19.008 18.854 17.483 16.371 14.871 12.583 12.129   166.9      16.7 10
                         1979 11.935 11.696 15.403 18.3   18.354 20.583 19.919 16.403 15.416 17.258 12.4   11       188.7      15.7 12
                         1980 11.241 11.62  15.483 14.858 21.151 20.525 18.854 17.338 17     16.193 13.416 10.548   188.2      15.7 12
                         1981 11.491 14.392 14.758 14.8   17.532 17.381 17.871 16.911 17.5   17.048 10.883 11.516   182.1      15.2 12
                         1982 10.854 12.241 13.725 16.225 17.548 17.916 14.838 16.733 15.883 14.096 13.083 10.169   173.3      14.4 12
                         1983 10.387 10.339 12.564 15.475 17.548 15.15  14.871 15.233 14.9   15.209 10.875 12.895   165.4      13.8 12
                         1984 11.322 10.043 12.29  16.566 16.225 18.133 11.983 16.822 14.7   11.475 10.408 11.161   161.1      13.4 12
                         1985 11.758 13.08  15.419 16.508 16.83  16.608 14.556 15.983 16.666 13.169 13.866 11.338   175.8      14.6 12
                         1986 12.161 12.214 14.621 16.641 19.112 15.566 14.209 19.322 15.916 14.935 14.033 12.483   181.2      15.1 12
                         1987 11.693 14.116 14.951 18     17.362 16.983 15.677 17.903 16.85  13.983 13.85  12.435   183.8      15.3 12
                         1988 11.475 14.551 15.475 15.516 21.403 17.733 16.137 15.564 15.733 14.532 14.366 11.532   184.0      15.3 12
                         1989 11.725 12.321 12.709 15.533 17.951 17.816 14.983 13.354 13.55  13.887 13.35  12.129   169.3      14.1 12
                         1990 12.258 11.321 14.612 16.233 18.306 16.483 15.814 13.419 13.283 12.935 12.35  11.145   168.2      14.0 12
                         1991 11.274 11.928 16.29  16.816 18.951 17.3   14.177 15.338 13.683 13.08  12.65  10.79    172.3      14.4 12
                         1992 8.7419 10.31  12.483 13.183 13.096 14.666 13.612 13.887 17.616 15.209 11.383 12.112   156.3      13.0 12
                         1993 11.161 12.696 12.596 14.15  17.338 18.066 17.225 16.209 15.666 14.596 13.433 11.645   174.8      14.6 12
                         1994 10.903 13.267 12.725 15.583 18.387 17.483 18.548 16.806 14.483 15.032 14.333 13.032   180.6      15.0 12
                         1995 10.806 12.857 15.483        20.274 19.366 14.529        13.666 15.177 13.783 11.967   147.9      14.8 10
                         1996 13     14.5   13.806 17.241 19.967 18.95  18.129 17.443 19.1   17.258 14.5   12.064   196.0      16.3 12
                         1997 15.088 13.464 14.354 15.083 17.387 19.425 18.354 17.983 17.516 15.104 10.95  9.3548   184.1      15.3 12
                         1998 11.33  12.5   16.161 19.8   22.621 20.433 20.112 18.871 23.233 22.411 15.875 12.927   216.3      18.0 12
                         1999 12.645 17.098 18.25  22.258 21.225 20.916 19.314 19.274 20.683 19.056 16.55  11.056   218.3      18.2 12
                         2000 12.209 14.569 15.903 19.7   20.258 22.183 20.483 19.371 19.591 18.693 15.55  12.556   211.1      17.6 12
                         2001 12.387 15.66  14.935 20.383 21.838 22.008 22.451 22.79  20.75  18.371 14.866 13.112   219.6      18.3 12
                         2002 12.919 13.91  17.596 20.616 21.838 21.25  20.403 20.354 19.5   18.548 15.041 12.225   214.2      17.9 12
                         2003 13.693 15.401 16.693 19.533 20.403 20.1   20.548 16.661 16.066 13.532 12.666 9.4838   194.8      16.2 12
                         2004 13.532 12.655 15.467 17.933 19.838 19.7   20.838 21.258 19.833 17.935 12.033 9.8145   200.8      16.7 12
                         2005 8.9516        12.04  17.133 18.225 19.733 17.322 15.516 15.116 13.838 12.083 10.532   160.5      14.6 11
                         2006 13.774 14.553 15.177 18.166 19.032 18.683 21.5   15.741 15.75  14.854 11.133 8.7096   187.1      15.6 12
                         2007 11.967 13.857 16.758 15.433 18.871 18.916 17.064 18.959 17.016 14.371 11.916 11.274   186.4      15.5 12
                         2008 10.903 11.241 11.79  16.5   18.354 18.266 21.258 16.741 19.183 17.548 11.266 10.467   183.5      15.3 12
                         2009 11.241 12.196        16.833 18.758 18.216 17.516 17.516 16     14.887 11.216 9.8225   164.2      14.9 11
                         2010 10.854 10.875 12.419 15.3   19.145 19.55  21.467 17.258 16.85         11.65           155.4      15.5 10
                         2011 10.112 11.732 13.241 15.916 17.661 17.7   16.435 17.483 16.583 15     14.025 12.564   178.5      14.9 12
                         2012 12.403               20.821 20.677 18.633 16.693 17.045 16.583 17.129 15.216 14.387   169.6      17.0 10
                         2013 12.854 13.982 14.838 16.15  19.725 18.15  16.806 16.887        15.903        10.459   155.8      15.6 10
                         2014 8.9209 12.357 13.503 18.15  19.322 17.85  16.629 16.919 17.183 14.919 12.083 11.519   179.4      14.9 12
                         2015 11.854        12.254 16.516 17.112 16.9   17.58  17.532 17.433 17.537 16.883 15.983   177.6      16.1 11
                         2016 11.79  13.327 14.871 17.15  18.851        17.274 16.532 17.05  16.629                 143.5      15.9  9

MINIMA                        8.7419 10.043 11.79  12.733 13.096 14.666 11.983 13.354 13.283 11.475 9.5178 8.7096     9.5       9.5
MAXIMA                        15.088 17.098 18.25  22.258 22.621 22.183 22.451 22.79  23.233 22.411 16.883 15.983   219.6      18.3
MEDIA                         11.707 13.017 14.56  17.001 18.979 18.542 17.545 17.142 16.793 15.642 12.995 11.573   171.8      15.3
DESV. ESTANDAR                1.2878 1.6547 1.6497 2.1292 1.8186 1.7335 2.5164 1.9235 2.1766 2.1208 1.7908 1.4012    39.27      1.6


TEMP MINIMA EXT.
                         1975                                                                       -5               -5.0      -5.0  1
                         1976 -1     1             1      11     10     7      6      5.5    2      1      2         45.5       4.1 11
                         1977 -1            2                                                                         1.0       0.5  2
                         1978               3      5      8      9.5    10     9      8      5      1      0         58.5       5.9 10
                         1979 1      0      2      5.5    3      9      10.5   8      3      2      0      0         44.0       3.7 12
                         1980 -1     0      3      -1     10.5   11     10     9      9      4      -1     0         53.5       4.5 12
                         1981 -2     1      2      1      8      6      8      7      7.5    7      -3     -3        39.5       3.3 12
                         1982 0      1      0      5      5      7      4      6      4      0      0      -3        29.0       2.4 12
                         1983 -4     -3     1      4      5      4      5      7      7      7      1      -1.5      32.5       2.7 12
                         1984 0      -1.5   2.5    4      3      8      3      7.5    6      3      -1     2         36.5       3.0 12
                         1985 -7     -3     2      4      7      7      3      6      8      2.5    1.5    2         33.0       2.8 12
                         1986 1      2      3      8      8      5      5      11     6      5      0      -3        51.0       4.3 12
                         1987 0      4      4      4      8      7      7      9      7      3      1      0         54.0       4.5 12
                         1988 -3     -1     2      2      12     7      8      7      3      3      0      0         40.0       3.3 12
                         1989 0      0      -3     3      5      6      4      3      2      1      2      -1        22.0       1.8 12
                         1990 1      1      1      3      4      4      0      3      3      2      1      -2        21.0       1.8 12
                         1991 -2     0      -1     3      5      4      5      7      4      2      2      0         29.0       2.4 12
                         1992 0      1      1      1      2      3      3      5      7      3      -3     2         25.0       2.1 12
                         1993 0      0      1      2      5      9      9      5      7      3      -1     -3        37.0       3.1 12
                         1994 0      1      0      0      4      6      7      9      5      6      2      -1        39.0       3.3 12
                         1995 -3     1      3             5      3      4             3      3      1      1         21.0       2.1 10
                         1996 1      2      0      5      8      9      9      9      9      5      2      0         59.0       4.9 12
                         1997 2      0      0      3      5      10     10     9      9      2      2      -6        46.0       3.8 12
                         1998 1      2      3      8      9      10     10     10     13.5   12     8      4         90.5       7.5 12
                         1999 3      6.5    8      11     10     13     13.5   12.5   12     7.5    6      -3       100.0       8.3 12
                         2000 -2     -2     2      10     10     12     10     10     11     11     5      1         78.0       6.5 12
                         2001 -2     4      4      9      10     13     11     11     10     8      5      1         84.0       7.0 12
                         2002 2      2      6      9      12     11     13     11     13     11     4      2         96.0       8.0 12
                         2003 4      3      3      9      10     10     9      9      7      3      2      -3        66.0       5.5 12
                         2004 -3     -4     2      3      9      10     8      8      1      5      1      -7        33.0       2.8 12
                         2005 -4            0.5    4      6      9      9      8      8      3      1      1         45.5       4.1 11
                         2006 -2     2      4      5      7      7      8      9      8      4      -4     -4        44.0       3.7 12
                         2007 -2     -3     3      3      8      9      9      9      7      5      1      2         51.0       4.3 12
                         2008 -4     -2     -2     5      6      9      8      9      7      4      -3     -5        32.0       2.7 12
                         2009 -3     2             4      8      8      8      9      5      5      1      -4        43.0       3.9 11
                         2010 -4     -4     -2     4      6      9      10     9      9             1                38.0       3.8 10
                         2011 -4     -3     -2     5      7      8      6      7      8      6      -0.5   2         39.5       3.3 12
                         2012 1                    8      10     11     9      9      9      10     6      4         77.0       7.7 10
                         2013 4      2      3      5      11     10     9      9             6             2         61.0       6.1 10
                         2014 0      2      0      6      8      11     10     6      10     6      1      0.2       60.2       5.0 12
                         2015 2             2      2      4      1      9      6      10     8      9      0         53.0       4.8 11
                         2016 -4     -2     -2     6      9             9      9      9      9                       43.0       4.8  9

MINIMA                        -7     -4     -3     -1     2      1      0      3      1      0      -5     -7        -5.0      -5.0
MAXIMA                        4      6.5    8      11     12     13     13.5   12.5   13.5   12     9      4        100.0       8.3
MEDIA                         -0.875 0.3333 1.6052 4.5769 7.2875 8.0897 7.75   8.0256 7.1923 4.9743 1.2051 -0.56     46.4       3.9
DESV. ESTANDAR                2.4618 2.3994 2.2695 2.8016 2.6357 2.8466 2.8911 2.0741 2.9438 2.9266 2.9729 2.6526    22.53      2.3


TEMP MINIMA PROM
                         1975                                                                       1.5357            1.5       1.5  1
                         1976 4.4838 6.2069        4.3333 12.645 12.5   10.629 7.8871 7.45   5.6129 3.7    3.7903    79.2       7.2 11
                         1977 3.1935        6.5967                                                                    9.8       4.9  2
                         1978               6.8387 11.116 12.419 12.216 12.096 11.048 10.826 8.7096 3.6333 3.258     92.2       9.2 10
                         1979 4.2903 3.3571 7.2419 9.6333 8.5161 12.866 12.661 10.548 8.5666 9.2258 3      2.5483    92.5       7.7 12
                         1980 2.3225 3.1724 6.7419 5.95   13.061 12.833 11.725 11.225 10.766 9.0322 5.5333 3.4193    95.8       8.0 12
                         1981 2.9193 5.6428 6.4516 9.7666 10.774 9.6    10.387 10.161 10.583 9.4516 3.2    1.9677    90.9       7.6 12
                         1982 3.2903 2.6785 3.4838 7.8833 7.8064 9.8333 7.1935 8.9838 8.3666 4.9032 4.2666 2.3387    71.0       5.9 12
                         1983 2.4354 2.0357 3.5806 7.4166 8.2258 6.7666 7.6774 9.1612 9.1666 8.9032 5.0833 4.0806    74.5       6.2 12
                         1984 1.9354 2.5    4.0483 9.5333 9.4516 10.783 3.9677 10.58  8.7833 5.129  2.3166 4.2419    73.3       6.1 12
                         1985 4.4193 4.4464 6.7258 9.2833 10.225 10.066 6.8387 8.4838 10.333 6.0161 5.7333 4.129     86.7       7.2 12
                         1986 3.2903 4.9642 6.1129 10.1   11.032 8.4    8.9032 12.451 9.1333 8.7096 6.6666 4.9193    94.7       7.9 12
                         1987 5.129  7.7678 8.129  9.4    9.6612 9.2833 9.6129 11.935 10.366 5.5806 4.8166 4.758     96.4       8.0 12
                         1988 2.3709 4.9655 6.5967 6.4666 14.645 10.666 10.145 10.225 10.066 7.0645 4.9333 2.9677    91.1       7.6 12
                         1989 2.9677 3.5714 2.1935 7.7666 8.3871 8.9333 6.5161 5.7419 5.6666 5.9032 5.6666 3.5806    66.9       5.6 12
                         1990 5.7096 3.9642 6.9354 7.2666 9.7741 8.1666 9.6774 5.9032 5.8666 5.9032 4.5333 2.9032    76.6       6.4 12
                         1991 3.4193 3.4642 7.8387 7.2333 9.4193 8.8666 9.129  8.8064 7.8    6.3225 5.7333 4.3225    82.4       6.9 12
                         1992 2.7419 3.2413 4.129  5.2666 4.2258 5.0666 4.4193 6.5161 9.9666 6.7741 4.2666 4.4838    61.1       5.1 12
                         1993 3.2258 2.9642 3.8709 4.6333 8.6451 10.733 10.774 9.7096 9.4333 6.7419 3.4333 1.7741    75.9       6.3 12
                         1994 2.7096 4.75   3.2903 5.0333 9.129  9.7    10.032 10.741 8.3    8.3225 6.6666 5.3548    84.0       7.0 12
                         1995 1.7096 3.625  5.7419        11.532 10.3   6.5384        4.7666 6      4.2666 2.7741    57.3       5.7 10
                         1996 3.8064 5.5172 4.4838 9.2833 11.354 12.133 11.871 11.677 12.133 9.2258 5.8    3.9677   101.3       8.4 12
                         1997 5.4032 4.5357 5.7096 7.4333 9.129  12.316 11.935 11.354 11.033 8.5161 3.4    2.8709    93.6       7.8 12
                         1998 3.9032 5.1428 8.7741 12.166 14.403 12.233 15.838 15.096 15.466 14.5   10.016 6.4354   134.0      11.2 12
                         1999 5.7903 9.25   10.532 14.166 12.064 15.716 15.258 14.064 14.083 11.548 7.9    1.4032   131.8      11.0 12
                         2000 3.0322 5.2413 7.3871 11.766 12.064 13.833 12.871 13.854 14.983 13.016 9.4333 6.3387   123.8      10.3 12
                         2001 6.6451 9.1071 8.258  13.066 14     14.583 14.032 14.354 13.133 11.29  7.7333 5.7419   131.9      11.0 12
                         2002 5.5161 6.2142 10.129 13.766 15.096 15.4   15.225 14.838 15.533 13.838 10.533 5.5806   141.7      11.8 12
                         2003 7.9354 9.7321 10.161 14.066 12.193 12.4   11.774 11.129 11.5   7.1935 5.6    1.9032   115.6       9.6 12
                         2004 2.9677 3.1034 6.3225 11.266 13.451 13.1   11.064 11.451 10.366 8.8064 4.6666 2.1451    98.7       8.2 12
                         2005 2.0322        4.1774 8.3333 9.6774 11.866 10.806 10.741 10.1   7.7741 4.7666 3.1935    83.5       7.6 11
                         2006 3.1612 6.9642 6.0322 9.3    10.806 11.466 10.838 10.838 10.866 9.0645 5.0333 2.5483    96.9       8.1 12
                         2007 3.6451 2.3928 5.5161 7.2333 11.258 11.9   11.354 12.112 9.8    7.258  4.1    3.5483    90.1       7.5 12
                         2008 1.5806 3.3793 3.5161 7.2666 10     11.266 10.903 10.838 10.266 8.0322 2.5    1.8387    81.4       6.8 12
                         2009 2.5806 4.2142        7.6    10.129 10.533 10.774 10.677 10.7   8.8709 3.8    2.5161    82.4       7.5 11
                         2010 0.9032 1.4285 4.2903 6.2666 10.322 11.666 12.451 11.935 11.233        4.3333           74.8       7.5 10
                         2011 1.7419 3.8928 5.2903 8.3    10.29  10.4   9.0645 9.3548 9.3    8.2258 6.9166 4.5483    87.3       7.3 12
                         2012 5.037                14.142 14.29  13.5   11.483 11.29  10.633 10.741 8.6    6.5806   106.3      10.6 10
                         2013 5.9354 6.3928 6.6129 6.4    13.677 11.666 11.354 11.387        10.161        4.8871    88.5       8.8 10
                         2014 3.3903 5.6785 6.8129 10.233 13.032 12.666 11.741 10.741 11.633 9.0967 6.1333 4.8129   106.0       8.8 12
                         2015 5.2258        6.6129 9.5333 9.8064 10.266 11.516 11.419 11.533 11.774 10.9   10.258   108.8       9.9 11
                         2016 5.5161 5.5517 7.0645 10.3   11.832        10.967 10.871 11.133 10.774                  84.0       9.3  9

MINIMA                        0.9032 1.4285 2.1935 4.3333 4.2258 5.0666 3.9677 5.7419 4.7666 4.9032 1.5357 1.4032     1.5       1.5
MAXIMA                        7.9354 9.7321 10.532 14.166 15.096 15.716 15.838 15.096 15.533 14.5   10.9   10.258   141.7      11.8
MEDIA                         3.7078 4.7516 6.164  8.9737 10.961 11.192 10.551 10.772 10.298 8.5645 5.4141 3.914     88.5       7.8
DESV. ESTANDAR                1.561  2.0162 1.9847 2.6905 2.2455 2.1865 2.6188 2.1343 2.3716 2.3671 2.2461 1.7431    26.91      2.0


