COMISIÓN NACIONAL DEL AGUA
COORDINACIÓN GENERAL DEL SERVICIO METEOROLÓGICO NACIONAL
PROYECTO DE BASES DE DATOS CLIMATOLÓGICOS
    
                         AÑO  ENE    FEB    MAR    ABR    MAY    JUN    JUL    AGO    SEP    OCT    NOV    DIC  ACUMULADO  MEDIA  MESES
00001106
LA PRIMAVERA, JESÚS MARÍ
DIAS CON GRANIZO
                         2001        0      0      0      0      0      0      0      0      0      0      0          0.0       0.0 11
                         2002 0      0      0      0      0      0      0      0      0      0      0      0          0.0       0.0 12
                         2003 0      0      0      0      0      0      0      0      0      0      0      0          0.0       0.0 12
                         2004 0      0      0      0      0      0      0      0      0      0      0      0          0.0       0.0 12
                         2005 0      0      0      0      0      0      0      0      0      0      0      0          0.0       0.0 12
                         2006 0      0      0      0      0      0      0      0      0      0      0      0          0.0       0.0 12
                         2007 0      0      0      0      0      0      0      0      0      0      0      0          0.0       0.0 12
                         2008 0      0      0      0      0      0      0      0      0      0      0      0          0.0       0.0 12
                         2009 0      0      0      0      0      0      0      0      0      0      0      0          0.0       0.0 12
                         2010 0      0      0      0      0      0      0      0      0      0      0      0          0.0       0.0 12
                         2011 0      0      0      0      0      0      3      9      0      0      0      0         12.0       1.0 12
                         2012 0      0      0      0      0      0      0      0      0      0      0      0          0.0       0.0 12
                         2013 0      0      0      0      0      0      0      0      0      0      0                 0.0       0.0 11
                         2014        0      0      0      0      0      0      0      0      0      0      0          0.0       0.0 11
                         2015 0      0      0                    0             0      0      0             0          0.0       0.0  8
                         2016 0      0      0      0      0      0      0      0      0      0      0      0          0.0       0.0 12
                         2017 0      0      0      0      0      0      0      0      0      0      0      0          0.0       0.0 12
                         2018 0      0      0      0      0      0             0      0             0      0          0.0       0.0 10
                         2019 0      0      0                                                                         0.0       0.0  3
                         2020                                           0      0      0      0      0      0          0.0       0.0  6
                         2021 0      0      0      0      0      0      0      0      0      0                        0.0       0.0 10

MINIMA                        0      0      0      0      0      0      0      0      0      0      0      0          0.0       0.0
MAXIMA                        0      0      0      0      0      0      3      9      0      0      0      0         12.0       1.0
MEDIA                         0      0      0      0      0      0      0.1666 0.45   0      0      0      0          0.6       0.0
DESV. ESTANDAR                0      0      0      0      0      0      0.7071 2.0124 0      0      0      0          2.62      0.2


DIAS CON NIEBLA 
                         2001        0      0      0      0      0      0      0      0      0      0      0          0.0       0.0 11
                         2002 0      0      0      0      0      0      0      0      0      0      0      0          0.0       0.0 12
                         2003 0      0      0      0      0      0      0      0      0      0      0      0          0.0       0.0 12
                         2004 0      0      0      0      0      0      0      0      1      1      0      0          2.0       0.2 12
                         2005 0      0      0      0      0      0      0      0      0      0      0      0          0.0       0.0 12
                         2006 0      0      0      0      0      0      0      0      0      0      2      0          2.0       0.2 12
                         2007 0      0      0      0      0      0      0      0      0      0      0      0          0.0       0.0 12
                         2008 0      0      0      0      0      0      0      0      0      0      0      0          0.0       0.0 12
                         2009 0      0      0      0      0      0      0      0      0      0      0      0          0.0       0.0 12
                         2010 0      0      0      0      0      0      0      0      0      0      0      0          0.0       0.0 12
                         2011 0      0      0      0      0      0      0      0      0      0      0      0          0.0       0.0 12
                         2012 0      0      0      0      0      0      0      0      0      0      0      0          0.0       0.0 12
                         2013 1      0      0      0      0      0      0      1      0      0      0                 2.0       0.2 11
                         2014        0      0      0      0      0      0      0      0      0      0      0          0.0       0.0 11
                         2015 0      0      0                    0             0      0      0             0          0.0       0.0  8
                         2016 0      0      0      0      0      0      0      1      0      0      0      0          1.0       0.1 12
                         2017 0      0      0      0      0      0      0      0      0      0      0      0          0.0       0.0 12
                         2018 0      0      0      0      0      0             0      0             0      1          1.0       0.1 10
                         2019 0      0      0                                                                         0.0       0.0  3
                         2020                                           7      0      6      0      0      0         13.0       2.2  6
                         2021 0      0      0      0      0      0      0      0      0      0                        0.0       0.0 10

MINIMA                        0      0      0      0      0      0      0      0      0      0      0      0          0.0       0.0
MAXIMA                        1      0      0      0      0      0      7      1      6      1      2      1         13.0       2.2
MEDIA                         0.0555 0      0      0      0      0      0.3888 0.1    0.35   0.0526 0.1111 0.0555     1.0       0.1
DESV. ESTANDAR                0.2357 0      0      0      0      0      1.6499 0.3077 1.3484 0.2294 0.4714 0.2357     2.85      0.5


DIAS CON TORMEN.
                         2001        0      0      0      0      0      0      0      0      0      0      0          0.0       0.0 11
                         2002 0      0      0      0      0      0      0      0      0      0      0      0          0.0       0.0 12
                         2003 0      0      0      0      0      0      0      0      0      0      0      0          0.0       0.0 12
                         2004 0      0      0      0      0      0      0      0      0      0      0      0          0.0       0.0 12
                         2005 0      0      0      0      0      0      0      0      0      0      0      0          0.0       0.0 12
                         2006 0      0      0      0      0      0      0      0      0      0      0      0          0.0       0.0 12
                         2007 0      0      0      0      0      0      0      0      0      0      0      0          0.0       0.0 12
                         2008 0      0      0      0      0      0      0      0      0      0      0      0          0.0       0.0 12
                         2009 0      0      0      0      0      0      0      0      0      0      0      0          0.0       0.0 12
                         2010 0      0      0      0      0      0      0      0      0      0      0      0          0.0       0.0 12
                         2011 0      0      0      0      0      0      0      0      0      0      0      0          0.0       0.0 12
                         2012 0      0      0      0      0      0      0      1      0      0      0      0          1.0       0.1 12
                         2013 0      0      0      0      0      0      0      0      0      0      0                 0.0       0.0 11
                         2014        0      0      0      0      0      0      0      0      0      0      0          0.0       0.0 11
                         2015 0      0      0                    0             0      0      0             0          0.0       0.0  8
                         2016 0      0      0      0      0      0      0      0      0      0      0      0          0.0       0.0 12
                         2017 0      0      0      0      0      0      0      0      0      0      0      0          0.0       0.0 12
                         2018 0      0      0      0      0      0             0      0             0      0          0.0       0.0 10
                         2019 0      0      0                                                                         0.0       0.0  3
                         2020                                           0      0      0      0      0      0          0.0       0.0  6
                         2021 0      0      0      0      0      0      0      0      0      0                        0.0       0.0 10

MINIMA                        0      0      0      0      0      0      0      0      0      0      0      0          0.0       0.0
MAXIMA                        0      0      0      0      0      0      0      1      0      0      0      0          1.0       0.1
MEDIA                         0      0      0      0      0      0      0      0.05   0      0      0      0          0.0       0.0
DESV. ESTANDAR                0      0      0      0      0      0      0      0.2236 0      0      0      0          0.22      0.0


EVAPORACION MEN.
                         2001        137.93 188.41 232.15 186.71 166.64 188.6  181.64 135.31 154.61 146.51 167.71 1,886.2     171.5 11
                         2002 170.62 138.89 216.77 251.72 239.03 199.71 188.18 159.93 125.17 105.88 115.53 119.98 2,031.4     169.3 12
                         2003 141.2  154.03 205.52 263.93 213.06 196.94 168.03 149.38 114.09 121.93 125.48 128.45 1,982.0     165.2 12
                         2004 113.99 148.67 189.94 186.1  164.3  143.6  134.86 127.29 104.41 77.58  108.68 111.05 1,610.5     134.2 12
                         2005 131.03 128.64 227.23 247.85 185.23 245.78 194.32 134.7  117.23 106.55 119.27 112.85 1,950.7     162.6 12
                         2006 124.68 107.5  226.01 274.1  254.74 215.99 190.59 138.32 117.9  93.37  99.59  97.5   1,940.3     161.7 12
                         2007 77.19  125.55        203.01                                    150.82 125.61 146.16   828.3     138.1  6
                         2008 143.59 155.92 249.27 233.15 243.31        100.84 125.76 130.51 122.84 120.34 136.23 1,761.8     160.2 11
                         2009 138.09 162.07 219.74 260.58 242.68 216.85 189.03 168.91 140.99 149.22 106.7  117.73 2,112.6     176.0 12
                         2010 130.93 132.5  165.55 230.22 281.1  175.96 138.8  159.39 132.7  121.97        121.6  1,790.7     162.8 11
                         2011                                           141.15               109.61        126.5    377.3     125.8  3
                         2012 114.44                             165.62        136.18 135.83 142.9  94.96  133.5    923.4     131.9  7
                         2013 138    165.29 243.1  283.38 289.79 214.07 135.66 113.96 78.61  40.68  40.93         1,743.5     158.5 11
                         2014        95.1   203.95 216.85 177.4  148.2  143.92        87.32  90.95         85.92  1,249.6     138.8  9
                         2015                                    122.23               102.86                        225.1     112.5  2
                         2016               126.1                134.94 173.56 114.5  75.9   82.6   65.45           773.1     110.4  7
                         2017                                           168.24 174.1  108.45 78.55                  529.3     132.3  4
                         2020                                                         123.4  115.3  111.5  129.1    479.3     119.8  4
                         2021 119    111.1  194.4  179.1  190.2  196.6                                              990.4     165.1  6

MINIMA                        77.19  95.1   126.1  179.1  164.3  122.23 100.84 113.96 75.9   40.68  40.93  85.92    225.1     110.4
MAXIMA                        170.62 165.29 249.27 283.38 289.79 245.78 194.32 181.64 140.99 154.61 146.51 167.71 2,112.6     176.0
MEDIA                         128.56 135.63 204.3  235.54 222.29 181.65 161.12 144.92 114.41 109.72 106.19 123.87 1,325.6     147.2
DESV. ESTANDAR                22.367 21.815 33.032 32.538 41.928 36.331 28.628 22.39  20.298 30.637 27.319 19.997   649.22     21.2


LLUVIA MAX 24 H.
                         2001        3.5    20.8   6.2    5      14     20.1   12     20.7   15     0      2.5      119.8      10.9 11
                         2002 20     13.5   0      0      7      15.7   21     40     20.7   20.3   0      0        158.2      13.2 12
                         2003 2.5    0      0      0      0      69     35.1   13.7   40     0      0      0        160.3      13.4 12
                         2004 17.5   0      10     0      17     70     15     31     23     4      0      0        187.5      15.6 12
                         2005 0      23.6   4      0      8      23     24     23     28     10     0      0        143.6      12.0 12
                         2006 8      0      0      0      20     18     25     61     26     40     20     16.6     234.6      19.6 12
                         2007 8      17     0      5      0      53     35     20     24     0      8.8    0        170.8      14.2 12
                         2008 0      0      0      5      4      1      36     32     11     0      0      0         89.0       7.4 12
                         2009 0      0      0      0      22     20     15     80     31.5   21.6   0      7        197.1      16.4 12
                         2010 14     74     0      0      1      10     27     31     28     0      0      0        185.0      15.4 12
                         2011 0      0      0      0      0      21     48     106.4  46     23     0      0        244.4      20.4 12
                         2012 14.5   15     0      0      9      16     31     25     27     5      2      16       160.5      13.4 12
                         2013 60     0      0      0      11     29     43     17     55     7      10              232.0      21.1 11
                         2014        0      0      0      12     30     50     19     56     21     23     3        214.0      19.5 11
                         2015 2      17     30                   52            20     35     46            32       234.0      29.3  8
                         2016 0      9.2    9      5      2      40     40     32     12     0      20     0        169.2      14.1 12
                         2017 0      0      0      0      0      40     40     46     45     20     0      49       240.0      20.0 12
                         2018 6      20            0      9             14     20     43            38     0        150.0      16.7  9
                         2019 3             0                                                                         3.0       1.5  2
                         2020                                           60.9   51.9   58     0      0      19.5     190.3      31.7  6
                         2021 5.5    0      0      2.4    16.7   30.1   89.9   41.5   46.5   20.3                   252.9      25.3 10

MINIMA                        0      0      0      0      0      1      14     12     11     0      0      0          3.0       1.5
MAXIMA                        60     74     30     6.2    22     70     89.9   106.4  58     46     38     49       252.9      31.7
MEDIA                         8.9444 10.147 3.8842 1.3111 7.9833 30.655 35.263 36.125 33.82  13.326 6.7666 8.0888   177.9      16.7
DESV. ESTANDAR                14.319 17.573 8.3099 2.2785 7.2383 19.701 18.488 23.818 14.176 13.779 11.194 13.769    59.21      6.9


LLUVIA TOTAL MEN
                         2001        3.5    23.3   14.2   20.4   80     86.4   67.3   85.7   27     0      2.5      410.3      37.3 11
                         2002 20     37.6   0      0      11.5   49.3   71.8   96.6   96.2   42.3   0      0        425.3      35.4 12
                         2003 2.5    0      0      0      0      147.3  179.7  37.8   93.5   0      0      0        460.8      38.4 12
                         2004 39     0      31.4   0      38     222    52     114    156.5  10     0      0        662.9      55.2 12
                         2005 0      50.1   5      0      8      36     141    158    77     19     0      0        494.1      41.2 12
                         2006 8      0      0      0      26     43     50     164    108    91     26.4   23.6     540.0      45.0 12
                         2007 15     43     0      6      0      192    153    40     33     0      8.8    0        490.8      40.9 12
                         2008 0      0      0      5      5      2      146    215.8  32     0      0      0        405.8      33.8 12
                         2009 0      0      0      0      46     84     42     124    172.6  86.5   0      12       567.1      47.3 12
                         2010 26     133    0      0      2      37.4   110    115    113    0      0      0        536.4      44.7 12
                         2011 0      0      0      0      0      56     82     157.4  59     39.5   0      0        393.9      32.8 12
                         2012 20.5   39     0      0      14     57     141    75     67     11     2      16       442.5      36.9 12
                         2013 69     0      0      0      11     134    289    57     178.8  12     32              782.8      71.2 11
                         2014        0      0      0      55     111    114.5  56     135    36.3   26.2   3        537.0      48.8 11
                         2015 2      40     36                   258           95     141    89            32       693.0      86.6  8
                         2016 0      9.2    9      5      3      123    214.3  176.5  34.5   0      43     0        617.5      51.5 12
                         2017 0      0      0      0      0      71     225.5  177    164.5  32     0      49       719.0      59.9 12
                         2018 6      20            0      27            17     52     153           45.3   0        320.3      35.6  9
                         2019 3             0                                                                         3.0       1.5  2
                         2020                                           205.8  150.1  161.9  0      0      21.4     539.2      89.9  6
                         2021 5.5    0      0      3.7    53.6   136.6  264.7  145    221.9  40.9                   871.9      87.2 10

MINIMA                        0      0      0      0      0      2      17     37.8   32     0      0      0          3.0       1.5
MAXIMA                        69     133    36     14.2   55     258    289    215.8  221.9  91     45.3   49       871.9      89.9
MEDIA                         12.027 19.757 5.5105 1.8833 17.805 102.2  136.08 113.67 114.2  28.236 10.205 8.8611   519.7      48.6
DESV. ESTANDAR                18.066 33.05  11.435 3.7376 18.979 69.59  77.967 52.828 54.483 31.05  16.297 14.228   182.21     21.1


TEMP MAXIMA EXT.
                         2001        28     28     33     33     31     32     31     28     28     26     26       324.0      29.5 11
                         2002 27     27     31     34     35     32     31     29     29     28     26     26       355.0      29.6 12
                         2003 29     29     31     33     36     32     29     29     29     27     27     26       357.0      29.8 12
                         2004 24     26     30     32     32     29     29     29     27     29     27     25       339.0      28.3 12
                         2005 26     28     29     32     31     35     32     26     28     28     27     26       348.0      29.0 12
                         2006 26     33     30     32     32     32     30     27     26     29     25     26       348.0      29.0 12
                         2007 24     28     29     31     32     32     27     26     28     28     27     26       338.0      28.2 12
                         2008 26     29     29     34     34     33     27     27     29     27     26     26       347.0      28.9 12
                         2009 26     29     29     31     34     32     32     32     29     27     26     26       353.0      29.4 12
                         2010 23     23     26     29     33     34     28     28     28     28     27     24       331.0      27.6 12
                         2011 24     28     30     31     34     32     28     30     28     26     26     25       342.0      28.5 12
                         2012 26     27     28     31     32     30     28     28     26     27     25     24       332.0      27.7 12
                         2013 25     26     30     30     32     32     28     27     24     29     26              309.0      28.1 11
                         2014        26     30     29     29     26     27     28     26     27     24     28       300.0      27.3 11
                         2015 24     28     26                   31            28     28     27            28       220.0      27.5  8
                         2016 24     28     28     31     33     30     29     28     28     29     28     25       341.0      28.4 12
                         2017 27     28     27     30     33     32     26     27     33     26     30     26       345.0      28.8 12
                         2018 24     28            31     35            29     28     27            25     25       252.0      28.0  9
                         2019 25            32                                                                       57.0      28.5  2
                         2020                                           31     29     28.5   31     29     26       174.5      29.1  6
                         2021 28     29     31     33     34     34     28     29     26     29                     301.0      30.1 10

MINIMA                        23     23     26     29     29     26     26     26     24     26     24     24        57.0      27.3
MAXIMA                        29     33     32     34     36     35     32     32     33     31     30     28       357.0      30.1
MEDIA                         25.444 27.789 29.157 31.5   33     31.611 29     28.3   27.775 27.894 26.5   25.777   305.4      28.6
DESV. ESTANDAR                1.6169 1.9315 1.6754 1.5048 1.6449 2.0332 1.8559 1.5252 1.8098 1.2425 1.4652 1.0602    74.12      0.8


TEMP MAXIMA PROM
                         2001        24.214 24.419 29.633 28.596 27.7   28.548 26.774 24.666 24.161 22.633 22       283.3      25.8 11
                         2002 22.548 22.642 26.774 30.266 30.967 28.133 27.548 25.806 25.166 24.871 21.833 20.903   307.5      25.6 12
                         2003 22.806 24.321 27.096 29.7   32.58  29.3   25.387 25.58  24.133 24.322 24.366 22.29    311.9      26.0 12
                         2004 19.774 22     25.225 26.766 28.709 24.366 24.966 25.193 23.766 24.903 23.6   20.258   289.5      24.1 12
                         2005 21.612 21.071 23.596 28.5   29     30.833 26.225 23.322 24.6   24.29  24.066 21.741   298.9      24.9 12
                         2006 21.806 24.821 26.322 29.3   28.871 25.8   25.225 23.483 23.866 22.774 21.9   20.258   294.4      24.5 12
                         2007 19.259 21.923 25.518 27.074 28.727 26.857 23.387 24.428 24.6   24.774 24.4   22.451   293.4      24.5 12
                         2008 21.903 24.172 24.467 29.733 29.838 28.045 23.375 24     25.033 25.129 22.5   21.58    299.8      25.0 12
                         2009 22.322 24.107 26.129 28.433 29.419 28.5   27.483 28.483 27.066 23.612 21.133 20.225   306.9      25.6 12
                         2010 18     19.678 23.354 26.4   26.516 25.766 23.451 24.806 23.533 24.132 22.766 21.58    280.0      23.3 12
                         2011 21     23.928 25.322 24.933 29.032 26.733 22.451 23.903 23.115 23.111 23.461 21.8     288.8      24.1 12
                         2012 19.714 19.653 24.5   22.2   24.827 24.925 21.964 22.928 21.6   23.032 22.1   20.516   268.0      22.3 12
                         2013 20.322 22.964 24.161 28.4   25.903 28.4   20.258 19.407 20.035 20.884 19.846          250.6      22.8 11
                         2014        23.642 22.322 22.533 21.79  20.433 23.612 23.741 22     23.193 20.6   20.903   244.8      22.3 11
                         2015 20.428 20.954 19.88                22.555        21.958 21.6   20.956        20.5     168.8      21.1  8
                         2016 19.806 23.413 23.645 27.033 30.419 25.033 23.58  22.677 24.233 23.258 20.5   22.645   286.2      23.9 12
                         2017 20.935 20.928 20.193 21.233 24.354 23.8   20.677 21.193 22.866 21.645 24.541 21.518   263.9      22.0 12
                         2018 20.782 23.333        28.208 28.863        24.636 25.59  22.227        21.863 20.333   215.8      24.0  9
                         2019 21.59         28.333                                                                   49.9      25.0  2
                         2020                                           27.225 25.774 25.583 27.741 24.716 22       153.0      25.5  6
                         2021 21.483 25.392 29.451 30.066 28.758 27.6   24.661 24.822 23.5   25                     260.7      26.1 10

MINIMA                        18     19.653 19.88  21.233 21.79  20.433 20.258 19.407 20.035 20.884 19.846 20.225    49.9      21.1
MAXIMA                        22.806 25.392 29.451 30.266 32.58  30.833 28.548 28.483 27.066 27.741 24.716 22.645   311.9      26.1
MEDIA                         20.894 22.798 24.774 27.245 28.176 26.376 24.456 24.193 23.659 23.778 22.601 21.305   257.9      24.2
DESV. ESTANDAR                1.2621 1.7055 2.4212 2.8142 2.5954 2.5633 2.2973 2.0295 1.6262 1.6132 1.506  0.8251    64.04      1.4


TEMP MEDIA MENS.
                         2001        15.642 15.5   19.916 20.314 20.35  20.822 20.161 18.783 16.629 14.533 14       196.7      17.9 11
                         2002 12.983 13.91  17.129 20.55  21.758 20.65  20.209 19.612 18.95  17.887 14.458 12.371   210.5      17.5 12
                         2003 13.419 15.785 17.29  20.033 22.516 21.816 19.983 19.419 19.2   17.935 15.85  12.419   215.7      18.0 12
                         2004 11.145 12.724 16.532 17.683 20.193 19.266 19.233 19.532 18.866 18.209 15     12.371   200.8      16.7 12
                         2005 13.419 14.16  15.153 19.416 20.75  22.466 20.596 18.741 19.05  17.903 15.433 13.516   210.6      17.6 12
                         2006 13.177 15.732 17.371 20.266 20.677 20     19.919 18.967 18.933 17.419 14.65  12.871   210.0      17.5 12
                         2007 13.148 13.884 17.163 18.358 20.435 20.714 18.854 19.232 18.665 17.451 15.2   13.161   206.3      17.2 12
                         2008 12.419 14.482 15.153 19.683 20.741 21.181 18.907 18.629 18.733 17.322 14.033 11.387   202.7      16.9 12
                         2009 13.645 14.678 16.419 19.133 21.032 21.583 20.725 21.451 18.8   15.677 13.666 11.645   208.5      17.4 12
                         2010 11.032 12.625 15.193 17.633 19.193 20     19.661 19.951 19.333 15.937 13.85  12.225   196.6      16.4 12
                         2011 12.338 15.142 16.741 17.616 21.048 20.55  18.564 19.08  18     16.851 14.97  13.766   204.7      17.1 12
                         2012 12.535 13.769 16.509 15.734 18.706 19.338 18.426 18.412 17.483 16.629 14.9   13.048   195.5      16.3 12
                         2013 13.5   15.035 15.338 19.366 18.741 21.45  17.064 16.259 17.339 16.057 14.538          184.7      16.8 11
                         2014        14.517 14.871 16.15  16.895 16.966 18.048 18.274 17.633 16.854 13.966 12.822   177.0      16.1 11
                         2015 13.593 13.84  13.76                18.351        17.299 17.374 16.29         12.818   123.3      15.4  8
                         2016 10.79  13.879 15.354 18.4   21.516 19.3   18.612 18.548 18.566 16.983 14.433 14.467   200.9      16.7 12
                         2017 12.709 13.553 13.903 15.3   18.29  19.266 17.451 17.919 18.05  16.08  15.314 13.913   191.8      16.0 12
                         2018 12.565 15.69         19.278 20.477        18.5   19.045 18.018        14.409 12.381   150.4      16.7  9
                         2019 13.295        17.881                                                                   31.2      15.6  2
                         2020                                           20.048 19.193 18.491 18.846 15.133 12.467   104.2      17.4  6
                         2021 11.983 14.241 17.79  19.233 19.395 20.133 18.725 18.5   17.816 17.29                  175.1      17.5 10

MINIMA                        10.79  12.625 13.76  15.3   16.895 16.966 17.064 16.259 17.339 15.677 13.666 11.387    31.2      15.4
MAXIMA                        13.645 15.785 17.881 20.55  22.516 22.466 20.822 21.451 19.333 18.846 15.85  14.467   215.7      18.0
MEDIA                         12.65  14.384 16.055 18.541 20.149 20.188 19.176 18.911 18.404 17.066 14.685 12.869   180.8      16.9
DESV. ESTANDAR                0.9009 0.9486 1.2472 1.5685 1.3814 1.3295 1.0851 1.0796 0.6339 0.8586 0.59   0.8216    44.99      0.7


TEMP MINIMA EXT.
                         2001        2      3      5      9      10     12     10     10     4      3      0         68.0       6.2 11
                         2002 -2     0      4      6      10     10     11     12     10     5.5    0      -1        65.5       5.5 12
                         2003 -3     2      0      6      11     11     12     11     11     6      1      -6        62.0       5.2 12
                         2004 -3     -1     5      5      9      11     11     12     10     8      0      -2        65.0       5.4 12
                         2005 2      1      3      6      9      11     13     12     9      4      2      2         74.0       6.2 12
                         2006 -2     2      6      9      11     12     11     12     11     5      1      -5        73.0       6.1 12
                         2007 1      2      6      5      9      11     12     12     9      2      2      0         71.0       5.9 12
                         2008 -3     1      1      6      9      11     10     10     8      6      3      -3        59.0       4.9 12
                         2009 2      0      3      7      10     11     11     12     8      5      3      0         72.0       6.0 12
                         2010 -2     -1     3      5      6      6      14     12     11     1      -1     0         54.0       4.5 12
                         2011 0      2      4      6      10     1      6      12     7      6      -2     4         56.0       4.7 12
                         2012 2      3      6      6      10     10     13     11     10     7      5      3         86.0       7.2 12
                         2013 3      3      -2     4      8      12     11     11     11     7      1                69.0       6.3 11
                         2014        1      1      7      0      4      4      10     6      6      3      0         42.0       3.8 11
                         2015 2      3      2                    12            9      9      7             1         45.0       5.6  8
                         2016 -1     -1     1      4      10     11     11     12     7      6      4      0         64.0       5.3 12
                         2017 1      4      5      6      6      11     12     12     9      3      2      -1        70.0       5.8 12
                         2018 -2     4      5      6      9      12     10     10     11            0      -2        63.0       5.7 11
                         2019 0      2      4                                                                         6.0       2.0  3
                         2020                                           10     1.5    8      6      1      0         26.5       4.4  6
                         2021 -2     -2     4      4      5      10     9      9      10     4                       51.0       5.1 10

MINIMA                        -3     -2     -2     4      0      1      4      1.5    6      1      -2     -6         6.0       2.0
MAXIMA                        3      4      6      9      11     12     14     12     11     8      5      4         86.0       7.2
MEDIA                         -0.388 1.35   3.2    5.7222 8.3888 9.8421 10.684 10.625 9.25   5.1842 1.5555 -0.555    59.1       5.3
DESV. ESTANDAR                2.0619 1.7252 2.1667 1.2274 2.6819 2.9488 2.3582 2.3999 1.5174 1.8044 1.7895 2.4786    17.81      1.1


TEMP MINIMA PROM
                         2001        7.0714 6.5806 10.2   12.032 13     13.096 13.548 12.9   9.0967 6.4333 6        110.0      10.0 11
                         2002 3.4193 5.1785 7.4838 10.833 12.548 13.166 12.871 13.419 12.733 10.903 7.0833 3.8387   113.5       9.5 12
                         2003 4.0322 7.25   7.4838 10.366 12.451 14.333 14.58  13.258 14.266 11.548 7.3333 2.5483   119.5      10.0 12
                         2004 2.5161 3.4482 7.8387 8.6    11.677 14.166 13.5   13.871 13.966 11.516 6.4    4.4838   112.0       9.3 12
                         2005 5.2258 7.25   6.7096 10.333 12.5   14.1   14.967 14.161 13.5   11.516 6.8    5.2903   122.4      10.2 12
                         2006 4.5483 6.6428 8.4193 11.233 12.483 14.2   14.612 14.451 14     12.064 7.4    5.4838   125.5      10.5 12
                         2007 7.037  5.8461 8.8076 9.6428 12.142 14.571 14.322 14.035 12.73  10.129 6      3.8709   119.1       9.9 12
                         2008 2.9354 4.7931 5.8387 9.6333 11.645 14.318 14.44  13.258 12.433 9.5161 5.5666 1.1935   105.6       8.8 12
                         2009 4.9677 5.25   6.7096 9.8333 12.645 14.666 13.967 14.419 10.533 7.7419 6.2    3.0645   110.0       9.2 12
                         2010 4.0645 5.5714 7.0322 8.8666 11.871 14.233 15.871 15.096 15.133 7.7419 4.9333 2.8709   113.3       9.4 12
                         2011 3.6774 6.3571 8.1612 10.3   13.064 14.366 14.677 14.258 12.884 10.592 6.48   5.7333   120.6      10.0 12
                         2012 5.3571 7.8846 8.5185 9.2692 12.586 13.75  14.888 13.896 13.366 10.225 7.7    5.5806   123.0      10.3 12
                         2013 6.6774 7.1071 6.5161 10.333 11.58  14.5   13.871 13.111 14.642 11.23  9.2307          118.8      10.8 11
                         2014        5.3928 7.4193 9.7666 12     13.5   12.483 12.806 13.266 10.516 7.3333 4.7419   109.2       9.9 11
                         2015 6.7586 6.7272 7.64                 14.148        12.64  13.148 11.625        5.1363    77.8       9.7  8
                         2016 1.7741 4.3448 7.0645 9.7666 12.612 13.566 13.645 14.419 12.9   10.709 8.3666 6.2903   115.5       9.6 12
                         2017 4.4838 6.1785 7.6129 9.3666 12.225 14.733 14.225 14.645 13.233 10.516 6.0869 6.3076   119.6      10.0 12
                         2018 4.3478 8.0476 6.8571 10.347 12.09  14.142 12.363 12.5   13.809        6.9545 4.4285   105.9       9.6 11
                         2019 5      6.5    7.4285                                                                   18.9       6.3  3
                         2020                                           12.871 12.612 11.4   9.9516 5.55   2.9354    55.3       9.2  6
                         2021 2.4838 3.0892 6.129  8.4    10.032 12.666 12.79  12.177 12.133 9.5806                  89.5       8.9 10

MINIMA                        1.7741 3.0892 5.8387 8.4    10.032 12.666 12.363 12.177 10.533 7.7419 4.9333 1.1935    18.9       6.3
MAXIMA                        7.037  8.0476 8.8076 11.233 13.064 14.733 15.871 15.096 15.133 12.064 9.2307 6.3076   125.5      10.8
MEDIA                         4.4059 5.9965 7.3126 9.8385 12.121 14.006 13.897 13.629 13.149 10.353 6.7695 4.4333   105.0       9.6
DESV. ESTANDAR                1.4952 1.3685 0.795  0.7472 0.6582 0.5798 0.9645 0.8192 1.0619 1.2186 1.0477 1.4578    25.81      0.9


