COMISIÓN NACIONAL DEL AGUA
COORDINACIÓN GENERAL DEL SERVICIO METEOROLÓGICO NACIONAL
PROYECTO DE BASES DE DATOS CLIMATOLÓGICOS
    
                         AÑO  ENE    FEB    MAR    ABR    MAY    JUN    JUL    AGO    SEP    OCT    NOV    DIC  ACUMULADO  MEDIA  MESES
00001089
PRESA 50 ANIVERSARIO, SA
DIAS CON GRANIZO
                         1980                                                                       0      0          0.0       0.0  2
                         1981 0      0      0      0      0      0      0      0      0      0      0      0          0.0       0.0 12
                         1982 0      0      0      0      0      0      0      0      0      0      0      0          0.0       0.0 12
                         1983 0      0      0      0      0      0      0      0      0      0      0      0          0.0       0.0 12
                         1984 0      0      0      0      0      0      0      0      0      0      0      0          0.0       0.0 12
                         1985 0      0      0      0      0      0      0      0      0      0      0      0          0.0       0.0 12
                         1986 0      0      0      0      0      0      0      0      0      0      0      0          0.0       0.0 12
                         1987 0      0      0      0      0      0      0      0      0      0      0      0          0.0       0.0 12
                         1988 0      0      0      0      0      0      0      0      0      0      0      0          0.0       0.0 12
                         1989 0      0      0      0      0      0      0      0      0      0      0      0          0.0       0.0 12
                         1990 0      0      0      0      0      0      0      0      0      0      0      0          0.0       0.0 12
                         1991 0      0      0      0      0      0      0      0      0      0      0      0          0.0       0.0 12
                         1992 0      0      0      0      0      0      0      0      0      0      0      0          0.0       0.0 12
                         1993 0      0      0      0      0      0      0      0      0      0      0      0          0.0       0.0 12
                         1994 0      0      0      0      0      0      0      0      0      0      0      0          0.0       0.0 12
                         1995 0      0      0      0      0      0      0      0      0      0      0      0          0.0       0.0 12
                         1996 0      0      0      0      0      0      0      0      0      0      0      0          0.0       0.0 12
                         1997 0      0      0      0      0      0      0      0      0      0      0      0          0.0       0.0 12
                         1998 0      0      0                    0      0      0      0      0      0      0          0.0       0.0 10
                         1999 0      0      0      0      0      0      0      0      0      0      0      0          0.0       0.0 12
                         2000 0      0      0      0      0      0      0      0      0      0      0      0          0.0       0.0 12
                         2001 0      0      0      0      0      0      0      0      0      0             0          0.0       0.0 11
                         2002 0      0      0      0      0      0      0      0      0      0      0      0          0.0       0.0 12
                         2003 0      0      0      0      0      0      0      0      0      0      0      0          0.0       0.0 12
                         2004 0      0      0      0      0      0      0      0      0      0      0      0          0.0       0.0 12
                         2005 0      0      0      0      0      0      0      0      0      0      0      0          0.0       0.0 12
                         2006 0      0      0      0      0      0      0      0      0      0      0      0          0.0       0.0 12
                         2007 0      0      0      0      0      0      0      0      0      0      0      0          0.0       0.0 12
                         2008 0      0      0      0      0      0      0      0      0      0      0      0          0.0       0.0 12
                         2010 0      0      0      0      0      0      0                                             0.0       0.0  7
                         2014 0      0      0      0      0      0      0      0      0      0      0      0          0.0       0.0 12
                         2015 0      0      0      0      0      0      0      0      0      0      0      0          0.0       0.0 12
                         2016 0      0      0      0      0      0      0      0      0                               0.0       0.0  9
                         2017 0      0      0      0      0      0      0      0      0      0      0      0          0.0       0.0 12

MINIMA                        0      0      0      0      0      0      0      0      0      0      0      0          0.0       0.0
MAXIMA                        0      0      0      0      0      0      0      0      0      0      0      0          0.0       0.0
MEDIA                         0      0      0      0      0      0      0      0      0      0      0      0          0.0       0.0
DESV. ESTANDAR                0      0      0      0      0      0      0      0      0      0      0      0          0.00      0.0


DIAS CON NIEBLA 
                         1980                                                                       0      0          0.0       0.0  2
                         1981 0      0      0      0      0      0      0      0      0      0      0      1          1.0       0.1 12
                         1982 0      0      0      0      0      0      0      0      0      0      0      0          0.0       0.0 12
                         1983 1      0      0      0      0      0      0      0      0      1      0      0          2.0       0.2 12
                         1984 0      0      0      0      0      0      0      0      0      0      0      1          1.0       0.1 12
                         1985 0      0      0      0      0      0      0      1      0      0      0      0          1.0       0.1 12
                         1986 0      0      0      0      0      0      0      0      0      0      0      0          0.0       0.0 12
                         1987 0      0      0      1      0      0      0      0      0      0      1      0          2.0       0.2 12
                         1988 0      0      0      0      0      0      0      0      0      0      0      0          0.0       0.0 12
                         1989 0      0      0      0      0      0      0      0      0      0      0      0          0.0       0.0 12
                         1990 0      0      0      0      0      0      0      0      0      0      0      0          0.0       0.0 12
                         1991 0      0      0      0      0      0      10     0      0      0      0      0         10.0       0.8 12
                         1992 0      0      0      0      0      0      0      0      0      0      0      0          0.0       0.0 12
                         1993 0      0      0      0      0      0      0      0      0      0      0      0          0.0       0.0 12
                         1994 0      0      0      0      0      0      0      0      0      0      0      0          0.0       0.0 12
                         1995 0      0      0      0      0      0      0      0      0      0      0      0          0.0       0.0 12
                         1996 0      0      0      0      0      0      0      0      0      0      0      0          0.0       0.0 12
                         1997 0      0      0      0      0      0      0      0      0      0      0      0          0.0       0.0 12
                         1998 0      0      0                    0      0      0      0      0      0      0          0.0       0.0 10
                         1999 0      0      0      0      0      0      0      0      0      0      0      0          0.0       0.0 12
                         2000 0      0      0      0      0      0      0      0      0      0      0      0          0.0       0.0 12
                         2001 0      0      0      0      0      0      0      0      0      0             0          0.0       0.0 11
                         2002 0      0      0      0      0      0      0      0      0      0      0      0          0.0       0.0 12
                         2003 0      0      0      0      0      0      0      0      0      0      0      0          0.0       0.0 12
                         2004 0      0      0      0      0      0      0      0      0      0      0      1          1.0       0.1 12
                         2005 0      0      0      0      0      0      0      0      0      0      0      0          0.0       0.0 12
                         2006 0      0      0      0      0      0      0      0      0      0      0      0          0.0       0.0 12
                         2007 0      0      0      0      0      0      0      0      0      0      0      0          0.0       0.0 12
                         2008 0      0      0      0      0      0      0      0      0      0      0      0          0.0       0.0 12
                         2010 0      0      0      0      0      0      0                                             0.0       0.0  7
                         2014 0      0      0      0      0      0      0      0      0      0      0      0          0.0       0.0 12
                         2015 0      0      0      0      0      0      0      0      0      0      0      0          0.0       0.0 12
                         2016 0      0      0      0      0      0      0      0      0                               0.0       0.0  9
                         2017 0      0      0      0      0      0      0      0      0      0      0      0          0.0       0.0 12

MINIMA                        0      0      0      0      0      0      0      0      0      0      0      0          0.0       0.0
MAXIMA                        1      0      0      1      0      0      10     1      0      1      1      1         10.0       0.8
MEDIA                         0.0303 0      0      0.0312 0      0      0.303  0.0312 0      0.0322 0.0322 0.0937     0.5       0.0
DESV. ESTANDAR                0.174  0      0      0.1767 0      0      1.7407 0.1767 0      0.1796 0.1796 0.2961     1.76      0.1


DIAS CON TORMEN.
                         1980                                                                       0      0          0.0       0.0  2
                         1981 0      0      0      0      0      0      0      0      0      4      0      0          4.0       0.3 12
                         1982 0      0      0      0      4      2      0      0      0      0      1      0          7.0       0.6 12
                         1983 0      0      0      0      0      0      0      0      0      0      0      0          0.0       0.0 12
                         1984 0      0      0      0      0      0      0      0      0      1      0      0          1.0       0.1 12
                         1985 0      0      0      0      0      0      0      0      0      0      0      0          0.0       0.0 12
                         1986 0      0      0      0      0      0      0      0      0      0      0      0          0.0       0.0 12
                         1987 0      0      0      0      0      0      0      0      0      0      0      0          0.0       0.0 12
                         1988 0      0      0      0      0      0      0      1      3      0      0      0          4.0       0.3 12
                         1989 0      0      0      0      1      0      0      0      0      0      0      0          1.0       0.1 12
                         1990 0      0      0      0      0      0      0      0      0      1      0      0          1.0       0.1 12
                         1991 0      0      0      0      0      0      0      0      0      0      0      0          0.0       0.0 12
                         1992 0      0      0      0      0      0      0      0      0      0      0      0          0.0       0.0 12
                         1993 0      0      0      0      0      0      0      0      0      0      0      0          0.0       0.0 12
                         1994 0      0      0      0      0      0      0      0      0      0      0      0          0.0       0.0 12
                         1995 0      0      0      0      0      0      0      0      0      0      0      0          0.0       0.0 12
                         1996 0      0      0      0      0      0      0      0      0      0      0      0          0.0       0.0 12
                         1997 0      0      0      0      0      0      0      0      0      0      0      0          0.0       0.0 12
                         1998 0      0      0                    0      0      0      0      0      0      0          0.0       0.0 10
                         1999 0      0      0      0      0      0      0      0      0      0      0      0          0.0       0.0 12
                         2000 0      0      0      0      0      0      0      0      0      0      0      0          0.0       0.0 12
                         2001 0      0      0      0      0      0      0      0      0      0             0          0.0       0.0 11
                         2002 0      0      0      0      0      0      0      0      0      0      0      0          0.0       0.0 12
                         2003 0      0      0      0      0      0      0      0      0      0      0      0          0.0       0.0 12
                         2004 0      0      0      0      0      0      0      0      0      0      0      0          0.0       0.0 12
                         2005 0      0      0      0      0      0             0      0      0      0      0          0.0       0.0 11
                         2006 0      0      0      0      0      0      0      0      0      0      0      0          0.0       0.0 12
                         2007 0      0      0      0      0      0      0      0      0      0      0      0          0.0       0.0 12
                         2008 0      0      0      0      0      0      0      0      0      0      0      0          0.0       0.0 12
                         2010 0      0      0      0      0      0      0                                             0.0       0.0  7
                         2014 0      0      0      0      0      0      0      0      0      0      0      0          0.0       0.0 12
                         2015 0      0      0      0      0      0      0      0      0      0      0      0          0.0       0.0 12
                         2016 0      0      0      0      0      0      0      0      0                               0.0       0.0  9
                         2017 0      0      0      0      0      0      0      0      0      0      0      0          0.0       0.0 12

MINIMA                        0      0      0      0      0      0      0      0      0      0      0      0          0.0       0.0
MAXIMA                        0      0      0      0      4      2      0      1      3      4      1      0          7.0       0.6
MEDIA                         0      0      0      0      0.1562 0.0606 0      0.0312 0.0937 0.1935 0.0322 0          0.5       0.0
DESV. ESTANDAR                0      0      0      0      0.7233 0.3481 0      0.1767 0.5303 0.7491 0.1796 0          1.50      0.1


EVAPORACION MEN.
                         1980                                                                       119.6  106.8    226.4     113.2  2
                         1981 115    174.39 261.5  239.09 316.3  237.81 201.8  201.4  172.66 167.7  176.9  139.6  2,404.2     200.3 12
                         1982 187.3  218.2  328.6  342.6  298.5  337.1  221.7  217.4  191.6  170.4  154.8  113.76 2,782.0     231.8 12
                         1983 113.9  203.3  290.3  366.5  327.1  273.4  168.3  165.7  144.5  152.5  145    152.1  2,502.6     208.6 12
                         1984 125.3  172.6  269.4  346.6  268.8  236.2  129.2  163.8  127.2  168.1  153.2  125.3  2,285.7     190.5 12
                         1985 140.2  184.2  248    240.1  287.5  170.5  154.2  173.2  170    156.3  129.1  118.4  2,171.7     181.0 12
                         1986 123.8  172    259.3  271.5  268.9  167.5  160.3  208.6  156.7  125.1  134.5  126.5  2,174.7     181.2 12
                         1987 123    143.6  251.6  261.8  266.7  221.7  157.1  165.6  155.2  167.9  145.8  116    2,176.0     181.3 12
                         1988 153    174    217    264.8  318.7  212.2  153.5  147.8  140.8  154.6  162.87 130.7  2,230.0     185.8 12
                         1989 137.8  170.3  249.7  254.1  298.6  231.6  197.3  146.6  143.7  167.5  142    109.6  2,248.8     187.4 12
                         1990 115.2  124.8  223.4  264.2  255.7  222.5  145.5  148.8  113    113.1  126.8  114.8  1,967.8     164.0 12
                         1991 136.5  165.26 294.22 299.7  307.7  185.9  108.73 162.12 102.83 118.69 119.63 86.19  2,087.5     174.0 12
                         1992 69.41  115.43 230.82 197.65 198.03 227.48 179.24 160.55 149.61 106.03 109.1  101.24 1,844.6     153.7 12
                         1993 121.71 166.81 213.05 251.53 225.55 161.88 151.23 159.53 120.99 130.64 130.08 124.38 1,957.4     163.1 12
                         1994 124.89 156.04 230.47 248.04 217.66 152.66 178.05 130.78 118.42 114.89 129.1  119.59 1,920.6     160.0 12
                         1995 129.04 141.48 240.5  268.41 285.04 204.97 146.83 113.37 109.02 166.72 117.02 104.94 2,027.3     168.9 12
                         1996 143.93 163.31 229.52 243.43 237.38 200.44 201.78 145.91 101.4  106.58 111.11 111.15 1,995.9     166.3 12
                         1997 121.49 141.93 155.39 167.54 216.72 199.9  179.55 184.37 156.48 122.78 120.44 134.03 1,900.6     158.4 12
                         1998 133.2  181.35 250.5                173.74 145.49 144.29 99.1   107.27 128.12 121.38 1,484.4     148.4 10
                         1999 132.16 154.92 247.23 274.56 274.65 180.89 149.29 160.87 138.47 149.89 125.44 115.55 2,103.9     175.3 12
                         2000 145.84 172.1  247.43 264.79 232.12 142.82 185.19 167.25 157.29 144.46 144.04 110.17 2,113.5     176.1 12
                         2001 124.76 149.27 232.17 239.96 203.44 170.67 183.97 155.56 115.4  132.87               1,708.1     170.8 10
                         2002 131.3  130.17 234.8  215.99 213.1  191.05 131.46 147.68 128.41 119.85 109.02 110.71 1,863.5     155.3 12
                         2003 101.82 150.12 216.09 234.82 267.15 119.43        139.1  123.07 108.09 113.1  115.66 1,688.5     153.5 11
                         2004 90.9   145.05 185.7  219.6  203.32 121.14 158.73 141.17 88.02  117.92 119.11 84.66  1,675.3     139.6 12
                         2005 107.87                                                                                107.9     107.9  1

MINIMA                        69.41  115.43 155.39 167.54 198.03 119.43 108.73 113.37 88.02  106.03 109.02 84.66    107.9     107.9
MAXIMA                        187.3  218.2  328.6  366.5  327.1  337.1  221.7  217.4  191.6  170.4  176.9  152.1  2,782.0     231.8
MEDIA                         125.97 161.27 241.94 259.88 260.37 197.64 164.71 160.47 134.32 137.07 131.91 116.38 1,909.6     169.1
DESV. ESTANDAR                21.954 23.627 34.904 45.786 40.912 48.225 26.798 23.92  26.39  23.771 17.853 14.951   582.25     26.2


LLUVIA MAX 24 H.
                         1980                                                                       18.5   16.5      35.0      17.5  2
                         1981 28.5   0      1.7    1.8    7.9    35.4   19.8   19.7   25.8   7.8    1.3    7        156.7      13.1 12
                         1982 0      0.2    0      7.7    13     22     26.5   22.6   5      32.5   22     13.7     165.2      13.8 12
                         1983 7      0      9.2    0      32     33.3   62     18.5   30     33.4   7.8    0        233.2      19.4 12
                         1984 13.8   1.3    0.5    0      4.6    15.9   30.7   16.4   18.7   3.9    1.2    5.7      112.7       9.4 12
                         1985 1.5    0      1.3    11.9   7.1    26.2   28.1   15.3   15.6   30     2.5    12.7     152.2      12.7 12
                         1986 0      4.2    0      1.5    6.1    56.6   75.8   25.5   11.2   34.5   11.7   1.6      228.7      19.1 12
                         1987 29.6   8.7    0      3      6.7    11.9   53.5   11     24.5   0      1      2.5      152.4      12.7 12
                         1988 4.6    0      4.2    6      0      24.6   84     21.2   36.7   7.7    0.3    2.5      191.8      16.0 12
                         1989 0.8    0      0      0.3    56     24.5   12.2   38.2   22     6.8    16.5   25.8     203.1      16.9 12
                         1990 6.6    8      6.7    0      9.5    11     23     46.7   24.5   15.3   0      0        151.3      12.6 12
                         1991 0      4      0      0      0      48.5   63     27.3   25.5   25.5   1.3    7.6      202.7      16.9 12
                         1992 37     8      3      9.6    11.8   4.6    31.5   8.6    17.5   45.5   12.5   3.5      193.1      16.1 12
                         1993 12.3   0      0      0      5      43     26.7   33.2   20     7      0      3        150.2      12.5 12
                         1994 12     0      0      20     5.2    23     31     11.6   49.3   21.5   0      1.3      174.9      14.6 12
                         1995 0.7    1.5    0      0      0      32     32.3   33.3   27.3   0      5.3    2.1      134.5      11.2 12
                         1996 0      8.5    0      0      7      27     32.2   21     35.8   30.5   2      0        164.0      13.7 12
                         1997 16.8   26.2   24     11.7   5.1    21.8   34.5   28.8   6.3    20.2   7      1.7      204.1      17.0 12
                         1998 0      1      0                    29     12.2   29.5   18.2   11.3   0      0        101.2      10.1 10
                         1999 0      0      0      0      5.3    33     47.5   4.5    32     20     0      0        142.3      11.9 12
                         2000 0      0      0      0      62     59.6   17.3   37.8   6      32     5      11.5     231.2      19.3 12
                         2001 0      0      23     2.5    12.8   22.3   64     25.6   34     7.2    0               191.4      17.4 11
                         2002 13.3   20.5   0      6.3    16     30.5   60.2   24.3   35.2   34.4   17.4   0        258.1      21.5 12
                         2003 4.5    2      0      0      12.6   28     71.5   13     20.5   37     0      0        189.1      15.8 12
                         2004 14.5   3      23     0      8      45     63.8   20.3   25.6   9.3    1.4    0        213.9      17.8 12
                         2005 0      8      18     0      4.3    40.3   16.9   16.8   38.7   1.9    0.7    0.6      146.2      12.2 12
                         2006 0.4    0      0      0      13.1   23.6   44     15.2   36.2   28     8.6    18.8     187.9      15.7 12
                         2007 5.8    5.2    5.8    5.8    13     29.4   27.8   28     15.3   8.8    3.5    0        148.4      12.4 12
                         2008 0      4      0      12.5   5.3    19.4   48     24.4   12.4   1.3    0      0        127.3      10.6 12
                         2009 0             2.4    1.5    18     27.7   4.2    30     6.2    10     5.3    1.6      106.9       9.7 11
                         2010 10.1   28     0      0      0.8    47.7   22     10     14.1   3.7    0      0        136.4      11.4 12
                         2011 0.9    1      0      0      0.3    6.4    10     10     7.2    0      0      0         35.8       3.0 12
                         2012 11.8   27.1   0      0      3.1    28.6   28.6   31     2.6    2.1    0      7.2      142.1      11.8 12
                         2013 41.4   0      0      0      5.4           40.4   23.8   26.2   20.6   15     23       195.8      17.8 11
                         2014 1.4           1.4    0      37.2   16.2   28.2   24     25.2   4.8    20.8   1.8      161.0      14.6 11
                         2015 6.8    16.8   35.2   20     16.2   41.2   29.6   13     15.4   26.6   7.8    0        228.6      19.1 12
                         2016 5.2    1.6    6.8    0.6    1.6    20     28     36.6   53     4.8    14     0        172.2      14.4 12
                         2017 2.2    0      3.2    0      0.8    8      31.4   48.2   62.2   8.2    0      17.4     181.6      15.1 12
                         2018 32.8   22.4   0      2.2    9      74.6   12     24.4   15.8   31.2   29.6   0        254.0      21.2 12
                         2019 4             0             4.2                                                         8.2       2.7  3
                         2021                                                         54.8   5.8                     60.6      30.3  2

MINIMA                        0      0      0      0      0      4.6    4.2    4.5    2.6    0      0      0          8.2       2.7
MAXIMA                        41.4   28     35.2   20     62     74.6   84     48.2   62.2   45.5   29.6   25.8     258.1      30.3
MEDIA                         8.3666 5.8666 4.3435 3.3756 11.21  29.508 36.168 23.402 24.423 16.182 6.1538 4.9763   161.6      14.7
DESV. ESTANDAR                11.217 8.6325 8.4605 5.5332 13.89  15.138 19.966 10.264 14.303 13.093 7.7865 7.177     56.93      4.8


LLUVIA TOTAL MEN
                         1980                                                                       18.5   34        52.5      26.3  2
                         1981 71     0      5.9    3      19.4   70.6   56.4   84     33.7   18.7   2      8.3      373.0      31.1 12
                         1982 0      0.4    0      10.2   30.4   44.4   109.3  50.5   9.5    60.3   28.7   36       379.7      31.6 12
                         1983 30.8   0      9.2    0      50.8   66.6   176.8  55.9   85.5   37.7   20.2   0        533.5      44.5 12
                         1984 34.1   1.3    0.5    0      11.1   54.6   186    58.5   41.3   8      1.2    9.5      406.1      33.8 12
                         1985 2.5    0      1.3    14.1   14.2   190.6  115.8  90.5   49.5   80.9   5.2    32.7     597.3      49.8 12
                         1986 0      4.2    0      1.7    17.3   208    139.2  67.3   73.7   126.1  15     2.7      655.2      54.6 12
                         1987 45.6   24.4   0      4.5    16.4   26     173.7  43.4   80.5   0      1      5.3      420.8      35.1 12
                         1988 4.6    0      6.6    10.4   0      59.2   263.8  77.9   98.7   10.2   0.3    2.5      534.2      44.5 12
                         1989 0.8    0      0      0.3    57     57.7   35.4   176.1  42     10     21     44.7     445.0      37.1 12
                         1990 6.6    24.8   6.7    0      13.7   27.7   160.4  203.6  87.2   52     0      0        582.7      48.6 12
                         1991 0      4      0      0      0      114.9  420.4  75.7   94.6   37.8   1.3    25.4     774.1      64.5 12
                         1992 195.4  10     5.3    17.2   34.5   17.5   93.5   39.3   39.3   126.8  24.9   4        607.7      50.6 12
                         1993 24     0      0      0      7      154.7  83.1   83.3   58.2   21.6   0      3        434.9      36.2 12
                         1994 12     0      0      22     12     127.5  71.1   49.9   123.1  48.4   0      1.3      467.3      38.9 12
                         1995 0.7    1.5    0      0      0      125.4  132.9  203.9  87.5   0      9.8    4.3      566.0      47.2 12
                         1996 0      8.7    0      0      9.2    70.3   77.7   86.6   127.4  91.2   5.2    0        476.3      39.7 12
                         1997 20.8   26.2   42.9   23.8   15.5   41.7   67.5   62.2   14.6   68.9   19.3   1.7      405.1      33.8 12
                         1998 0      1.2    0                    92.6   40.6   148.9  68.1   15.2   0      0        366.6      36.7 10
                         1999 0      0      0      0      10.3   126.6  183.9  21.5   104    20     0      0        466.3      38.9 12
                         2000 0      0      0      0      121.6  193.2  83.1   95.1   16.5   53     8      20       590.5      49.2 12
                         2001 0      0      24.3   3.8    24.7   50.4   134.6  101    130.9  8.2    0               477.9      43.4 11
                         2002 13.8   45.6   0      11.7   36.9   47     200.8  80     115.4  53.9   17.4   0        622.5      51.9 12
                         2003 7.1    2      0      0      17.8   59.9   304.5  66     106.2  46.2   0      0        609.7      50.8 12
                         2004 47     3      43     0      34     195    174.6  71.5   149.7  24.7   1.4    0        743.9      62.0 12
                         2005 0      18     26     0      8.8    52.2   65.5   44     81.7   4.6    0.7    1        302.5      25.2 12
                         2006 0.8    0      0      0      49.2   41.1   131.6  73.8   109.4  57.8   9      21       493.7      41.1 12
                         2007 17     12     6      6      14.2   31.2   87.1   61.1   43.7   8.8    4.8    0        291.9      24.3 12
                         2008 0      4      0      20.8   9.9    47.9   203    152.5  46.9   2.3    0      0        487.3      40.6 12
                         2009 0             5.2    1.5    30.4   74.8   13     66.2   25.3   20.2   6      1.6      244.2      22.2 11
                         2010 34.6   68.3   0      0      1.6    119.6  85.8   21.5   50.8   3.7    0      0        385.9      32.2 12
                         2011 0.9    1      0      0      0.3    20     14     13.8   15.4   0      0      0         65.4       5.5 12
                         2012 13.5   49.1   0      0      7.4    79.3   114.3  108.9  13.3   2.3    0      7.2      395.3      32.9 12
                         2013 54.4   0      0      0      9.2           241.8  88.2   96.2   60.2   44.6   92.2     686.8      62.4 11
                         2014 2.4           1.8    0      89     61     124    57.2   86.3   12.8   27.4   1.8      463.7      42.2 11
                         2015 9.2    25.8   73.6   23     33.6   176.4  69.6   79.4   43     48     8.6    0        590.2      49.2 12
                         2016 8      1.6    11.4   1      4      60.6   195.9  174.8  98.8   5      29.4   0        590.5      49.2 12
                         2017 2.2    0      5      0      0.8    22.6   135.6  127.6  138.2  15.4   0      23.4     470.8      39.2 12
                         2018 58.6   24.4   0      2.6    34.8   191.8  28.8   63.4   69.2   109.8  31.8   0        615.2      51.3 12
                         2019 10.6          0             4.2                                                        14.8       4.9  3
                         2021                                                         123.2  17.6                   140.8      70.4  2

MINIMA                        0      0      0      0      0      17.5   13     13.8   9.5    0      0      0         14.8       4.9
MAXIMA                        195.4  68.3   73.6   23.8   121.6  208    420.4  203.9  149.7  126.8  44.6   92.2     774.1      70.4
MEDIA                         18.692 10.041 7.0435 4.8    22.4   86.502 131.45 84.868 73.807 35.597 9.3    10.094   459.2      40.8
DESV. ESTANDAR                34.715 16.386 15.301 7.6303 25.12  57.699 84.003 47.208 39.076 34.994 11.716 18.372   175.75     13.7


TEMP MAXIMA EXT.
                         1980                                                                       25.5   24        49.5      24.8  2
                         1981 22     25     27.5   29.5   29     39     27     28.5   27     27     25.5   24       331.0      27.6 12
                         1982 26     27     32     32.5   32.5   34.5   29     29     29     29     27.5   21.5     349.5      29.1 12
                         1983 23     23.5   27     34     35     32     27     28     30     28.5   27     26.5     341.5      28.5 12
                         1984 24     25.5   28     32.5   34.5   32     27     27.5   28.5   30     29     27       345.5      28.8 12
                         1985 25.5   27     31     32     34     32.5   27.5   28.5   29     29.5   28     27       351.5      29.3 12
                         1986 26.5   29.5   30     34     35.5   31     27     28     26.5   27     28     25       348.0      29.0 12
                         1987 24.5   26     26     30.5   30.5   31     29.5   27     30     27     27.5   26       335.5      28.0 12
                         1988 25     29     29     32     32     32     27.5   27     26.5   28     28.5   26       342.5      28.5 12
                         1989 25.5   27.5   29     29.5   34.5   34     31.5   27     28     28.5   28     27       350.0      29.2 12
                         1990 25.5   24     28     31.5   34     31.5   27     25.5   25.5   26.5   27     27.5     333.5      27.8 12
                         1991 25.5   26.5   32     33     35     34     25.5   27     27     26.5   25.5   24.5     342.0      28.5 12
                         1992 23.5   24.5   29.5   28.5   28.5   32.5   31.5   28.5   30     26     25.5   25       333.5      27.8 12
                         1993 26     28     27.5   30     30     33.5   28.5   28.5   27     29.5   28.5   27       344.0      28.7 12
                         1994 24.5   28     31.5   31.5   32.5   31     31     29     27     29     28     27       350.0      29.2 12
                         1995 26.5   28     32     31.5   35     34.5   28     28.5   28.5   28     28     28       356.5      29.7 12
                         1996 26     29.5   28.5   31     35.5   31.5   30     30     27     28.5   27.5   27       352.0      29.3 12
                         1997 24.5   27.5   29.5   31     32.5   32.5   29.5   31     30     28.5   29     27.5     353.0      29.4 12
                         1998 25     28     31.5                 34.5   31     30     26     29.5   29     28       292.5      29.3 10
                         1999 27.5   29     29.5   34.5   33.5   33.5   30     30     29.5   30.5   27     26       360.5      30.0 12
                         2000 27     29     30.5   34.5   35     28.5   30.5   29     30     31     29     27       361.0      30.1 12
                         2001 26     29     29     34.5   32.5   32     33     31     29     30     27     27       360.0      30.0 12
                         2002 27.5   28     31.5   35     35     32.5   28.5   28.5   28.5   29     29     30       363.0      30.3 12
                         2003 27     29.5   32     33.5   37.5   33     30     27.5   27.5   27.5   28.5   26       359.5      30.0 12
                         2004 24     26     32     33     34     31     29     28     28     30     28.5   27       350.5      29.2 12
                         2005 30     30     34     39     41     42     34     31     30     33     30     30       404.0      33.7 12
                         2006 29     34     36     39     35     32.5   28.5   25.5   24                            283.5      31.5  9
                         2007 26     33            36     37     39     31     33     35     36                     306.0      34.0  9
                         2008               38     41     42     40     31.5   29     28     31     31     30       341.5      34.2 10
                         2009 30            35.5   39     42     39     36     36     29     35     27     30       378.5      34.4 11
                         2010 28            31     34     39     38                                                 170.0      34.0  5
                         2011 23     26.5   29     31     34                                        25     25       193.5      27.6  7
                         2012 24     26.5   26.5   30.5   30.5   31     26     27     24.5   27     25     27.5     326.0      27.2 12
                         2013 24.5   23     31.5   33.5   34     33.5   30     29.5   26.5   26     25     26.3     343.3      28.6 12
                         2014 24.7          30.7   32.1   31     31     29.3   30     28.7   29.5   26.1   27.5     320.6      29.1 11
                         2015 26.4   29.7   28.2   29.9   32.3   32.8   28.9   29.8   29     29.3   29     25.8     351.1      29.3 12
                         2016 25.8   30.4   29.2   31.4   34.3   31.7   30.2   29.2   28.3   29.7   27.8   26.9     354.9      29.6 12
                         2017 30     28.5   31.7   32     34.8   33.1   30.2   30.7   28.9   28.5   30.9   27.8     367.1      30.6 12
                         2018 27     28.6   31.5   31.5   36.1   33.8   31.3   29.9   29.2   28.5   28.1   26.6     362.1      30.2 12
                         2019 27            31.7          33                                                         91.7      30.6  3
                         2021                                                         27.2   29.6                    56.8      28.4  2

MINIMA                        22     23     26     28.5   28.5   28.5   25.5   25.5   24     26     25     21.5      49.5      24.8
MAXIMA                        30     34     38     41     42     42     36     36     35     36     31     30       404.0      34.4
MEDIA                         25.878 27.785 30.486 32.956 34.315 33.551 29.525 28.975 28.197 29.1   27.677 26.719   317.2      29.6
DESV. ESTANDAR                1.9142 2.3959 2.5766 2.8815 3.1083 2.9703 2.2254 1.9936 1.9259 2.1914 1.5682 1.77      82.66      2.0


TEMP MAXIMA PROM
                         1980                                                                       21.425 19.274    40.7      20.4  2
                         1981 17.564 21.892 23.741 27.666 26.161 26.566 24.274 24.596 24.483 24.758 23.633 20.516   285.9      23.8 12
                         1982 22.709 24.035 27.354 29.266 28.354 31.066 25.758 26.774 26.4   23.467 22.5   19.209   306.9      25.6 12
                         1983 17.903 20.803 23.225 27.033 29.129 29.183 23.612 25.048 25.1   25.177 23.866 23.064   293.1      24.4 12
                         1984 20.774 21.827 25.387 29.583 28.387 28.833 23.274 25.112 23.8   26.806 25.116 23.371   302.3      25.2 12
                         1985 21.322 23.642 27.741 27.033 30.5   26.066 24.129 25.596 27.116 25.532 24.866 23.58    307.1      25.6 12
                         1986 21.548 24.535 25.983 30.3   30.209 24.966 23.451 26.29  25.166 22.822 23.666 21.08    300.0      25.0 12
                         1987 19.435 20.625 23.032 26.1   27.096 27.5   24.193 25.564 26.116 24.919 23.15  22.064   289.8      24.1 12
                         1988 21.129 23.913 23.258 26.75  29.838 27.366 23.935 23.935 24.166 24.5   25.45  22.371   296.6      24.7 12
                         1989 22.887 23.875 25.435 26.75  29.967 28.45  26.79  24.322 24.2   25.645 24     19.967   302.3      25.2 12
                         1990 20.741 20.482 24.983 27.516 29.225 27.95  24.274 23.483 23.116 22.661 23.116 22.612   290.2      24.2 12
                         1991 22.177 23.053 28.032 29.283 31.209 27.783 21.145 25.161 22.333 22.451 22.583 21.096   296.3      24.7 12
                         1992 15.919 20.534 24.451 24.8   26     29.133 26.241 25.645 25.133 22.612 21.516 22.112   284.1      23.7 12
                         1993 22.677 23.785 24.435 26.716 27.241 27.166 25.08  25.677 24.316 25.483 25.55  23.806   301.9      25.2 12
                         1994 22.145 25.517 26.677 27.75  30.483 26.333 27.129 25.564 24.266 24.919 25.266 23.725   309.8      25.8 12
                         1995 22.354 24.678 27.145 28.483 31.161 28.983 24.871 23.935 24.266 25.79  24.233 21.193   307.1      25.6 12
                         1996 23.29  25.413 25.629 27.416 30.935 28.533 27.483 25.935 23.933 23.29  22.883 22.935   307.7      25.6 12
                         1997 21.032 23.142 24.08  23.783 28.241 29.183 27.58  28.241 26.816 23.919 24.5   21.596   302.1      25.2 12
                         1998 21.758 22.696 26.709               30.5   27.5   25.145 23.883 24.532 25.783 24.322   252.8      25.3 10
                         1999 23.129 25.946 26.677 29.9   30.548 28.833 25.79  27.016 25.6   26.274 24.416 21.354   315.5      26.3 12
                         2000 23.596 25.448 27.064 29.8   29.725 25.15  27.177 26.564 28     26.58  25.983 22.725   317.8      26.5 12
                         2001 22.129 25.321 25.29  30.533 28.483 27.766 27.854 26.887 24.65  25.129 23.38  22.395   309.8      25.8 12
                         2002 23.354 22.482 27.241 30.25  30.564 28.533 25.387 26.241 25.2   25.806 22.65  22       309.7      25.8 12
                         2003 22.016 25.232 26.983 30.3   32.661 29.645 25.543 25.569 24.566 25.096 26.266 23.29    317.2      26.4 12
                         2004 19.967 22.431 27.225 27.933 29.612 25.8   25.871 26.322 25.433 26.435 25.25  22.483   304.8      25.4 12
                         2005 23.435 21.071 25.887 33.85  34.322 34.233 28.678 25.689 26.375 27.274 26.75  23.553   331.1      27.6 12
                         2006 23.806 28.071 30.338 34.24  27.791 26.416 23.214 21.338 19.783                        235.0      26.1  9
                         2007 19.958 23.954        30.7   33.016 30.437 26     28.435 28.616 30.08                  251.2      27.9  9
                         2008               30.758 35.866 35.016 32.607 25.7   25.387 22.533 25.612 24.466 25.227   283.2      28.3 10
                         2009 25.27         30.064 34.037 33.3   32.666 30.933 30.533 25.214 26.838 23.071 20.758   312.7      28.4 11
                         2010 20.689        26.689 29.034 33.871 31.866                                             142.2      28.4  5
                         2011 19.214 22.428 25.354 28.465 29.79                                     21.416 20.909   167.6      23.9  7
                         2012 19.193 18.775 24.45  26.816 27.338 25.716 21.482 22.419 20.833 24     20.15  21.983   273.2      22.8 12
                         2013 17.532 20.142 24.871 30.216 30.854 28.616 23.371 24.593 22.2   23.483 20.8   20.471   287.2      23.9 12
                         2014 21.058        26.332 29.213 27.948 27.756 25.859 27.48  25.841 26.832 22.544 23.184   284.1      25.8 11
                         2015 22.048 22.29  21.878 26.746 28.861 26.929 26.7   27.58  26.853 26.613 25.343 22.334   304.2      25.3 12
                         2016 21.296 25.11  24.571 28.063 31.109 28.643 27.503 25.877 25.683 26.135 22.666 24.422   311.1      25.9 12
                         2017 23.106 24.67  26.909 28.903 31.558 30.676 26.89  27.738 25.393 25.609 26.7   22.103   320.3      26.7 12
                         2018 21.809 24.175 28.477 29.226 30.09  27.413 27.612 27.632 25.913 25.003 22.471 21.475   311.3      25.9 12
                         2019 22.732        28.448        30.569                                                     81.7      27.2  3
                         2021                                                         25.383 26.122                  51.5      25.8  2

MINIMA                        15.919 18.775 21.878 23.783 26     24.966 21.145 21.338 19.783 22.451 20.15  19.209    40.7      20.4
MAXIMA                        25.27  28.071 30.758 35.866 35.016 34.233 30.933 30.533 28.616 30.08  26.75  25.227   331.1      28.4
MEDIA                         21.387 23.294 26.126 28.927 30.031 28.521 25.619 25.815 24.829 25.228 23.817 22.182   273.1      25.5
DESV. ESTANDAR                1.9818 2.0237 2.0198 2.5485 2.1561 2.1582 2.0308 1.7269 1.8009 1.5688 1.6833 1.4135    71.36      1.5


TEMP MEDIA MENS.
                         1980                                                                       13.638 12.322    26.0      13.0  2
                         1981 10.54  14.107 16.08  19.183 19.153 20.325 18.895 18.903 18.425 17.895 15.091 13.29    201.9      16.8 12
                         1982 13.758 14.776 18.306 20.933 20.959 22.733 19.306 19.653 19.325 16.387 14.683 11.83    212.7      17.7 12
                         1983 10.532 11.758 14.298 17.891 21.241 21.391 18.282 18.854 18.85  17.064 15.25  13.669   199.1      16.6 12
                         1984 12.653 13.051 16.137 20.458 19.382 20.658 17.677 18.411 17.658 18.169 15.241 13.75    203.2      16.9 12
                         1985 11.983 14.562 17.871 18     21.58  19.225 17.741 18.532 18.866 17.508 15.083 13.862   204.8      17.1 12
                         1986 11.871 14.41  14.935 20.5   21.451 19.05  17.612 18.854 18.45  16.064 15.283 12.693   201.2      16.8 12
                         1987 10.661 12.348 13.983 17.291 18.806 20.116 18.532 19.08  19.291 16.129 14.333 13.798   194.4      16.2 12
                         1988 11.532 14.732 14.758 18.683 21.04  20.101 18.508 18.346 17.683 16.185 15.675 13.419   200.7      16.7 12
                         1989 13.975 14.5   15.459 18.016 20.854 20.666 19.621 18.645 17.483 16.616 15.15  11.725   202.7      16.9 12
                         1990 12.758 12.919 16.021 18.741 21.217 20.675 18.548 18.024 17.416 16.298 14.275 13.298   200.2      16.7 12
                         1991 13.419 14.026 18.024 20.233 21.887 20.516 16.935 18.548 17.075 15.596 14.125 13.451   203.8      17.0 12
                         1992 10.725 12.301 15.709 16.491 18.121 20.791 19.322 18.798 18.275 16.112 13.808 13.887   194.3      16.2 12
                         1993 14.185 14.446 15.419 18.183 19.048 20.441 18.951 18.959 18.208 17.612 16.35  14.427   206.2      17.2 12
                         1994 13.266 15.866 17.371 19.075 21.741 19.925 19.524 19.064 17.816 17.661 16.391 14.967   212.7      17.7 12
                         1995 13.29  15.848 17.387 19.05  22.451 21.516 18.822 18.612 18.091 16.621 15.575 12.798   210.1      17.5 12
                         1996 12.645 14.939 15.661 18.225 22.056 21.116 19.959 19.25  18.083 16.25  13.958 13.871   206.0      17.2 12
                         1997 12     14.017 15.548 15.866 19.25  21.4   20.411 20.233 19.35  16.637 15.683 11.572   202.0      16.8 12
                         1998 11.766 12.401 16.459               22.343 20.557 19.169 18.525 17.677 16.633 14.209   169.7      17.0 10
                         1999 12.161 15.687 17.04  20.425 21.08  21.183 18.967 19.717 18.408 16.862 13.775 11.467   206.8      17.2 12
                         2000 13.024 14.982 17.161 20.016 21.153 19.358 19.621 19.217 20.083 18.322 16.766 13.112   212.8      17.7 12
                         2001 13.637 16.169 16.193 21.033 20.419 20.433 20.435 20.137 18.616 17     14.622 13.969   212.7      17.7 12
                         2002 13.661 13.946 18.024 20.783 21.895 21.016 19.29  19.556 19.408 18.427 15.425 13.274   214.7      17.9 12
                         2003 13.258 15.964 17.322 21.391 23.193 21.906 19.339 19.25  19.075 17.604 16.716 12.733   217.8      18.1 12
                         2004 12.225 12.982 17.58  18.441 20.621 19.525 19.08  19.225 18.891 18.612 15.683 13.451   206.3      17.2 12
                         2005 13.854 11.991 15.008 21.241 21.903 23.291 19.928 18     17.58  17.306 14.333 12.214   206.7      17.2 12
                         2006 11.153 15.589 17.959 21.87  17.093 16.8   15.128 13.871 12.641                        142.1      15.8  9
                         2007 10.854 13.072        19.45  22.33  21.187 18.258 20.596 19.825 19.33                  164.9      18.3  9
                         2008               18.596 23.458 24.032 22.616 17.901 17.822 15.541 14.814 12.6   11.954   179.3      17.9 10
                         2009 13.187        17.185 21.148 22.5   22.761 20.983 20.95  18.133 17.403 12.25  10.793   197.3      17.9 11
                         2010 10.159        14.5   17.241 21.419 21.416                                              84.7      16.9  5
                         2011 9.3201 12.357 15.258 18.362 20.048                                    12.35  11.696    99.4      14.2  7
                         2012 10.669 11.232 15.321 16.983 18.806 18.025 15.458 16.032 14.558 15.354 12.075 12.387   176.9      14.7 12
                         2013 10.379 10.982 15.346 20.975 22.645 21.275 18     18.409 17.075 16.79  14.266 13.246   199.4      16.6 12
                         2014 12.504        17.848 20.195 20.603 21.118 19.753 20.408 19.882 18.906 14.969 14.958   201.1      18.3 11
                         2015 14.509 15.05  15.047 19.814 20.186 21.056 20.145 20.354 20.528 19.665 18.708 14.133   219.2      18.3 12
                         2016 12.293 15.287 16.664 19.61  23.172 21.285 20.603 20.109 19.433 19.03  15.81  16.08    219.4      18.3 12
                         2017 14.919 16.012 18.177 19.651 22.796 22.64  20.372 20.977 19.505 18.235 16.818 13.951   224.1      18.7 12
                         2018 13.303 16.303 18.927 20.166 21.737 20.786 20.287 20.475 19.851 18.519 15.375 13.061   218.8      18.2 12
                         2019 14.077        18.972        22.334                                                     55.4      18.5  3
                         2021                                                         19.177 18.687                  37.9      18.9  2

MINIMA                        9.3201 10.982 13.983 15.866 17.093 16.8   15.128 13.871 12.641 14.814 12.075 10.793    26.0      13.0
MAXIMA                        14.919 16.303 18.972 23.458 24.032 23.291 20.983 20.977 20.528 19.665 18.708 16.08    224.1      18.9
MEDIA                         12.387 14.077 16.515 19.434 21.058 20.829 18.965 19.029 18.299 17.315 14.966 13.203   184.1      17.1
DESV. ESTANDAR                1.3943 1.5309 1.3943 1.6366 1.5264 1.3125 1.3376 1.3326 1.5345 1.1778 1.4159 1.1196    50.08      1.2


TEMP MINIMA EXT.
                         1980                                                                       1.5    0          1.5       0.8  2
                         1981 0      2      6.5    7      7      11.5   12     10.5   10     5.5    3      2         77.0       6.4 12
                         1982 2      -0.5   3.5    9      10     12     10     9.5    9      5      2      -1        70.5       5.9 12
                         1983 -2     -2     1      2.5    10     11     10     10.5   10     4      2      -2        55.0       4.6 12
                         1984 -1     0      2      6.5    6.5    9      10     9.5    8      7      1.5    1.5       60.5       5.0 12
                         1985 -5     2.5    5      6      8      9.5    9      9      8.5    4.5    1      1         59.0       4.9 12
                         1986 -1     -0.5   -1.5   8      8      11     10     10     9      1.5    -1     -5        48.5       4.0 12
                         1987 -4     -1.5   -0.5   3.5    7      6      9.5    10.5   10     4.5    3      1.5       49.5       4.1 12
                         1988 -5     0      1.5    6.5    9      11     11     10     5.5    5      2      1.5       58.0       4.8 12
                         1989 2.5    -1     -1.5   6      9      9.5    11     10.5   4.5    0.7    3.5    -2.5      52.2       4.4 12
                         1990 -0.5   1      0.8    5      9      11.5   10.5   9      10     2.5    0.5    -1.5      57.8       4.8 12
                         1991 -1     -2     3      5.5    10     10     10.5   10.5   6      4      -2.5   1         55.0       4.6 12
                         1992 2.5    0      2      3      7.5    9.5    9.5    10     10     6.5    -1     3.5       63.0       5.3 12
                         1993 4      2      2.5    5      6      10     10     10     9.5    3      3.5    -1        64.5       5.4 12
                         1994 0      2      4.5    5      11     11.5   9.5    10.5   7      8      5.5    0.5       75.0       6.3 12
                         1995 1      3      3      6      10.5   11     11     10     9.5    2      0      2.5       69.5       5.8 12
                         1996 0      -1.5   0.5    5      10     11.5   9      10     10     6      -1.5   1         60.0       5.0 12
                         1997 -1     1      3      2.5    8.5    11.5   12     11     9      3      2      -8        54.5       4.5 12
                         1998 -2.5   -4     2                    11.5   11.5   11     11     7      4.5    -0.5      51.5       5.2 10
                         1999 -4     0.5    3.5    7      9.5    12     8      9.5    7.5    2      -1     -3        51.5       4.3 12
                         2000 -3     -2     3      6.5    9.5    11     10.5   7      6.5    7      2.5    -2        56.5       4.7 12
                         2001 -0.5   3      3      7.5    9      10     11     11     10     4      4      0         72.0       6.0 12
                         2002 0      -0.5   4.5    7      10.5   11.5   11     10     11     8      1      0.5       74.5       6.2 12
                         2003 -1     2      2.5    7      11     9      10     11     10     5      1.5    -1.5      66.5       5.5 12
                         2004 -2     0      4      6      8      11     9.5    9.5    10.5   8.5    1      -4        62.0       5.2 12
                         2005 0      -2     -4     2      5      10     6      8      4      1.5    -4     -5        21.5       1.8 12
                         2006 -13    -2.5   1.5    5      2      4      5      3      2                               7.0       0.8  9
                         2007 -6     -2.5          2      7      8      7      9      8      -2     0                30.5       3.1 10
                         2008               -1     6.5    8.5    8.5    5.5    7.5    2      -2.5   -5     -6        24.0       2.4 10
                         2009 -4            -7     3      7      8      8      8      6      1.5    -3     -6        21.5       2.0 11
                         2010 -7            -4     -3     1      7                                                   -6.0      -1.2  5
                         2011 -5     -3.5   0      5.5    7                                         -8     -1.5      -5.5      -0.8  7
                         2012 -3.5   -2     3      4      6      8      6.5    5      5      3      1.5    -3.5      33.0       2.8 12
                         2013 -2     -2     -7     7      11.5   12.5   10     9.5    10.5   8.5    -1     1         58.5       4.9 12
                         2014 -0.9          3.5    7.3    8.3    12.5   11.5   11.6   12.4   6.2    -1.5   -0.7      70.2       6.4 11
                         2015 3.4    3.5    3.3    9.6    7.9    11.8   12.2   10.4   11.6   8.2    9      1         91.9       7.7 12
                         2016 -1.8   -1     0.1    4.6    12.5   11.2   11.7   12.9   10.5   5.9    5.5    0.8       72.9       6.1 12
                         2017 2      5.5    6.8    7      10.8   12.4   11.4   12     9.4    3.2    1.7    -6        76.2       6.4 12
                         2018 -0.4   5.8    6.6    7.9    10.2   11.4   10.7   11.5   12     8.2    0.4    -3.4      80.9       6.7 12
                         2019 1      3.8    5.7    5.5    9.2    11.7                                                36.9       6.2  6
                         2021                                                         10.8   6.1                     16.9       8.4  2

MINIMA                        -13    -4     -7     -3     1      4      5      3      2      -2.5   -8     -8        -6.0      -1.2
MAXIMA                        4      5.8    6.8    9.6    12.5   12.5   12.2   12.9   12.4   8.5    9      3.5       91.9       8.4
MEDIA                         -1.544 0.1885 1.7184 5.4447 8.3789 10.263 9.7638 9.6777 8.5459 4.5    0.9216 -1.244    51.1       4.6
DESV. ESTANDAR                3.2282 2.4485 3.2966 2.338  2.361  1.8952 1.851  1.8565 2.6383 2.8102 3.1407 2.7989    24.28      2.1


TEMP MINIMA PROM
                         1980                                                                       5.8518 5.3709    11.2       5.6  2
                         1981 3.5161 6.3214 8.4193 10.7   12.145 14.083 13.516 13.209 12.366 11.032 6.55   6.0645   117.9       9.8 12
                         1982 4.8064 5.5178 9.258  12.6   13.564 14.4   12.854 12.532 12.25  9.3064 6.8666 4.4516   118.4       9.9 12
                         1983 3.1612 2.7142 5.3709 8.75   13.354 13.6   12.951 12.661 12.6   8.9516 6.6333 4.2741   105.0       8.8 12
                         1984 4.5322 4.2758 6.8871 11.333 10.377 12.483 12.08  11.709 11.516 9.5322 5.3666 4.129    104.2       8.7 12
                         1985 2.6451 5.4821 8      8.9666 12.661 12.383 11.354 11.467 10.616 9.4838 5.3    4.1451   102.5       8.5 12
                         1986 2.1935 4.2857 3.8871 10.7   12.693 13.133 11.774 11.419 11.733 9.3064 6.9    4.3064   102.3       8.5 12
                         1987 1.8871 4.0714 4.9354 8.4833 10.516 12.733 12.871 12.596 12.466 7.3387 5.5166 5.5322    98.9       8.2 12
                         1988 1.9354 5.5517 6.258  10.616 12.241 12.836 13.08  12.758 11.2   7.8709 5.9    4.4677   104.7       8.7 12
                         1989 5.0645 5.125  5.4838 9.2833 11.741 12.883 12.451 12.967 10.766 7.5871 6.3    3.4838   103.1       8.6 12
                         1990 4.7741 5.3571 7.058  9.9666 13.209 13.4   12.822 12.564 11.716 9.9354 5.4333 3.9838   110.2       9.2 12
                         1991 4.6612 5      8.0161 11.183 12.564 13.25  12.725 11.935 11.816 8.7419 5.6666 5.8064   111.4       9.3 12
                         1992 5.5322 4.0689 6.9677 8.1833 10.241 12.45  12.403 11.951 11.416 9.6129 6.1    5.6612   104.6       8.7 12
                         1993 5.6935 5.1071 6.4032 9.65   10.854 13.716 12.822 12.241 12.1   9.7419 7.15   5.0483   110.5       9.2 12
                         1994 4.3871 6.2142 8.0645 10.4   13     13.516 11.919 12.564 11.366 10.403 7.5166 6.2096   115.6       9.6 12
                         1995 4.2258 7.0178 7.629  9.6166 13.741 14.05  12.774 13.29  11.916 7.4516 6.9166 4.4032   113.0       9.4 12
                         1996 2      4.4655 5.6935 9.0333 13.177 13.7   12.435 12.564 12.233 9.2096 5.0333 4.8064   104.4       8.7 12
                         1997 2.9677 4.8928 7.0161 7.95   10.258 13.616 13.241 12.225 11.883 9.3548 6.8666 1.5483   101.8       8.5 12
                         1998 1.7741 2.1071 6.2096               14.187 13.615 13.193 13.166 10.822 7.4833 4.0967    86.7       8.7 10
                         1999 1.1935 5.4285 7.4032 10.95  11.612 13.533 12.145 12.419 11.216 7.4516 3.1333 1.5806    98.1       8.2 12
                         2000 2.4516 4.5172 7.258  10.233 12.58  13.566 12.064 11.871 12.166 10.064 7.55   3.5      107.8       9.0 12
                         2001 5.1451 7.0178 7.0967 11.533 12.354 13.1   13.016 13.387 12.583 8.8709 5.8653 5.5434   115.5       9.6 12
                         2002 3.9677 5.4107 8.8064 11.316 13.225 13.5   13.193 12.871 13.616 11.048 8.2    4.5483   119.7      10.0 12
                         2003 4.5    6.6964 7.6612 12.483 13.725 14.166 13.136 12.931 13.583 10.112 7.1666 2.1774   118.3       9.9 12
                         2004 4.4838 3.5344 7.9354 8.95   11.629 13.25  12.29  12.129 12.35  10.79  6.1166 4.4193   107.9       9.0 12
                         2005 4.2741 2.9107 4.129  8.6333 9.4838 12.35  11.178 10.31  8.7857 7.3387 1.9166 0.875     82.2       6.8 12
                         2006 -1.5   3.1071 5.5806 9.5    6.3958 7.1833 7.0434 6.4032 5.5                            49.2       5.5  9
                         2007 1.75   2.1904        8.2    11.645 11.937 10.516 12.758 11.033 8.5806 3.4761           82.1       8.2 10
                         2008               6.4354 11.05  13.048 12.625 10.103 10.258 8.55   4.0161 0.7333 -1.318    75.5       7.6 10
                         2009 1.1041        4.3064 8.2592 11.7   12.857 11.033 11.366 11.053 7.9677 1.4285 0.8275    81.9       7.4 11
                         2010 -0.371        2.3103 5.4482 8.9677 10.966                                              27.3       5.5  5
                         2011 -0.574 2.2857 5.1612 8.2586 10.306                                    3.2833 2.4838    31.2       4.5  7
                         2012 2.1451 3.6896 6.1935 7.15   10.274 10.333 9.4333 9.6451 8.2833 6.7096 4      2.7903    80.6       6.7 12
                         2013 3.2258 1.8214 5.8225 11.733 14.435 13.933 12.629 12.225 11.95  10.096 7.7333 6.0225   111.6       9.3 12
                         2014 3.9516        9.3645 11.176 13.258 14.48  13.648 13.335 13.924 10.98  7.3931 6.732    118.2      10.7 11
                         2015 6.9709 7.8095 8.2173 12.882 11.511 15.184 13.59  13.129 14.203 12.717 12.073 5.932    134.2      11.2 12
                         2016 3.2896 5.4655 8.758  11.156 15.235 13.926 13.703 14.341 13.183 11.925 8.9533 7.7387   127.7      10.6 12
                         2017 6.7322 7.3541 9.4451 10.4   14.035 14.603 13.854 14.216 13.616 10.861 6.9366 5.8      127.9      10.7 12
                         2018 4.7967 8.4321 9.3774 11.106 13.383 14.158 12.961 13.319 13.79  12.035 8.2785 4.6481   126.3      10.5 12
                         2019 5.4225 8.4857 9.4967 10.64  14.1   15.488                                              63.6      10.6  6
                         2021                                                         12.97  11.251                  24.2      12.1  2

MINIMA                        -1.5   1.8214 2.3103 5.4482 6.3958 7.1833 7.0434 6.4032 5.5    4.0161 0.7333 -1.318    11.2       4.5
MAXIMA                        6.9709 8.4857 9.4967 12.882 15.235 15.488 13.854 14.341 14.203 12.717 12.073 7.7387   134.2      12.1
MEDIA                         3.3873 4.9638 6.9031 9.9599 12.085 13.199 12.312 12.243 11.77  9.4029 6.0429 4.2247    96.0       8.8
DESV. ESTANDAR                1.9341 1.7752 1.7286 1.6028 1.7441 1.4268 1.3664 1.4093 1.7366 1.7425 2.1651 1.8783    29.80      1.6


