COMISIÓN NACIONAL DEL AGUA
COORDINACIÓN GENERAL DEL SERVICIO METEOROLÓGICO NACIONAL
PROYECTO DE BASES DE DATOS CLIMATOLÓGICOS
    
                         AÑO  ENE    FEB    MAR    ABR    MAY    JUN    JUL    AGO    SEP    OCT    NOV    DIC  ACUMULADO  MEDIA  MESES
00001020
PRESA LA CODORNIZ, CALVI
DIAS CON GRANIZO
                         1963                                                  0      0      0      0      0          0.0       0.0  5
                         1964 0      0      0      0      0      0      0      0      0      0      0      0          0.0       0.0 12
                         1965 0      0      0      0      0      0      0      0      0      0      0      0          0.0       0.0 12
                         1966 0      0      0      0      0      0      0      0      0      0      0      0          0.0       0.0 12
                         1967 0      0      0      0      0      0      0      0      0      0      0      0          0.0       0.0 12
                         1968 0      0      0      0      0      0      0      0      0      0      0      0          0.0       0.0 12
                         1969 0      0      0      0      0      0      0      0      0      0      0      0          0.0       0.0 12
                         1970 0      0      0      0      0      0      0      2      1      0      0      0          3.0       0.3 12
                         1971 0      0      0      0      0      0      0      0      0      0      0      0          0.0       0.0 12
                         1972 0      0      0      0      0      0      0      0      0      0      0      0          0.0       0.0 12
                         1973 0      0      0      0      0      0      0      0      0      0      0      0          0.0       0.0 12
                         1974 0      0      0      0      0      0      2      0      1      0      0      0          3.0       0.3 12
                         1975 0      0      0      0      0      0      0      3      0      0      0      0          3.0       0.3 12
                         1976 0      0      0      0      0      0      0      0      0      0      0      0          0.0       0.0 12
                         1977 0      0      0      0      0      0      0      0      0      0      0      0          0.0       0.0 12
                         1978 0      0      0      0      0      0      0      1      0      0      0      0          1.0       0.1 12
                         1979 0      0      0      0      0      0      0      0      0      0      0      0          0.0       0.0 12
                         1980 0      0      0      0      0      0      0      0      0      0      0      0          0.0       0.0 12
                         1981 0      0      0      0      0      0      1      0      0      0      0      0          1.0       0.1 12
                         1982 0      0      0      0      0      0      1      0      0      0      0      0          1.0       0.1 12
                         1983 0      0      0      0      0      0      0      0      0      0      0      0          0.0       0.0 12
                         1984 0      0      0      0      0      0      0      0      0      0      0      0          0.0       0.0 12
                         1985 0      0      0      0      0      0      1      0      0      0      0      0          1.0       0.1 12
                         1986 0      0      0      0      0      0      0      0      0      0      0      0          0.0       0.0 12
                         1987 0      0      0      0      0      0      0      0      0      0      0      0          0.0       0.0 12
                         1988 0      0      0      0      0      0      1      0      0      0      0      0          1.0       0.1 12
                         1989 0      0      0      0      0      0      0      0      0      0      0      0          0.0       0.0 12
                         1990 0      0      0      0      0      0      1      0      0      0      0      0          1.0       0.1 12
                         1991 0      0      0      0      0      0      0      0      0      0      0      0          0.0       0.0 12
                         1992 0      0      0      0      0      0      0      0      0      0      0      0          0.0       0.0 12
                         1993 0      0      0      0      0      0      0      0      0      0      0      0          0.0       0.0 12
                         1994 0      0      0      0      0      0      0      0      0      0      0      0          0.0       0.0 12
                         1995 0      0      0      0      0      0      0      0      0      0      0      0          0.0       0.0 12
                         1996 0      0      0      0      0      0      0      0      0      0      0      0          0.0       0.0 12
                         1997 0      0      0      0      0      0      0      0      0      0      0      0          0.0       0.0 12
                         1998 0      0      0      0      0      0      0      0      0      0      0      0          0.0       0.0 12
                         1999 0      0                    0      0      0      0      0      0      0      0          0.0       0.0 10
                         2000 0      0      0      0      0      0      0      0      0      0      0                 0.0       0.0 11
                         2001        0      0      0      0      0             0      0      0      0      0          0.0       0.0 10
                         2002 0      0      0                    0      0      0      0      0      0      0          0.0       0.0 10
                         2003 0      0      0      0      0      0      0      0      0      0      0      0          0.0       0.0 12
                         2004 0      0      1      0      0      0      1      0      3      0      0      0          5.0       0.4 12
                         2005 0      0      0      0      0      0      0      0      0      0      0      0          0.0       0.0 12
                         2006 0      0      0      0      0      0      0      0      0      0      0      0          0.0       0.0 12
                         2007 0      0      0      0      0      0      0      0      0      0      0      0          0.0       0.0 12
                         2008 0      0      0      0      0      0      1      2      0      0      0      0          3.0       0.3 12
                         2009 0      0      0      0      0      3      1      1      0      0      0      2          7.0       0.6 12
                         2010 0      0      0      0      0      1      0      0      4      0      0      0          5.0       0.4 12
                         2011 0      0      0      0      2      0      0      1      2      0      0      0          5.0       0.4 12
                         2012 1      0      0      1      0      5      0      0      1      0      0      0          8.0       0.7 12
                         2013 0      0      0      0      0      0      0      0      0      0      0      0          0.0       0.0 12
                         2014 0      0      0      0      0      0      0      0      0      0      0      0          0.0       0.0 12
                         2015 0             0      0      0      0      0      0      0      0      0      0          0.0       0.0 11
                         2016 0      0      0      0      0      0      0      0      0      0      0      0          0.0       0.0 12
                         2017 0      0      0      0      0      0      0      0      0      0      0      0          0.0       0.0 12
                         2018 0      0      0      0      0      0      0      0      0      0      0      0          0.0       0.0 12
                         2019 0      0      0      0      0      0      0      0      0      0      0      0          0.0       0.0 12
                         2020 1             0      0      0      0      0      0      0      0      0      0          1.0       0.1 11
                         2021 0      0      0      0      0      0      0      0      0      0                        0.0       0.0 10

MINIMA                        0      0      0      0      0      0      0      0      0      0      0      0          0.0       0.0
MAXIMA                        1      0      1      1      2      5      2      3      4      0      0      2          8.0       0.7
MEDIA                         0.035  0      0.0175 0.0178 0.035  0.1551 0.1754 0.1694 0.2033 0      0      0.035      0.8       0.1
DESV. ESTANDAR                0.1856 0      0.1324 0.1336 0.2649 0.7678 0.4277 0.5617 0.7138 0      0      0.2649     1.81      0.2


DIAS CON NIEBLA 
                         1963                                                  0      2      0      0      0          2.0       0.4  5
                         1964 0      0      0      0      0      0      0      0      2      3      0      0          5.0       0.4 12
                         1965 0      0      0      0      0      0      0      0      0      0      0      0          0.0       0.0 12
                         1966 0      0      0      0      0      0      0      0      0      0      0      0          0.0       0.0 12
                         1967 0      0      0      0      0      0      0      0      0      0      0      0          0.0       0.0 12
                         1968 0      0      0      0      0      0      0      0      0      0      0      0          0.0       0.0 12
                         1969 0      0      0      0      0      0      0      0      0      2      0      0          2.0       0.2 12
                         1970 0      0      0      0      0      0      0      0      4      0      0      0          4.0       0.3 12
                         1971 0      0      0      0      0      0      0      0      0      0      0      0          0.0       0.0 12
                         1972 0      0      0      0      0      0      0      0      0      0      0      0          0.0       0.0 12
                         1973 0      0      0      0      0      1      0      0      0      0      0      0          1.0       0.1 12
                         1974 0      0      0      0      0      0      2      0      0      0      0      0          2.0       0.2 12
                         1975 0      0      0      9      0      1      0      0      0      0      0      0         10.0       0.8 12
                         1976 0      1      0      0      0      2      0      0      0      0      0      0          3.0       0.3 12
                         1977 0      0      0      0      0      0      0      0      0      0      0      0          0.0       0.0 12
                         1978 0      0      0      0      0      0      0      0      0      0      0      0          0.0       0.0 12
                         1979 0      0      0      0      0      0      1      3      3      0      0      1          8.0       0.7 12
                         1980 1      0      0      0      0      0      0      2      1      1      0      3          8.0       0.7 12
                         1981 3      0      1      0      0      0      1      2      1      1      0      0          9.0       0.8 12
                         1982 1      0      0      0      0      0      3      1      1      3      0      1         10.0       0.8 12
                         1983 1      0      0      0      0      0      0      0      0      2      1      0          4.0       0.3 12
                         1984 1      0      0      0      0      1      0      2      0      1      0      2          7.0       0.6 12
                         1985 0      0      0      0      0      3      1      2      0      0      0      0          6.0       0.5 12
                         1986 0      0      0      0      0      3      2      0      0      0      0      0          5.0       0.4 12
                         1987 3      0      0      0      1      0      0      2      1      0      0      0          7.0       0.6 12
                         1988 0      0      0      0      0      1      0      4      3      0      0      0          8.0       0.7 12
                         1989 0      0      0      0      0      0      0      1      0      0      0      1          2.0       0.2 12
                         1990 0      0      0      0      0      0      3      4      3      0      0      0         10.0       0.8 12
                         1991 0      0      0      0      0      1      9      0      0      0      0      0         10.0       0.8 12
                         1992 5      0      0      0      0      0      0      2      3      2      0      0         12.0       1.0 12
                         1993 0      0      0      0      0      0      2      1      2      2      1      0          8.0       0.7 12
                         1994 0      0      0      0      0      0      0      0      0      2      0      0          2.0       0.2 12
                         1995 0      0      0      0      0      2      1      0      1      1      0      0          5.0       0.4 12
                         1996 0      0      0      0      0      0      0      0      1      3      0      0          4.0       0.3 12
                         1997 0      0      2      0      0      0      0      0      1      1      1      0          5.0       0.4 12
                         1998 0      0      0      0      0      0      0      3      5      2      0      0         10.0       0.8 12
                         1999 0      0                    0      0      0      0      0      0      0      0          0.0       0.0 10
                         2000 0      0      0      0      0      0      0      0      0      0      0                 0.0       0.0 11
                         2001        0      0      0      0      0             0      0      0      0      0          0.0       0.0 10
                         2002 0      0      0                    0      0      0      0      0      0      0          0.0       0.0 10
                         2003 0      0      0      0      0      0      0      0      0      0      0      0          0.0       0.0 12
                         2004 0      0      0      0      0      0      0      0      0      0      0      0          0.0       0.0 12
                         2005 0      0      0      0      0      0      0      0      0      0      0      0          0.0       0.0 12
                         2006 0      0      0      0      0      0      0      0      0      0      0      0          0.0       0.0 12
                         2007 0      0      0      0      0      0      0      0      0      0      0      0          0.0       0.0 12
                         2008 0      0      0      0      0      0      0      0      0      0      0      0          0.0       0.0 12
                         2009 0      0      0      0      0      0      0      0      0      0      0      0          0.0       0.0 12
                         2010 0      1      0      0      0      0      0      0      0      0      0      0          1.0       0.1 12
                         2011 0      0      0      0      0      0      0      1      1      0      0      0          2.0       0.2 12
                         2012 0      0      0      0      0      0      0      0      0      0      0      0          0.0       0.0 12
                         2013 1      0      0      0      0      0      0      0      0      0      0      0          1.0       0.1 12
                         2014 0      0      0      0      0      0      0      0      0      1      0      0          1.0       0.1 12
                         2015 0             0      0      0      0      0      0      0      0      0      0          0.0       0.0 11
                         2016 0      0      0      0      0      0      0      0      0      0      0      0          0.0       0.0 12
                         2017 0      0      0      0      0      0      0      0      0      0      0      0          0.0       0.0 12
                         2018 0      0      0      0      0      0      0      0      0      0      0      0          0.0       0.0 12
                         2019 0      0      0      0      0      0      0      0      0      0      0      0          0.0       0.0 12
                         2020 0             0      0      0      0      0      0      0      0      0      0          0.0       0.0 11
                         2021 0      0      0      0      0      0      0      0      0      0                        0.0       0.0 10

MINIMA                        0      0      0      0      0      0      0      0      0      0      0      0          0.0       0.0
MAXIMA                        5      1      2      9      1      3      9      4      5      3      1      3         12.0       1.0
MEDIA                         0.2807 0.0357 0.0526 0.1607 0.0175 0.2586 0.4386 0.5084 0.5932 0.4576 0.0517 0.1403     2.9       0.2
DESV. ESTANDAR                0.8814 0.1872 0.294  1.2026 0.1324 0.6897 1.363  1.0401 1.1464 0.8773 0.2234 0.5154     3.68      0.3


DIAS CON TORMEN.
                         1963                                                  0      0      0      0      0          0.0       0.0  5
                         1964 0      0      0      0      0      0      0      0      0      0      0      0          0.0       0.0 12
                         1965 0      0      0      0      0      0      0      0      0      0      0      0          0.0       0.0 12
                         1966 0      0      0      0      0      0      0      0      0      0      0      0          0.0       0.0 12
                         1967 0      0      0      0      0      0      0      0      0      0      0      0          0.0       0.0 12
                         1968 0      0      0      0      0      0      0      0      0      0      0      0          0.0       0.0 12
                         1969 0      0      0      0      0      2      5      3      2      1      0      0         13.0       1.1 12
                         1970 0      0      0      0      0      0      0      3      4      1      0      0          8.0       0.7 12
                         1971 0      0      0      0      0      0      0      0      0      0      0      0          0.0       0.0 12
                         1972 0      0      2      2      2      2      2      1      1      0      0      0         12.0       1.0 12
                         1973 0      0      0      0      0      0      1      1      1      1      0      0          4.0       0.3 12
                         1974 0      0      0      0      0      0      2      2      2      0      0      0          6.0       0.5 12
                         1975 0      0      0      0      0      0      1      3      0      0      0      0          4.0       0.3 12
                         1976 0      0      0      0      0      0      2      0      1      0      0      0          3.0       0.3 12
                         1977 0      0      0      0      0      2      2      0      1      0      0      0          5.0       0.4 12
                         1978 0      0      0      0      0      1      0      1      1      0      0      0          3.0       0.3 12
                         1979 0      0      0      0      0      0      0      2      0      0      0      0          2.0       0.2 12
                         1980 0      0      0      1      1      1      1      0      0      0      0      0          4.0       0.3 12
                         1981 0      0      0      0      0      0      1      1      0      0      0      0          2.0       0.2 12
                         1982 0      0      0      1      4      0      0      3      0      0      0      0          8.0       0.7 12
                         1983 0      0      0      0      3      0      0      0      0      0      0      0          3.0       0.3 12
                         1984 0      0      0      0      0      1      0      1      0      0      0      0          2.0       0.2 12
                         1985 0      0      0      0      0      0      1      2      2      0      0      0          5.0       0.4 12
                         1986 0      0      0      0      0      0      0      2      1      1      0      0          4.0       0.3 12
                         1987 0      0      0      0      0      0      0      0      0      0      0      0          0.0       0.0 12
                         1988 0      0      0      0      0      1      1      1      0      0      0      0          3.0       0.3 12
                         1989 0      0      0      0      0      0      1      2      1      0      0      0          4.0       0.3 12
                         1990 0      0      0      0      0      1      1      0      0      1      0      0          3.0       0.3 12
                         1991 0      0      0      0      0      0      0      0      0      0      0      0          0.0       0.0 12
                         1992 0      0      0      0      0      0      0      0      0      0      0      0          0.0       0.0 12
                         1993 0      0      0      0      0      0      0      0      0      0      0      0          0.0       0.0 12
                         1994 0      0      0      0      0      0      0      0      0      0      0      0          0.0       0.0 12
                         1995 0      0      0      0      0      0      0      0      0      0      0      0          0.0       0.0 12
                         1996 0      0      0      0      0      0      0      0      0      0      0      0          0.0       0.0 12
                         1997 0      0      0      0      0      0      0      0      0      0      0      0          0.0       0.0 12
                         1998 0      0      0      0      0      0      0      0      0      0      0      0          0.0       0.0 12
                         1999 0      0                    0      3      3      3      2      0      0      0         11.0       1.1 10
                         2000 0      0      0      0      0      0      0      0      0      0      0                 0.0       0.0 11
                         2001        0      0      0      0      0             0      0      0      0      0          0.0       0.0 10
                         2002 0      0      0                    0      0      0      0      0      0      0          0.0       0.0 10
                         2003 0      0      0      0      0      0      0      0      0      0      0      0          0.0       0.0 12
                         2004 0      0      1      0      0      0      0      0      0      0      0      0          1.0       0.1 12
                         2005 0      0      0      0      0      0      0      0      0      0      0      0          0.0       0.0 12
                         2006 0      0      0      0      8      0      0      0      16     0      1      0         25.0       2.1 12
                         2007 0      0      0      0      3      7      11     0      6      0      1      0         28.0       2.3 12
                         2008 0      0      0      3      0      6      6      6      1      0      0      0         22.0       1.8 12
                         2009 0      0      0      0      1      3      0      0      0      0      0      0          4.0       0.3 12
                         2010 0      0      0      0      0      0      0      0      0      0      0      0          0.0       0.0 12
                         2011 0      0      0      0      0      0      0      0      0      0      0      0          0.0       0.0 12
                         2012 0      0      0      0      0      0      1      0      0      2      0      0          3.0       0.3 12
                         2013 0      0      0      0      1      2      0      0      0      0      1      0          4.0       0.3 12
                         2014 0      0      0      0      0      0      0      0      0      0      0      0          0.0       0.0 12
                         2015 0             0      3      0      0      0      0      0      0      0      0          3.0       0.3 11
                         2016 0      1      0      0      0      0      0      1      0      0      0      0          2.0       0.2 12
                         2017 0      0      0      0      0      1      0      0      0      0      0      0          1.0       0.1 12
                         2018 0      0      0      0      0      0      0      0      0      0      0      0          0.0       0.0 12
                         2019 0      0      0      0      0      0      0      0      0      0      0      0          0.0       0.0 12
                         2020 0             0      1      0      0      0      0      0      0      0      0          1.0       0.1 11
                         2021 0      0      0      0      0      0      0      0      0      0                        0.0       0.0 10

MINIMA                        0      0      0      0      0      0      0      0      0      0      0      0          0.0       0.0
MAXIMA                        0      1      2      3      8      7      11     6      16     2      1      0         28.0       2.3
MEDIA                         0      0.0178 0.0526 0.1964 0.4035 0.5689 0.7368 0.644  0.7118 0.1186 0.0517 0          3.4       0.3
DESV. ESTANDAR                0      0.1336 0.294  0.6444 1.3073 1.3651 1.8178 1.2    2.2822 0.3753 0.2234 0          5.93      0.5


EVAPORACION MEN.
                         1963                                                                190.6  146.5  117.8    454.9     151.6  3
                         1964 90.8   147.4  203.5  218.2  220.3  190.7  201.4  179    134.8  160    126.7  126.1  1,998.9     166.6 12
                         1965 132.2  125.4  202.4  212.2  251    211.7  151.7  124.4  124.5  149.8  136.2  97.1   1,918.6     159.9 12
                         1966 105.2  130.9  208.6  200    239.1  192    170.3  134.8  133.7  138.6  143.8  122.1  1,919.1     159.9 12
                         1967 127.2  157.2  214    261.4  243.3  171.8  179.8  150.8  129.2  136.2  131.4  101.7  2,004.0     167.0 12
                         1968 125.1  130    169.5  193.1  225.8  189.2  143.5  146.7  120.8  151.7  132.7  133    1,861.1     155.1 12
                         1969 191.1  213.1  330.34 363.9  364.4  334.3  256.2  244.1  200.3  207.7  206.5  180.4  3,092.3     257.7 12
                         1970 199.93 185.88 302.5  365.89 381.24 238.52 219.74 205.18 154.73 183.4  179.26 199.73 2,816.0     234.7 12
                         1971 197.7  254.1  318.9  357.4  331.7  203.7  205.9  160.4  138.4  150.1  190.8  168.8  2,677.9     223.2 12
                         1972 173.2  238.1  295.1  365.4  364.2  220.6  228.2  202.3  194    203.7  164.1  176.7  2,825.6     235.5 12
                         1973 185.5  205.3  339.5  364.5  322.5  252.6  179.6  160.8  168    157.1  190    176.8  2,702.2     225.2 12
                         1974 196.7  228.6  296.3  306.9  342.1  282.7  173    198.9  156.6  182.5  176.2  133    2,673.5     222.8 12
                         1975 166.5  209.7  325.4  349.8  348.1  223.5  192    168.5  180.8  203.3  207.1  179.2  2,753.9     229.5 12
                         1976 188.8  241.4  299.1  309.7  333.9  269.7  151.2  185.5  153.2  140.6  107.7  88.6   2,469.4     205.8 12
                         1977 149.1  202.8  279.4  241.4  286.4  196.2  176.8  155.3  154.1  157.5  147    143.6  2,289.6     190.8 12
                         1978 169.4  165.2  265.7  312.9  327.3  238.5  217.9  175.9  145.7  132.2  137    138.5  2,426.2     202.2 12
                         1979 150.9  158    259.7  304.9  306.5  254.2  211.4  164    163.6  232    186    107.5  2,498.7     208.2 12
                         1980 139.88 160.67 258.5  268.6  310.5  273.6  211.9  171.69 152.76 146.3  119.7  105.6  2,319.7     193.3 12
                         1981 104.2  145.65 201.7  218.56 255.7  212.65 170.8  195.6  163.83 147.3  158.1  123.1  2,097.2     174.8 12
                         1982 168.29 196.3  259.5  293.1  263.5  286.4  196.5  199.5  185.1  164.2  147.5  103.36 2,463.3     205.3 12
                         1983 100.5  165.6  246    308.6  286.1  245.7  163.4  162.9  138.2  165.3  130.3  148.6  2,261.2     188.4 12
                         1984 123    159.6  254.8  296.3  256.1  198.1  124.5  158.3  134.9  152.4  144.2  117.5  2,119.7     176.6 12
                         1985 118    158.9  249.9  227.9  283.3  157.7  160.6  183.9  169.9  144.4  118.7  110.8  2,084.0     173.7 12
                         1986 138.6  165.2  242.6  253.5  258.8  166.6  152.7  194.5  135.7  123.3  120.1  100.1  2,051.7     171.0 12
                         1987 110.1  121.3  214.5  207.1  222    189.8  151.3  163.3  150.3  147.1  109.5  99.1   1,885.4     157.1 12
                         1988 126.3  166.5  192    232.7  280    199.5  145    137.6  129.6  139.47 142.49 119.4  2,010.6     167.5 12
                         1989 140.2  148.5  219    224.4  264.6  211.5  163.2  123.8  135.1  146.6  123.2  96.8   1,996.9     166.4 12
                         1990 118.5  105.8  210    267.5  272.2  239    149.5  159.5  120.5  127.8  142.2  137.3  2,049.8     170.8 12
                         1991 118.92 163.08 277.42 286.3  304.15 227.79 100.68 165.67 103.28 142.5  131.16 92.16  2,113.1     176.1 12
                         1992 64.31  136.55 202.04 209.71 210.37 248.07 173.86 155.8  158.07 123.75 103.2  115.39 1,901.1     158.4 12
                         1993 134.28 177.94 224.74 243.34 276.84 203.49 172.05 187.24 125.99 130.98 120.38 132.54 2,129.8     177.5 12
                         1994 146.14 175.21 252.41 273.65 271.88 188.12 185.74 114.45 125.87 132.03 149.49 136.25 2,151.2     179.3 12
                         1995 143.42 152.77 226.84 282.52 282.78 222.74 169.53 122.47 126    172.49 132.75 122.79 2,157.1     179.8 12
                         1996 158.95 167.07 238.95 260.01 222.47 209.8  207.7  175.67 123.75 121.78 118.12 118.28 2,122.6     176.9 12
                         1997 116.33 146.31 180.31 170.94 238.85 212.7  171.61 180.21 169.63 137.63 129.45 131.18 1,985.2     165.4 12
                         1998 149.94 169.12 197.83 296.61 319.54 251.7  209.18 168.55 91.66  109.7  154.85 162.94 2,281.6     190.1 12
                         1999 159.99 171.88               294.78 213.75 157.74 152.7  146.6  165.76 144.44 131.45 1,739.1     173.9 10
                         2000 156.94 173.17 262.65 279.65 242.4  156.88 190.2  160.78 146.37 150.22 148.69        2,068.0     188.0 11
                         2001        158.25 227.01 252.79 227.92 198.61                                           1,064.6     212.9  5
                         2002 123.92                                    137.53 153.77 110.16 110.31 98.48  116.87   851.0     121.6  7
                         2003 123.92 164.63 237.85 253.07 291.69 205.25 163.66 141.08 111.81 134.17 139.76 139.71 2,106.6     175.6 12
                         2004 111.31 161.56 214.62 262.05 220.44 150.4  166.98 172.59 153.05 135.05 134.56 107.49 1,990.1     165.8 12
                         2005 128.35 113.75 206.99 246.96        138.58 177.62 122.45 103.19 118    109.18 130.37 1,595.4     145.0 11
                         2006 119.77 155.75 229.84 264.17 240.68 207.79 178.94 135.93 105.05 101.85 107.62 92.65  1,940.0     161.7 12
                         2007 96.59  135    209.44 245.44 282.93 184.3  134.73 132.59 117.7  156.13 139.98 136.38 1,971.2     164.3 12
                         2008 154.29 173.79 238.91 269.26 270.72 168.5  142.62 163.07 122.63 141.85 131.02 122.51 2,099.2     174.9 12
                         2009 137.23 168.46 224.78 257.49 197.47        180.81 182.51 108.8  91.77  101.95 91.72  1,743.0     158.5 11
                         2010 93.99  104.99 188.12 227.62 252.81 200.8  132.78 180.04 149.48 149.13 134.42 128.18 1,942.4     161.9 12
                         2011 124.59 156.47 199.3  236.69 256.6  224.18 182.97 179.14 149.32 140.3  132.75 137.97 2,120.3     176.7 12
                         2012 131.02 125.07 208.59 224.43 263.43 204.99 141.06 137.36 96.5   127.59 108.9  121.43 1,890.4     157.5 12
                         2013 120.15 153.11 201.27 242.45 243.44 206.92 152.08 154.18 86.28  110.04 86.99  95.25  1,852.2     154.3 12
                         2014 99.45  133.4  160.85 200.13 172.97 180.18 132.76 152.92 127.99 132.31 102.28 85.16  1,680.4     140.0 12
                         2015 100.85        128.7  178.37 208.64 156.85 171.24 160.93 109.52 109.67 89.56  80.22  1,494.6     135.9 11
                         2016 97.45  130.51 157.95 215.83 235.92 194.33 183.11 155.72 140.08 125.36 96.28  119.3  1,851.8     154.3 12
                         2017 133.01 127.6  187.27 241.93 289.09 227.07 157.94 148.02 112.9  118.29 109.97 84     1,937.1     161.4 12
                         2018 102.4  106.75 182.9  200.47 199.34 175.21 168.39 134.49 118.39 120.19 87.89  91.67  1,688.1     140.7 12
                         2019 101.11 141.62 201.76 233.39 257.44 196.63 185.06 177.45 135.33 107.4  82.06  79.13  1,898.4     158.2 12
                         2020 65.8                                                                                   65.8      65.8  1

MINIMA                        64.31  104.99 128.7  170.94 172.97 138.58 100.68 114.45 86.28  91.77  82.06  79.13     65.8      65.8
MAXIMA                        199.93 254.1  339.5  365.89 381.24 334.3  256.2  244.1  200.3  232    207.1  199.73 3,092.3     257.7
MEDIA                         133.05 161.68 231.99 260.76 270.67 211.22 172.3  163.18 137.15 144.59 133.77 122.82 2,019.9     175.7
DESV. ESTANDAR                31.809 33.727 46.114 49.6   46.083 37.416 28.671 24.836 25.245 27.903 29.138 27.767   514.18     31.0


LLUVIA MAX 24 H.
                         1963                                                  39     17.4   9      4.8    12        82.2      16.4  5
                         1964 2.5    16.4   0      0      11     9.9    31     25     21.2   12.3   4.1    10       143.4      12.0 12
                         1965 18.4   22     0      20.5   24.8   28     25     26     21     12     6.3    15       219.0      18.3 12
                         1966 9      3.5    10     18     12     28.5   27     41     21     11.5   18.4   0        199.9      16.7 12
                         1967 25     3      3.5    0      50.7   23.9   16     33.5   41.8   13.7   9.2    6.2      226.5      18.9 12
                         1968 2.3    14     47.7   0.5    15.3   20     23.2   17.1   41.2   20.7   3.1    8        213.1      17.8 12
                         1969 14.7   2.4    0      0      3.1    11.9   32.5   20.6   8.5    15     4.9    12.8     126.4      10.5 12
                         1970 1.2    24.3   0      0      0      37     65.8   22.8   47.9   24.4   9.4    0        232.8      19.4 12
                         1971 3      0      0      0      47.5   30.4   27     56.5   26.1   15.8   0      1.2      207.5      17.3 12
                         1972 1.7    0      8      1.6    17.4   16     30.4   27     27     5.8    18     2.1      155.0      12.9 12
                         1973 20.7   7.8    0      0.7    13.9   11.5   39.5   52     25.8   18     0      0        189.9      15.8 12
                         1974 0.3    0      0      0      15.3   12.1   27.3   27     91.5   8.2    0.7    6.7      189.1      15.8 12
                         1975 13.5   0      0      0      9.5    17.4   48     31.5   10.4   3      0      24.5     157.8      13.2 12
                         1976 0      0      1      1.5    3      7.3    39     31.4   26     16.8   31     7.3      164.3      13.7 12
                         1977 3      0      0      7.8    4.5    34     39.5   27.2   21.3   19.8   4.4    3.6      165.1      13.8 12
                         1978 0      1.8    0      0      2.2    27.3   20.3   55.6   44.1   19.4   2.7    2.8      176.2      14.7 12
                         1979 0.5    8.1    0      0      0.3    4.5    71.8   28.1   26.3   0      0      50.1     189.7      15.8 12
                         1980 21.6   15.5   0      6.5    1.3    26.6   25.2   40.8   38.6   19.4   25.2   8.9      229.6      19.1 12
                         1981 26.6   2.7    3      5.7    4.7    37.8   15.2   59.6   14.8   25.3   31     9.4      235.8      19.7 12
                         1982 0      0      0      24.9   7      7.4    20.5   28.3   16.9   29.1   39.5   20       193.6      16.1 12
                         1983 12.2   0      11.5   0      21.5   12     39     31     35.9   31.5   20     0.6      215.2      17.9 12
                         1984 26.4   1.5    0      0      2.5    20     32.7   46     33.5   15.2   5      8.1      190.9      15.9 12
                         1985 1.1    0      0      2.8    4      23.7   41.5   52.7   33.7   37.9   7      10.6     215.0      17.9 12
                         1986 0      5.5    0      4.4    11     34.6   40.1   40.5   29.5   40.2   21.9   1.8      229.5      19.1 12
                         1987 18.6   13.5   0      8.9    19.8   15.8   22.7   29.8   43.5   0      0      6.6      179.2      14.9 12
                         1988 7.8    0      5.1    0.3    0      97.2   37.4   24.5   17.5   4.4    0      3        197.2      16.4 12
                         1989 0      1.4    0      0      20.6   13.8   22.8   28     13.5   0.9    22     11.5     134.5      11.2 12
                         1990 8.6    18.6   3.7    0.8    15.1   42.1   41.6   60.3   20.4   27     0      0        238.2      19.9 12
                         1991 0      2.7    0      0      0      17.1   45.6   21.8   10.3   4.5    1.7    3.7      107.4       8.9 12
                         1992 47     7.2    0.8    5      8.7    40.6   25.3   12     34.5   124.2  11     6.7      323.0      26.9 12
                         1993 17.3   0      0      2.6    6.9    24.6   32.3   31.6   36     6.1    4.4    1        162.8      13.6 12
                         1994 13.4   0      0.5    3.8    4.9    35.2   13.1   18.7   14.7   19     0      0        123.3      10.3 12
                         1995 1.2    1      0      0      3.2    22.4   41.5   28.8   26.6   0      0.7    4.6      130.0      10.8 12
                         1996 0      2.1    0      9.7    2.8    14.7   38.5   31     20.4   25.4   2.1    0        146.7      12.2 12
                         1997 17.9   12.8   5.7    17.3   3.4    26.6   45.9   9      16     19     8.7    1.3      183.6      15.3 12
                         1998 0      1.2    0      0      0      30.6   17.2   36     43     18.7   0.8    0        147.5      12.3 12
                         1999 0      0      0      0      3.3    34.3   47.5   18.3   27.1   8.6    0      0        139.1      11.6 12
                         2000 0      0      0      0      61.4   26.5   20     57.7   21.7   6.1    0               193.4      17.6 11
                         2001        0      20.5   14.8   8.4    17.5   29.3   39.5   32.5   7.7    2.5    5.8      178.5      16.2 11
                         2002 14     19.5   0      0.6    14.6   14     39.7   39     28.4   18.5   16.1   0        204.4      17.0 12
                         2003 5      0.2    0      0      6.2    49.8   61.5   20     48     9.5    0      0        200.2      16.7 12
                         2004 16.8   0.7    42     0      13.2   85     29.5   29.4   44.1   14.3   0      0        275.0      22.9 12
                         2005 0      24.3   4.8    0      3.4    35     23     35     20.2   5      0      1.5      152.2      12.7 12
                         2006 1.5    0      0      0.5    14     20     25     51.5   20     40.5   24     19       216.0      18.0 12
                         2007 9      12.3   0      0.5    0.8    53.6   73.5   44     17     8      8.2    0        226.9      18.9 12
                         2008 0      3.5    0      5.5    7.5    27     35     41     25.3   15.9   0      0        160.7      13.4 12
                         2009 0.2    0      0      0.2    14.5   25.5   21     37.5   28.3   12.4   17.5   3.5      160.6      13.4 12
                         2010 20     44.8   0      0      0      9.8    22.5   27.9   27.4   0.1    0      0        152.5      12.7 12
                         2011 0.1    0      0      0      6      5.5    10.2   20     50.3   16     0.2    0        108.3       9.0 12
                         2012 6.5    17     0      0      4.5    15     53.3   27.5   30     6.4    0      14.9     175.1      14.6 12
                         2013 37     0      0      0      4.5    13     51.5   34     29     20     9.5    35       233.5      19.5 12
                         2014 1      0      0      0      14.9   40     18.5   64     59     19     18     4.5      238.9      19.9 12
                         2015 5             43.5   7      18.5   31.2   30     27.5   27.5   32     13.9   30       266.1      24.2 11
                         2016 0      9      6      2.5    6      22     39     38     13     21     13     0        169.5      14.1 12
                         2017 3      2.5    3      0      0.5    25     28.5   48     44.5   51     0      20       226.0      18.8 12
                         2018 25.5   28     0      0      14     46     37     30.4   33     40     26     13.5     293.4      24.5 12
                         2019 8             0      0      0             27     54            28            5.5      122.5      15.3  8
                         2020 44            4      1      13     18     52.5   29     37     9.9    0      8        216.4      19.7 11
                         2021 3.5    0      0      8      14     29     58     45     35     22                     214.5      21.5 10

MINIMA                        0      0      0      0      0      4.5    10.2   9      8.5    0      0      0         82.2       8.9
MAXIMA                        47     44.8   47.7   24.9   61.4   97.2   73.5   64     91.5   124.2  39.5   50.1     323.0      26.9
MEDIA                         9.3964 6.3781 3.8672 3.1706 10.536 26.407 34.386 34.744 29.587 18.391 8.1912 7.3912   188.9      16.2
DESV. ESTANDAR                11.557 9.4288 10.225 5.6807 12.035 16.856 14.267 12.768 14.007 18.024 9.9984 9.752     46.91      3.8


LLUVIA TOTAL MEN
                         1963                                                  181.3  60.2   23     4.8    32.3     301.6      60.3  5
                         1964 11.5   16.7   0      0      29.4   46.9   111.8  89.2   151.8  44.3   15.6   23.5     540.7      45.1 12
                         1965 18.4   60.3   0      46.5   35.4   42.5   125.9  152.3  91.3   20     6.3    30.2     629.1      52.4 12
                         1966 20     6.5    13     35     24     84.2   163.9  284.5  76.9   34.7   18.4   0        761.1      63.4 12
                         1967 46.5   3      6.5    0      69.8   107.3  68.3   226.4  202.1  45.4   26.6   6.5      808.4      67.4 12
                         1968 2.8    24.7   100.6  0.5    23.5   71.7   151.5  75     111.5  35.8   9      16.5     623.1      51.9 12
                         1969 14.7   2.4    0      0      5.6    31.3   141.6  53.7   20.5   42     4.9    16.7     333.4      27.8 12
                         1970 1.2    49.9   0      0      0      174.1  186.6  149.2  221.7  37.7   13.1   0        833.5      69.5 12
                         1971 4.5    0      0      0      63.4   151.7  122.1  307.4  156.6  43     0      1.2      849.9      70.8 12
                         1972 4.3    0      11.2   2.8    47.4   94.5   76.8   68.3   94.8   10.4   31.6   2.7      444.8      37.1 12
                         1973 35.6   8.4    0      0.7    23.5   55.3   221.8  255.1  108.8  65.8   0      0        775.0      64.6 12
                         1974 0.3    0      0      0      26.8   20.2   153.3  136.5  183.5  12.7   0.7    13.5     547.5      45.6 12
                         1975 29.3   0      0      0      19.6   71.2   265.7  195.1  17.8   4.2    0      27.5     630.4      52.5 12
                         1976 0      0      1      1.5    3      24.8   341.3  99     236.6  49.6   89.4   22.5     868.7      72.4 12
                         1977 7.4    0      0      13.7   5.5    136    107.3  112.2  99.8   34.1   4.8    3.8      524.6      43.7 12
                         1978 0      3.1    0      0      3.7    95.2   76.2   198.1  160.4  43.3   3.4    3.3      586.7      48.9 12
                         1979 0.7    15.3   0      0      0.3    11.2   159.1  135    38.2   0      0      74.5     434.3      36.2 12
                         1980 56.2   21     0      7.3    2.3    32.3   99.1   184.5  88     89.2   36.1   27.4     643.4      53.6 12
                         1981 61.6   3.8    6.3    15.4   15.8   74.8   89.9   118.6  31.1   49.1   31     9.4      506.8      42.2 12
                         1982 0      0      0      24.9   15.2   16.1   114.5  108.6  41.5   61.8   52.7   43.9     479.2      39.9 12
                         1983 35.1   0      11.5   0      47.4   35.6   115.8  89.6   118.2  38.9   30.9   0.6      523.6      43.6 12
                         1984 39.9   1.5    0      0      8.6    134.2  157.2  160.9  42     31.4   5      12.2     592.9      49.4 12
                         1985 1.1    0      0      2.8    11.4   165.8  147.6  98.2   121.4  76.1   9.1    24.2     657.7      54.8 12
                         1986 0      5.5    0      6.3    14.8   168    122.6  61.5   151.2  100.7  22.7   2.2      655.5      54.6 12
                         1987 42.3   45.1   0      12.8   45.7   34.6   133.2  189.8  132.6  0      0      17.8     653.9      54.5 12
                         1988 7.8    0      7.4    0.3    0      157.4  249.6  130.3  70.1   4.5    0      3        630.4      52.5 12
                         1989 0      1.4    0      0      20.6   43.6   80.9   149.6  35.2   1.2    28.2   32.8     393.5      32.8 12
                         1990 8.6    32.6   3.7    0.8    31.4   112.1  222.3  312    90.8   68.2   0      0        882.5      73.5 12
                         1991 0      3.9    0      0      0      63.8   411.6  68.4   53.8   5.9    1.7    9.3      618.4      51.5 12
                         1992 189.6  9.8    0.8    5.2    23.7   62.5   96.1   92.7   57.3   215.8  21.1   6.7      781.3      65.1 12
                         1993 27.1   0      0      2.6    15.2   108.5  129.8  142.8  103.4  15.8   5.9    1        552.1      46.0 12
                         1994 13.4   0      0.5    6.3    8      117.6  46     104.3  80.8   47.3   0      0        424.2      35.4 12
                         1995 2.3    1.1    0      0      7.8    112.9  139.4  175.1  93.9   0      0.7    6.8      540.0      45.0 12
                         1996 0      2.1    0      9.7    3.9    52.2   94     141.8  142.3  43.5   5      0        494.5      41.2 12
                         1997 21.7   12.8   14.4   53.3   10.2   77.2   106.5  31.9   37.3   55.3   15.1   1.3      437.0      36.4 12
                         1998 0      1.2    0      0      0      88.9   56.7   124.4  142.5  46.7   0.8    0        461.2      38.4 12
                         1999 0      0      0      0      6.8    149.1  177.2  62.1   66.9   9.5    0      0        471.6      39.3 12
                         2000 0      0      0      0      124    117    92.2   84.4   73.4   12.2   0               503.2      45.7 11
                         2001        0      20.7   16.3   25.7   34.1   154.6  208.8  143.5  17.6   4.3    7.1      632.7      57.5 11
                         2002 14     41.1   0      0.9    20.5   46.7   165.3  195    102    27.8   35.4   0        648.7      54.1 12
                         2003 5.8    0.2    0      0      15.8   139.3  350.3  139    149.3  28.2   0      0        827.9      69.0 12
                         2004 48.5   0.7    64.7   0      44.3   189.2  131.4  165.2  219    34.3   0      0        897.3      74.8 12
                         2005 0      46.4   6.1    0      5.8    68     103.2  167    39.2   9      0      1.5      446.2      37.2 12
                         2006 3      0      0      0.5    32.5   80.5   93.5   238.5  107    119.5  25     22.9     722.9      60.2 12
                         2007 18.8   26.8   0      0.5    1.1    204.2  222.7  123.4  37.5   8      9.7    0        652.7      54.4 12
                         2008 0      3.5    0      7.6    7.5    68.9   209.8  333.6  83.6   16.2   0      0        730.7      60.9 12
                         2009 0.3    0      0      0.2    31.5   101    75.8   112.8  108.8  29.5   17.8   4.7      482.4      40.2 12
                         2010 41.7   103.6  0      0      0      45.2   100.8  61.6   129.7  0.1    0      0        482.7      40.2 12
                         2011 0.1    0      0      0      6      13.4   40.5   93.6   123.5  21.6   0.2    0        298.9      24.9 12
                         2012 9      49     0      0      8.7    68     183.4  148.9  54.8   14.7   0      14.9     551.4      46.0 12
                         2013 45     0      0      0      6      56.7   249    103.5  115.3  36.2   31.7   117.9    761.3      63.4 12
                         2014 2      0      0      0      33.1   172.5  62.5   131.5  139.5  29.5   25.5   8        604.1      50.3 12
                         2015 11.6          78     9      31.9   187.3  184.4  126.4  95     76.9   22.4   30.5     853.4      77.6 11
                         2016 0      11     7      3.5    12.7   110.9  280.2  236.7  31.5   34     20.3   0        747.8      62.3 12
                         2017 3      2.5    4.5    0      0.5    43.3   165.9  222.5  135.7  68     0      28       673.9      56.2 12
                         2018 50     30     0      0      39     250    108.5  84.4   184.2  113    30     14.5     903.6      75.3 12
                         2019 16.7          0      0      0             139    156.3         64            7        383.0      47.9  8
                         2020 52            4      1      18.5   84.5   256    82.4   118.9  9.9    0      9.1      636.3      57.8 11
                         2021 3.5    0      0      12.5   26     120.5  252.5  220    187    45                     867.0      86.7 10

MINIMA                        0      0      0      0      0      11.2   40.5   31.9   17.8   0      0      0        298.9      24.9
MAXIMA                        189.6  103.6  100.6  53.3   124    250    411.6  333.6  236.6  215.8  89.4   117.9    903.6      86.7
MEDIA                         18.05  11.761 6.2396 5.1793 20.013 91.693 153.18 147.47 105.36 39.357 12.577 12.971   613.6      52.6
DESV. ESTANDAR                29.392 20.358 18.481 10.871 21.52  54.979 77.678 68.306 53.942 36.46  16.672 20.03    159.38     13.3


TEMP MAXIMA EXT.
                         1963                                                         29.5   30.5   29     26       115.0      28.8  4
                         1964 26.5   27     30     32     34     34     33     31     30     26     28     26       357.5      29.8 12
                         1965 26     27     30     32     34     34     31     28     29     27     29     29       356.0      29.7 12
                         1966 25     26     30     32     35     35     32     31     30     30     28     26       360.0      30.0 12
                         1967 27     28     33     35     36.5   32     32.5   31.5   29     27.5   29     28       369.0      30.8 12
                         1968 28     28.5   31     32.5   34.5   34.5   30.5   31     29.5   30.5   27.5   29       367.0      30.6 12
                         1969 26.5   27     28     31     33     34     30.5   30.5   36.5   28     28.5   25       358.5      29.9 12
                         1970 24     24.5   29     34.5   31     32     29.5   28.5   28.5   27.5   26.5   26       341.5      28.5 12
                         1971 27     26     29.5   31.5   32.5   30.5   27     25     25     26     27     25       332.0      27.7 12
                         1972 25     26     27.5   32.5   32.5   30     28.5   27     29     27     27.5   25       337.5      28.1 12
                         1973 25     28     28.5   31.5   33.5   33.5   27     27     26.5   27     27.5   23       338.0      28.2 12
                         1974 25     25.5   28.5   31.5   32     31.5   26.5   27.5   27     25.5   26.5   23.5     330.5      27.5 12
                         1975 25     25     28.5   31.5   29.5   30     27.5   25.5   26     26     26.5   25.5     326.5      27.2 12
                         1976 23     26     28.5   28     31     30.5   26     27     27     24.5   22.5   21.5     315.5      26.3 12
                         1977 23     25     31     28.5   31.5   29     27     28     29     28     25     25.5     330.5      27.5 12
                         1978 25.5   25.5   29.5   32     32.5   30.5   30     26     24.5   24     26     25.5     331.5      27.6 12
                         1979 24     25.5   29     30.5   31     31.5   31     28     27     29.5   26     23       336.0      28.0 12
                         1980 23.5   25.5   29.5   30.5   33.5   34.5   30     27     27     26.5   25     23       335.5      28.0 12
                         1981 22.5   24.5   27     29.5   30.5   32     28     28.5   27.5   27     26.5   25.5     329.0      27.4 12
                         1982 28.5   30     34     35     36     38     31.5   31.5   31.5   32     29.5   24       381.5      31.8 12
                         1983 26     26     29.5   35     37     34.5   30     30     32     31     28.5   28       367.5      30.6 12
                         1984 26     27.5   30     33     33.5   32.5   27.5   29     29     31     30     28.5     357.5      29.8 12
                         1985 27     28     32     33.5   36     35     29.5   29.5   30.5   30.5   30     27       368.5      30.7 12
                         1986 28     31     32     34     36     33.5   30     31.5   30     29     31.5   27       373.5      31.1 12
                         1987 27.5   28.5   29.5   33.5   33.5   35.5   33.5   31.5   34     32     29.5   30.5     379.0      31.6 12
                         1988 31     30.5   32     34     34.5   34.5   31     30.5   31     30.5   32.5   28       380.0      31.7 12
                         1989 27.5   29     31     32.5   36.5   36     35.5   31     30.5   32     30.5   25.5     377.5      31.5 12
                         1990 27.5   26.5   32     32     35.5   34     27.5   27     27.5   29     28.5   27       354.0      29.5 12
                         1991 26     28     32     34     35     34.5   27.5   29.5   27.5   28     27.5   27       356.5      29.7 12
                         1992 23     26     30     30     31     33.5   31.5   28     30.5   27.5   26     27       344.0      28.7 12
                         1993 27     29     29.5   33     32.5   36     29.5   30.5   29     30.5   29     27.5     363.0      30.3 12
                         1994 27     29.5   32     33     34.5   33.5   32.5   28.5   30     30     30     28.5     369.0      30.8 12
                         1995 28.5   29.5   33     33     36     36     30     30     30     29.5   30     29       374.5      31.2 12
                         1996 29     31     29.5   32     34.5   32.5   31     31.5   27.5   29     28.5   28       364.0      30.3 12
                         1997 27     29.5   32     32     32.5   34.5   30.5   32     31.5   29.5   30.5   28       369.5      30.8 12
                         1998 26     31     32.5   34.5   36.5   36     31.5   30     27.5   29     28     28.5     371.0      30.9 12
                         1999 28     29.5   30.5   34.5   34     35.5   30     31     30.5   30     27     27       367.5      30.6 12
                         2000 28.5   30.5   32     35.5   34     34     34     29.5   31     32     29              350.0      31.8 11
                         2001        30.5   30     36     35     32.5   32     31.5   30.5   33     28.5   28.5     348.0      31.6 11
                         2002 30     30     34     38     38     35.5   29     31     30     29     28.5   28       381.0      31.8 12
                         2003 26.5   30     32     34     37.5   34     30     30     28.5   29     31     26.5     369.0      30.8 12
                         2004 26     28     32.5   34.5   29     27     25     24     23     25     23     21       318.0      26.5 12
                         2005 23     23     27     31     35     37     28     28     31     34     32     30       359.0      29.9 12
                         2006 29     33     33     38     38     37     34     31     29     31     29     28       390.0      32.5 12
                         2007 27     33     33     35     36     38.5   32     30     32     33.5   30     24       384.0      32.0 12
                         2008 28     33     33     39     36.5   34     29     29     28     29     28     29       375.5      31.3 12
                         2009 28     33     32     35     35     35     32     39     29     33     28     28       387.0      32.3 12
                         2010 27     26     30     31.5   37     35     30.5   32     31     32     32     28       372.0      31.0 12
                         2011 29     31     33     35     39     36     32     32.5   33     32     30     27       389.5      32.5 12
                         2012 29     30     32     35     37     35     31     31     32     33     30     30       385.0      32.1 12
                         2013 27     32     33     35     36     35     32     33     30     30     30     28       381.0      31.8 12
                         2014 26.5   30     31.5   32.5   33.5   32     30     30     29     32     27     27.5     361.5      30.1 12
                         2015 28            30     32     34     32     29     29     30     31     30     27.5     332.5      30.2 11
                         2016 28     31.5   30     32.5   35     34     30     29     30     31     30     29       370.0      30.8 12
                         2017 29.5   31.5   32.5   34.5   36     35     30     29     30     29     32     28.5     377.5      31.5 12
                         2018 27     30     34     33     37.5   39     31.5   30     29     28.5   28.5   27       375.0      31.3 12
                         2019 28            33.5          36            32     32            30.5          30       222.0      31.7  7
                         2020 28            35.5   35     34.5   35     31.5   30     30     33     32     30       354.5      32.2 11
                         2021 32     33     34.5   34.5   36.5   35     30     29.5   28.5   31.5                   325.0      32.5 10

MINIMA                        22.5   23     27     28     29     27     25     24     23     24     22.5   21       115.0      26.3
MAXIMA                        32     33     35.5   39     39     39     35.5   39     36.5   34     32.5   30.5     390.0      32.5
MEDIA                         26.789 28.536 31.017 33.184 34.465 33.894 30.206 29.663 29.344 29.491 28.543 26.886   352.4      30.2
DESV. ESTANDAR                2.0264 2.6031 1.9778 2.1581 2.2397 2.3101 2.1275 2.3139 2.2364 2.4041 2.1198 2.1609    41.14      1.7


TEMP MAXIMA PROM
                         1963                                                         26.516 26.387 25.883 23.629   102.4      25.6  4
                         1964 24.032 24.862 27.241 30.066 30.596 29.883 29.29  28.225 26.233 23.419 24.866 23.903   322.6      26.9 12
                         1965 23.451 22.37  27.709 29.483 31.08  31.216 27.871 25.387 26.766 25.58  27.2   22.967   321.1      26.8 12
                         1966 20.677 21.821 26.354 28.033 32.258 30.466 28.645 26.967 26.966 25.967 25.566 23.225   317.0      26.4 12
                         1967 22.387 25.892 28.338 31.616 31.322 29.116 28.177 27.209 24.716 24.774 25.6   22.774   321.9      26.8 12
                         1968 23.822 23.275 24     29.2   32.048 30.35  26.774 27.467 26.266 27.209 25.066 21.29    316.8      26.4 12
                         1969 22.919 23.089 25.5   28.983 29.774 30.683 27.241 26.822 25.85  24.677 23.75  21.08    310.4      25.9 12
                         1970 20.403 20.5   24.209 29.6   29.338 26.516 24.548 25.209 22.95  24.871 22.833 23.532   294.5      24.5 12
                         1971 22.758 23.196 26.629 27.533 29.048 24.7   24.193 22.112 22.516 23.516 23.816 21.79    291.8      24.3 12
                         1972 20.935 22.879 24.612 29.866 29.451 26.183 24.854 24.483 25.283 25.145 23.016 20.951   297.7      24.8 12
                         1973 19.967 23     25.693 27.316 29.177 27.033 23.741 22.677 23.916 23.161 22.766 20.096   288.5      24.0 12
                         1974 22.225 23.339 25.403 26.966 28.693 27.6   22.951 24.532 23.3   22.983 23.683 19.258   290.9      24.2 12
                         1975 19.709 21.91  26.064 28.883 28.064 26.15  23.193 22.516 22.6   23.903 23.033 18.967   285.0      23.7 12
                         1976 20.048 22.534 25.548 25.783 27.516 27.45  21.483 23.483 23.033 21.729 18.016 17.467   274.1      22.8 12
                         1977 19.241 21.642 26.129 24.75  28.693 25.883 24.451 25.016 24.016 24.096 22.1   21.612   287.6      24.0 12
                         1978 20.903 19.767 24.403 27.9   29.451 27.216 26.306 23.435 22.666 21.451 22.8   21.564   287.9      24.0 12
                         1979 20.306 21.696 25.032 27.583 28.822 28.15  26.725 23.129 23.683 26.774 22.4   19.132   293.4      24.5 12
                         1980 18.887 20.982 25.871 26.333 29.225 29.583 27.048 24.306 24.233 23.161 21.083 19.306   290.0      24.2 12
                         1981 17.225 21.482 23.209 25.966 27.661 27.433 24.08  25.548 25.066 24.677 23.9   20.758   287.0      23.9 12
                         1982 23.048 26.607 29.709 31.95  30.919 33.733 28.096 28.467 28.45  27.032 25.166 21.112   334.3      27.9 12
                         1983 20.064 22.982 26.258 29.7   31.596 31.633 26.516 26.79  26.75  27.58  25     25.112   320.0      26.7 12
                         1984 22.645 23.844 27.645 30.666 29.919 29.016 24.29  25.822 25.75  27.403 26.5   24.645   318.1      26.5 12
                         1985 22.193 25.339 28.435 28.366 32.193 27.516 25.871 27.161 28.033 26.871 25.883 23.548   321.4      26.8 12
                         1986 23.983 25.75  27.29  31.05  31.629 27.883 26.177 28.822 26.983 25.371 26.566 23.451   325.0      27.1 12
                         1987 22.258 23.053 26.08  29.116 29.967 31.333 28.209 28.596 29.4   28.403 25.8   25.161   327.4      27.3 12
                         1988 24.548 26.362 26.112 29.166 32.548 29.783 26.193 27.387 27.6   28.096 27.85  25.145   330.8      27.6 12
                         1989 25.225 26.142 27.274 29.5   32.354 31.716 29.371 26.161 27.483 29.064 26.6   21.741   332.6      27.7 12
                         1990 23.596 22.535 28.161 29.55  31.548 29.6   24.822 24.935 24.533 24.258 25.066 23.5     312.1      26.0 12
                         1991 23.467 24.982 29.532 30.716 32.274 30     23.661 26.854 23.983 24.645 24.216 21.79    316.1      26.3 12
                         1992 18.29  22.137 25.838 26.35  28.064 30.166 27.709 26.145 26.016 24.29  22.666 23.935   301.6      25.1 12
                         1993 23.274 25.125 26.161 28.9   29.677 29.366 26.677 27.532 25.5   26.532 26.366 24.887   320.0      26.7 12
                         1994 23.806 26.678 28.435 29.316 32.274 28.283 28.838 25.967 25.783 26.161 27.2   25.338   328.1      27.3 12
                         1995 24.016 26.982 29.58  30     32.871 30.646 26.661 25.435 25.983 27.371 26.6   23.774   329.9      27.5 12
                         1996 24.983 26.913 27.177 28.95  32.193 29.6   28.5   27.209 25.266 24.951 24.483 24.322   324.6      27.0 12
                         1997 22.645 25.517 26.58  24.916 29.532 29.866 28     28.935 28.133 25.483 25.466 22.967   318.0      26.5 12
                         1998 23.532 24.803 29.177 31.75  34.741 32.233 28.79  26.758 25.183 25.435 26.383 24.903   333.7      27.8 12
                         1999 24.225 26.767 28.064 30.8   31.838 29.183 26.145 27.112 26.55  26.693 24.7   22.822   324.9      27.1 12
                         2000 24.596 26.534 27.758 31.75  31.403 29     30.193 27.483 28.083 27.5   26.05           310.4      28.2 11
                         2001        26.696 26.677 32.116 30.774 29.1   28.596 28     26.716 28.112 24.016 24.541   305.3      27.8 11
                         2002 24.645 24.66  29.467 32.05  33.5   30.45  26.467 27.467 26.816 26.903 24.216 22.903   329.5      27.5 12
                         2003 23.241 25.964 28.338 30.8   33.951 29.666 26.112 26.193 24.766 26.032 24.766 23.919   323.8      27.0 12
                         2004 21.338 25.137 27.338 28.266 25.838 21.466 21.677 21.967 19.883 21.29  20.1   17.564   271.9      22.7 12
                         2005 18.338 19.357 21.08  27.566 32.209 29.983 23.887 22.435 25.283 28.064 27.8   25.322   301.3      25.1 12
                         2006 25.145 28.732 29.435 35.633 34.29  32.083 29.645 27.241 25.983 25.871 24.583 22.516   341.2      28.4 12
                         2007 22.306 25.66  30.371 31.833 34.5   32.233 27.08  27.838 28.333 28.919 22.25  20.58    331.9      27.7 12
                         2008 24.354 27.069 27.677 32.083 31.387 29.816 26.032 25.725 25.583 26.29  25.333 24.967   326.3      27.2 12
                         2009 25.387 27.821 29.322 30.8   31.371 30.7   29.645 29.935 26.716 27.225 24.95  23.08    337.0      28.1 12
                         2010 21.903 21.267 26.419 29.183 32.451 31.7   26.951 29.048 28.066 28.177 26.733 25.096   327.0      27.2 12
                         2011 25.161 27.75  30.161 32.25  33.629 32.35  28.806 29.725 28.283 28.241 26.75  25.677   348.8      29.1 12
                         2012 24.79  23.603 29.129 30.85  32.516 31.137 27.428 27.774 27.95  30.677 27.316 25.822   339.0      28.2 12
                         2013 23.306 27.892 28.112 31.283 32.177 31.2   26.903 28.661 26.716 27.419 24.633 23.482   331.8      27.6 12
                         2014 22.564 27.142 27.677 30.116 29.129 28.45  27.016 27.516 26.85  27.967 24.016 24.032   322.5      26.9 12
                         2015 23.833        24.209 28.583 30.467 27.7   26.419 27.193 27.35  26.725 27.016 23.758   293.3      26.7 11
                         2016 23.467 27.103 26.064 29.333 32.435 29.65  27.177 25.935 27.55  27.648 24.216 26.161   326.7      27.2 12
                         2017 25.548 26.875 28.822 30.816 32.951 32.25  26.967 27.209 26.516 26.258 27.566 23.629   335.4      28.0 12
                         2018 23.967 25.732 30.193 30.966 31.854 28.716 28.064 27.548 26.8   25.451 24.183 22.967   326.4      27.2 12
                         2019 24.354        30.483        32.919        28.371 28.887        27.096        24.58    196.7      28.1  7
                         2020 23.266        30.935 32.083 31.387 30.833 28.193 27.29  27.45  30.096 29.183 26.293   317.0      28.8 11
                         2021 26.983 29.321 31.903 32.016 32.5   28.766 27.161 27.419 26.633 27.854                 290.6      29.1 10

MINIMA                        17.225 19.357 21.08  24.75  25.838 21.466 21.483 21.967 19.883 21.29  18.016 17.467   102.4      22.7
MAXIMA                        26.983 29.321 31.903 35.633 34.741 33.733 30.193 29.935 29.4   30.677 29.183 26.293   348.8      29.1
MEDIA                         22.705 24.565 27.259 29.596 31.069 29.376 26.636 26.433 25.901 26.084 24.834 22.953   309.0      26.5
DESV. ESTANDAR                2.0948 2.4135 2.1028 2.0981 1.9169 2.1626 2.0054 1.9658 1.8508 2.0301 2.0324 2.1282    36.23      1.6


TEMP MEDIA MENS.
                         1963                                                         19.816 19.274 16.55  14.298    69.9      17.5  4
                         1964 12.354 14.431 16.959 19.758 21.58  21.833 21.548 20.798 19.791 16.5   16.016 14.419   216.0      18.0 12
                         1965 13.75  12.872 16.951 19.7   21.25  22.5   20.403 19.209 19.966 17.008 17.283 14.403   215.3      17.9 12
                         1966 12.375 13.214 16.338 18.05  22.758 22.416 20.822 20.161 19.516 17.822 15.133 13.516   212.1      17.7 12
                         1967 13.338 14.892 17.621 21.066 22.056 21.383 20.5   20.54  18.7   16.895 15.9   13.564   216.5      18.0 12
                         1968 13.911 13.801 14.75  19.366 21.927 21.475 19.838 20.129 19.325 18.879 15.85  14.201   213.5      17.8 12
                         1969 14.669 15.3   16.83  19.95  21.693 23.2   21.072 20.387 19.466 17.806 15.933 13.5     219.8      18.3 12
                         1970 12.306 13.196 15.282 19.758 20.919 19.9   18.645 18.814 17.508 16.935 14.316 14.621   202.2      16.9 12
                         1971 14.153 13.503 17.193 17.658 20.564 18.675 17.846 16.741 17.241 17.04  15.325 13.983   199.9      16.7 12
                         1972 13.217 13.603 15.677 20.133 20.798 19.475 18.677 18.088 18.533 17.669 16.091 13.282   205.2      17.1 12
                         1973 11.846 14.66  16.395 18.025 20.75  20.083 18.088 17.314 17.9   16.572 14.633 11.475   197.7      16.5 12
                         1974 13.717 13.812 16.508 18.358 19.959 20.175 17.137 17.975 17.158 15.669 15.033 12.435   197.9      16.5 12
                         1975 12.169 13.053 16.645 19.858 19.774 19.516 17.532 17.177 16.808 16.346 14.683 12.161   195.7      16.3 12
                         1976 12.121 13.56  16.83  17.55  19.33  20.416 17.024 17.572 17.416 15.606 12.166 12.274   191.9      16.0 12
                         1977 12.161 13.169 16.798 16.641 20.58  19.208 18.193 18.629 17.75  17.064 14.233 13.241   197.7      16.5 12
                         1978 12.54  11.83  15.362 18.983 20.475 20.316 19.596 17.661 17.4   15.29  14.916 13.701   198.1      16.5 12
                         1979 12.201 13.517 16.258 18.641 19.911 20.966 20.096 17.612 17.475 17.798 14.05  12.558   201.1      16.8 12
                         1980 11.5   13.103 16.604 17.683 20.629 21.55  20.217 18.274 18.075 16.354 13.816 12.604   200.4      16.7 12
                         1981 10.354 13.58  14.935 18.191 19.604 20.833 18.306 19.008 18.475 17.701 15.608 13.25    199.9      16.7 12
                         1982 15.032 17.276 20.096 23.058 23.258 25.566 21.556 21.54  21.5   19.612 16.95  13.959   239.4      20.0 12
                         1983 13.346 13.732 16.491 19.608 23.298 23.516 20.854 20.838 20.75  20.048 17.208 16.379   226.1      18.8 12
                         1984 15.145 15.551 18.467 20.841 21.701 21.808 19.322 19.83  19.783 19.661 17.816 16.33    226.3      18.9 12
                         1985 14.258 16.696 19.572 20.225 23.532 21.275 19.991 20.564 20.833 19.758 17.441 15.975   230.1      19.2 12
                         1986 15.483 16.491 17.258 22.383 23.387 21.583 20.193 21.427 20.483 18.725 18.333 15.467   231.2      19.3 12
                         1987 14.5   14.705 16.701 20.075 21.306 23.575 21.822 21.645 21.908 19.483 17.241 16.951   229.9      19.2 12
                         1988 15.153 17.586 17.572 20.5   23.443 22.675 20.588 21.145 20.733 19.693 18.625 16.548   234.3      19.5 12
                         1989 16.975 17.196 17.524 20.85  23.411 23.716 22.193 20.709 20.558 20.419 18.483 14.371   236.4      19.7 12
                         1990 16.104 15.098 19.088 20.825 23.362 22.875 19.838 19.709 19.358 18.629 17.266 15.685   227.8      19.0 12
                         1991 14.725 16.75  19.338 21.85  23.338 23.008 19.193 20.701 19.025 18.532 16.95  14.54    228.0      19.0 12
                         1992 12.919 14.603 17.919 18.641 20.911 22.808 21.322 20.298 20.283 17.774 15.625 16.653   219.8      18.3 12
                         1993 15.653 16.267 17.25  19.858 21.451 22.983 20.782 21.241 19.908 19.548 18.258 16.612   229.8      19.2 12
                         1994 15.5   17.464 19.129 20.091 22.862 21.883 21.661 20.169 19.633 19.419 19.016 17.483   234.3      19.5 12
                         1995 15.467 17.857 19.443 20.1   23.717 23.04  20.935 20.467 20.308 19.169 18.566 15.766   234.8      19.6 12
                         1996 15.491 17.663 17.5   19.725 22.121 22.683 21.951 21.056 19.858 18.629 16.733 16.306   229.7      19.1 12
                         1997 14.338 16.866 18.564 17.35  21.241 22.875 21.887 21.943 21.541 18.621 17.75  13.943   226.9      18.9 12
                         1998 14.443 14.285 18.814 21.225 24.645 24.2   22.371 21.225 20.433 19.653 18.633 16.661   236.6      19.7 12
                         1999 14.83  18.026 18.911 21.55  22.5   22.175 20.161 20.895 20.258 19.096 16.3   14.177   228.9      19.1 12
                         2000 15.677 17.241 18.322 22.058 23.161 22.166 21.532 21.048 21.241 20.483 18.116          221.1      20.1 11
                         2001        18.366 17.612 22.733 22.677 22.083 21.862 21.935 20.8   20.701 15.941 17.729   222.4      20.2 11
                         2002 15.701 16.732 20.169 23.4   25.08  23.283 20.661 21     20.783 20     17.183 15.25    239.2      19.9 12
                         2003 15.862 17.625 18.927 22.05  25     23.016 20.693 20.5   20.208 19.161 17.691 15.346   236.1      19.7 12
                         2004 14.443 14.362 19.177 19.433 17.338 15.625 15.064 15.233 14.25  14.016 11.216 9.4758   179.6      15.0 12
                         2005 9.8145 11.41  11.29  16.958 22.959 20.558 16.919 15.467 16.408 16.975 15.1   13.379   187.2      15.6 12
                         2006 12.362 14.83  19.774 20.741 20.435 20.041 18.935 17.548 17.083 16.08  13.375 11.104   202.3      16.9 12
                         2007 11.653 12.794 16.862 18.308 20.927 20.266 17.572 18.024 17.925 16.838 12.075 10.717   194.0      16.2 12
                         2008 15.967 18.094 18.645 22.491 23.274 23.691 21.306 21.161 20.925 19.661 16.9   16.564   238.7      19.9 12
                         2009 17.33  18.392 20.258 21.566 23.661 24.3   23.104 23.354 21.55  21.032 17.408 15.725   247.7      20.6 12
                         2010 14.354 14.437 17.911 20.55  23.927 24.8   22.322 23.048 22.55  19.54  17.85  16.169   237.5      19.8 12
                         2011 16.137 18.071 21.032 23.075 24.645 25.166 23.145 23.121 21.641 20.451 17.733 17.483   251.7      21.0 12
                         2012 16.451 16.448 20.201 21.475 23.991 23.885 21.455 21.895 21.141 22.169 19.191 17.556   245.9      20.5 12
                         2013 16.112 18.348 18.379 21.366 23.5   24.383 21.58  22.161 21.491 20.088 17.683 15.608   240.7      20.1 12
                         2014 14.217 17.437 18.306 20.833 21.693 22     20.629 20.879 20.795 19.924 16.233 16.177   229.1      19.1 12
                         2015 16.263        16.741 20.733 22.121 21.491 20.419 20.564 20.65  19.669 19.516 15.838   214.0      19.5 11
                         2016 13.903 17.069 17.306 20.433 23.387 22.425 20.846 20.467 20.858 19.912 17.008 17.088   230.7      19.2 12
                         2017 16.056 17.205 19.572 20.583 23.298 24.358 20.879 21.217 20.325 19.024 18.4   15.532   236.5      19.7 12
                         2018 15.362 17.812 20.491 21.391 23.233 22.25  21.177 21.032 20.783 19.33  16.558 14.491   233.9      19.5 12
                         2019 15.725        20.621        23.209        21.766 22.048        20.048        16.024   139.4      19.9  7
                         2020 15.35         21.5   22.208 22.185 23.483 21.564 21.241 20.766 20.572 19.205 17.086   225.2      20.5 11
                         2021 16.621 18.33  21.193 21.8   22.983 21.975 21.072 20.83  20.558 20.008                 205.4      20.5 10

MINIMA                        9.8145 11.41  11.29  16.641 17.338 15.625 15.064 15.233 14.25  14.016 11.216 9.4758    69.9      15.0
MAXIMA                        17.33  18.392 21.5   23.4   25.08  25.566 23.145 23.354 22.55  22.169 19.516 17.729   251.7      21.0
MEDIA                         14.27  15.531 17.894 20.216 22.185 22.06  20.287 20.091 19.624 18.583 16.476 14.765   216.3      18.5
DESV. ESTANDAR                1.7199 1.9993 1.8641 1.6499 1.5818 1.7985 1.6862 1.817  1.6634 1.6712 1.8611 1.8851    27.84      1.5


TEMP MINIMA EXT.
                         1963                                                         10     10     4      -4        20.0       5.0  4
                         1964 -4     1      2      7      9      11     11     11.5   11.5   6.5    3      1         70.5       5.9 12
                         1965 -2     -3     3      7      9      9      11     11     10     1      3      1         60.0       5.0 12
                         1966 0.1    2      3      5      10     10     11     10     8      3      -1     -1        60.1       5.0 12
                         1967 1      -2     3      5.5    7      9.5    10.5   10.5   9      3      2      0         59.0       4.9 12
                         1968 0      0      0      5      7      7.5    10.5   10     10     5.5    2.5    4         62.0       5.2 12
                         1969 3.5    3      4      8      10     12.5   11.5   11.5   7      7      2      2.5       82.5       6.9 12
                         1970 0.5    1      3      6      10.5   10.5   10     9      10     6.5    -0.5   3         69.5       5.8 12
                         1971 3      0.2    4.5    2      6      11     10     8      9      8      3      2         66.7       5.6 12
                         1972 1      1      3.5    3.5    9.5    7      10     9      9.5    6.5    7      -0.5      67.0       5.6 12
                         1973 -2.5   2.5    3.5    2.5    10     9.5    9.5    7.5    9.5    6      1      -0.5      58.5       4.9 12
                         1974 2.5    0.5    5.5    4.5    8      7      8      9      9      6.5    0      2         62.5       5.2 12
                         1975 1      -1.5   4      8      9      10.5   9.5    9.5    4.5    6      2.5    -0.5      62.5       5.2 12
                         1976 0      -0.5   5      4.5    7      11.5   11     10     9.5    5.5    3      5         71.5       6.0 12
                         1977 3.5    3      3.5    5      9      10     10     10     8      3.5    2      1.5       69.0       5.8 12
                         1978 1      0      1      3.5    7      11.5   10.5   10     10     5.5    4      3.5       67.5       5.6 12
                         1979 1.5    0.5    5      5      7.5    10.5   10.5   9.5    5      4.5    0.5    3.5       63.5       5.3 12
                         1980 1.5    2      3      3.5    8      11.5   11.5   10.5   10.5   7      4      2.5       75.5       6.3 12
                         1981 -1     3      4      7.5    7      11.5   11     10.5   9.5    6      3.5    3         75.5       6.3 12
                         1982 3      4.5    6.5    11     12.5   13     13.5   12     12.5   8.5    5.5    4        106.5       8.9 12
                         1983 1      1.5    3.5    5.5    12.5   12.5   13.5   12.5   12     8      5.5    3.5       91.5       7.6 12
                         1984 3.5    4      6      7.5    9      11.5   12.5   12     10     9      6      6         97.0       8.1 12
                         1985 -0.5   4.5    8.5    9.5    9.5    13.5   11.5   11.5   11.5   9      4.5    5.5       98.5       8.2 12
                         1986 4.5    2.5    3.5    9.5    10     14     12     12     11     6      2      -1        86.0       7.2 12
                         1987 0      2.5    3.5    7.5    7.5    11.5   10.5   13     12     8      5      5         86.0       7.2 12
                         1988 1      3      2.5    8.5    11     13     12.5   12     9.5    8.5    5.5    5.5       92.5       7.7 12
                         1989 6.5    4      3.5    10     9.5    12.5   12.5   13     7      9      7      2.5       97.0       8.1 12
                         1990 6      3      6      8      11     14.5   13     12     12.5   7      4.5    5        102.5       8.5 12
                         1991 3      5.5    3.5    8      9      12.5   13     12     9      7.5    5      2.5       90.5       7.5 12
                         1992 3      4      6      7      10     13     12     13     12     8      3.5    7         98.5       8.2 12
                         1993 4      3      2.5    6.5    10     12.5   13     13.5   12     10.5   7.5    4.5       99.5       8.3 12
                         1994 3.5    5.5    7      9      9      12     12     13     10     10     8      4        103.0       8.6 12
                         1995 4.5    5.5    7      6      11     12.5   14     13     12.5   5      5      5.5      101.5       8.5 12
                         1996 2.5    4      5.5    7.5    9      13.5   13.5   12.5   12.5   8      4      5.5       98.0       8.2 12
                         1997 0.5    5      5.5    6.5    10     13     14.5   13     11.5   6.5    5      -2        89.0       7.4 12
                         1998 1      -1     3      8      9      10     13.5   13.5   14     9.5    8      5.5       94.0       7.8 12
                         1999 2.5    5      7      7.5    10     10.5   11     12.5   10.5   6      4.5    2.5       89.5       7.5 12
                         2000 4      3.5    5      9      12     12     11     12     12.5   8      6                95.0       8.6 11
                         2001        7      4.5    7.5    12     12     13.5   13     12     7      3.5    9        101.0       9.2 11
                         2002 1      3.5    4      10     11     12     13.5   13     11     7      4      4         94.0       7.8 12
                         2003 3      5.5    4      11     14.5   14     13.5   14     14     7      6      2        108.5       9.0 12
                         2004 0      -2     6      6.5    5      8      6      6      6      5      -1     -2.5      43.0       3.6 12
                         2005 -3.5   -2     -3     2      11     6      7      6      6      -0.5   -9     -2        18.0       1.5 12
                         2006 -5     -4     6      3      4      6      6      6      5      3      -5     -9        16.0       1.3 12
                         2007 -3     -3     -2     -2     5      7      6      6      5      -3     -2.5   -3        10.5       0.9 12
                         2008 -5     6      5      9      11     13     13     15     12     8      3      3         93.0       7.8 12
                         2009 7      3      8      8      11     16     15     15     15     11     7      3        119.0       9.9 12
                         2010 1      4      6      8      7      13.5   15     15     13     7      5      3         97.5       8.1 12
                         2011 5      5.5    8      11     13     16.5   15     15     8      9      -1.5   7        111.5       9.3 12
                         2012 5      6      7      7      10     14     7      14     11     11     7      7        106.0       8.8 12
                         2013 5.5    5      1      7      9      15.5   14.5   13.5   14     8      4      5        102.0       8.5 12
                         2014 2      6      4      8      10.5   14     12     10     13     1.3    1      4         85.8       7.2 12
                         2015 4             4      10     10     4      12     12     10     11     9      4         90.0       8.2 11
                         2016 0.5    2      2      8      10     14     13     13     12     9      3      -1        85.5       7.1 12
                         2017 3      4      6.5    7      9      14     13     14     10     6      5      -5        86.5       7.2 12
                         2018 3      7.5    7      9      10     13     11.5   13     13     9.5    4      -1        99.5       8.3 12
                         2019 3      5      8      7      8      14.5   14     13.5   12     10.5   10     3.5      109.0       9.1 12
                         2020 2             7      10     10.5   13     12     13     10     7.5    6      5.5       96.5       8.8 11
                         2021 0      2      8      9      8      13     13     12     12     9.5                     86.5       8.7 10

MINIMA                        -5     -4     -3     -2     4      4      6      6      4.5    -3     -9     -9        10.5       0.9
MAXIMA                        7      7.5    8.5    11     14.5   16.5   15     15     15     11     10     9        119.0       9.9
MEDIA                         1.6245 2.5571 4.431  6.9137 9.3362 11.586 11.577 11.5   10.305 6.8355 3.5517 2.3771    81.3       6.9
DESV. ESTANDAR                2.6936 2.7381 2.3497 2.5428 2.0008 2.5974 2.2258 2.3188 2.4371 2.7974 3.3122 3.3571    24.23      2.0


TEMP MINIMA PROM
                         1963                                                         13.116 12.161 7.2166 4.9677    37.5       9.4  4
                         1964 0.6774 4      6.6774 9.45   12.564 13.783 13.806 13.371 13.35  9.5806 7.1666 4.9354   109.4       9.1 12
                         1965 4.0483 3.375  6.1935 9.9166 11.419 13.783 12.935 13.032 13.166 8.4354 7.3666 5.8387   109.5       9.1 12
                         1966 4.0741 4.6071 6.3225 8.0666 13.258 14.366 13     13.354 12.066 9.6774 4.7    3.8064   107.3       8.9 12
                         1967 4.2903 3.8928 6.9032 10.516 12.79  13.65  12.822 13.871 12.683 9.0161 6.2    4.3548   111.0       9.2 12
                         1968 4      4.3275 5.5    9.5333 11.806 12.6   12.903 12.79  12.383 10.548 6.6333 7.1129   110.1       9.2 12
                         1969 6.4193 7.5107 8.1612 10.916 13.612 15.716 14.903 13.951 13.083 10.935 8.1166 5.9193   129.2      10.8 12
                         1970 4.2096 5.8928 6.3548 9.9166 12.5   13.283 12.741 12.419 12.066 9      5.8    5.7096   109.9       9.2 12
                         1971 5.5483 3.8107 7.758  7.7833 12.08  12.65  11.5   11.371 11.966 10.564 6.8333 6.1774   108.0       9.0 12
                         1972 5.5    4.3275 6.7419 10.4   12.145 12.766 12.5   11.693 11.783 10.193 9.1666 5.6129   112.8       9.4 12
                         1973 3.7258 6.3214 7.0967 8.7333 12.322 13.133 12.435 11.951 11.883 9.9838 6.5    2.8548   106.9       8.9 12
                         1974 5.2096 4.2857 7.6129 9.75   11.225 12.75  11.322 11.419 11.016 8.3548 6.3833 5.6129   104.9       8.7 12
                         1975 4.629  4.1964 7.2258 10.833 11.483 12.883 11.871 11.838 11.016 8.7903 6.3333 5.3548   106.5       8.9 12
                         1976 4.1935 4.5862 8.1129 9.3166 11.145 13.383 12.564 11.661 11.8   9.4838 6.3166 7.0806   109.6       9.1 12
                         1977 5.0806 4.6964 7.4677 8.5333 12.467 12.533 11.935 12.241 11.483 10.032 6.3666 4.8709   107.7       9.0 12
                         1978 4.1774 3.8928 6.3225 10.066 11.5   13.416 12.887 11.887 12.133 9.129  7.0333 5.8387   108.3       9.0 12
                         1979 4.0967 5.3392 7.4838 9.7    11     13.783 13.467 12.096 11.266 8.8225 5.7    5.9838   108.7       9.1 12
                         1980 4.1129 5.2241 7.3387 9.0333 12.032 13.516 13.387 12.241 11.916 9.5483 6.55   5.9032   110.8       9.2 12
                         1981 3.4838 5.6785 6.6612 10.416 11.548 14.233 12.532 12.467 11.883 10.725 7.3166 5.7419   112.7       9.4 12
                         1982 7.0161 7.9464 10.483 14.166 15.596 17.4   15.016 14.612 14.55  12.193 8.7333 6.8064   144.5      12.0 12
                         1983 6.629  4.4821 6.7258 9.5166 15     15.4   15.193 14.887 14.75  12.516 9.4166 7.6451   132.2      11.0 12
                         1984 7.6451 7.2586 9.2903 11.016 13.483 14.6   14.354 13.838 13.816 11.919 9.1333 8.0161   134.4      11.2 12
                         1985 6.3225 8.0535 10.709 12.083 14.871 15.033 14.112 13.967 13.633 12.645 9      8.4032   138.8      11.6 12
                         1986 6.9838 7.2321 7.2258 13.716 15.145 15.283 14.209 14.032 13.983 12.08  10.1   7.4838   137.5      11.5 12
                         1987 6.7419 6.3571 7.3225 11.033 12.645 15.816 15.435 14.693 14.416 10.564 8.6833 8.7419   132.5      11.0 12
                         1988 5.758  8.8103 9.0322 11.833 14.338 15.566 14.983 14.903 13.866 11.29  9.4    7.9516   137.7      11.5 12
                         1989 8.7258 8.25   7.7741 12.2   14.467 15.716 15.016 15.258 13.633 11.774 10.366 7        140.2      11.7 12
                         1990 8.6129 7.6607 10.016 12.1   15.177 16.15  14.854 14.483 14.183 13     9.4666 7.8709   143.6      12.0 12
                         1991 5.9838 8.5178 9.1451 12.983 14.403 16.016 14.725 14.548 14.066 12.419 9.6833 7.2903   139.8      11.6 12
                         1992 7.5483 7.0689 10     10.933 13.758 15.45  14.935 14.451 14.55  11.258 8.5833 9.3709   137.9      11.5 12
                         1993 8.0322 7.4107 8.3387 10.816 13.225 16.6   14.887 14.951 14.316 12.564 10.15  8.3387   139.6      11.6 12
                         1994 7.1935 8.25   9.8225 10.866 13.451 15.483 14.483 14.371 13.483 12.677 10.833 9.629    140.5      11.7 12
                         1995 6.9193 8.7321 9.3064 10.2   14.564 15.433 15.209 15.5   14.633 10.967 10.533 7.758    139.8      11.6 12
                         1996 6      8.4137 7.8225 10.5   12.048 15.766 15.403 14.903 14.45  12.306 8.9833 8.2903   134.9      11.2 12
                         1997 6.0322 8.2142 10.548 9.7833 12.951 15.883 15.774 14.951 14.95  11.758 10.033 4.9193   135.8      11.3 12
                         1998 5.3548 3.7678 8.4516 10.7   14.548 16.166 15.951 15.693 15.683 13.871 10.883 8.4193   139.5      11.6 12
                         1999 5.4354 9.2857 9.758  12.3   13.161 15.166 14.177 14.677 13.966 11.5   7.9    5.5322   132.9      11.1 12
                         2000 6.758  7.9482 8.8871 12.366 14.919 15.333 12.871 14.612 14.4   13.467 10.183          131.7      12.0 11
                         2001        10.035 8.5483 13.35  14.58  15.066 15.129 15.871 14.883 13.29  7.8666 10.916   139.5      12.7 11
                         2002 6.758  8.8035 10.871 14.75  16.661 16.116 14.854 14.532 14.75  13.096 10.15  7.5967   148.9      12.4 12
                         2003 8.4838 9.2857 9.5161 13.3   16.048 16.366 15.274 14.806 15.65  12.29  10.616 6.7741   148.4      12.4 12
                         2004 7.5483 3.5862 11.016 10.6   8.8387 9.7833 8.4516 8.5    8.6166 6.7419 2.3333 1.3871    87.4       7.3 12
                         2005 1.2903 3.4642 1.5    6.35   13.709 11.133 9.9516 8.5    7.5333 5.8871 2.4    1.4354    73.2       6.1 12
                         2006 -0.419 0.9285 10.112 5.85   6.5806 8      8.2258 7.8548 8.1833 6.2903 2.1666 -0.306    63.5       5.3 12
                         2007 1      -0.071 3.3548 4.7833 7.3548 8.3    8.0645 8.2096 7.5166 4.758  1.9    0.8548    56.0       4.7 12
                         2008 7.5806 9.1206 9.6129 12.9   15.161 17.566 16.58  16.596 16.266 13.032 8.4666 8.1612   151.0      12.6 12
                         2009 9.2741 8.9642 11.193 12.333 15.951 17.9   16.564 16.774 16.383 14.838 9.8666 8.3709   158.4      13.2 12
                         2010 6.8064 7.6071 9.4032 11.916 15.403 17.9   17.693 17.048 17.033 10.903 8.9666 7.2419   147.9      12.3 12
                         2011 7.1129 8.3928 11.903 13.9   15.661 17.983 17.483 16.516 15     12.661 8.7166 9.2903   154.6      12.9 12
                         2012 8.1129 9.2931 11.274 12.1   15.467 16.633 15.482 16.016 14.333 13.661 11.066 9.2903   152.7      12.7 12
                         2013 8.9193 8.8035 8.6451 11.45  14.822 17.566 16.258 15.661 16.266 12.758 10.733 7.7333   149.6      12.5 12
                         2014 5.8709 7.7321 8.9354 11.55  14.258 15.55  14.241 14.241 14.741 11.88  8.45   8.3225   135.8      11.3 12
                         2015 8.6935        9.2741 12.883 13.774 15.283 14.419 13.935 13.95  12.612 12.016 7.9193   134.8      12.3 11
                         2016 4.3387 7.0344 8.5483 11.533 14.338 15.2   14.516 15     14.166 12.177 9.8    8.0161   134.7      11.2 12
                         2017 6.5645 7.5357 10.322 10.35  13.645 16.466 14.79  15.225 14.133 11.79  9.2333 7.4354   137.5      11.5 12
                         2018 6.758  9.8928 10.79  11.816 14.612 15.783 14.29  14.516 14.766 13.209 8.9333 6.0161   141.4      11.8 12
                         2019 7.0967 9.125  10.758 11.066 13.5   17.033 15.161 15.209 14.25  13     11.4   7.4677   145.1      12.1 12
                         2020 7.4333        12.064 12.333 12.983 16.133 14.935 15.193 14.083 11.048 9.2266 7.8793   133.3      12.1 11
                         2021 6.258  7.3392 10.483 11.583 13.467 15.183 14.983 14.241 14.483 12.161                 120.2      12.0 10

MINIMA                        -0.419 -0.071 1.5    4.7833 6.5806 8      8.0645 7.8548 7.5166 4.758  1.9    -0.306    37.5       4.7
MAXIMA                        9.2741 10.035 12.064 14.75  16.661 17.983 17.693 17.048 17.033 14.838 12.016 10.916   158.4      13.2
MEDIA                         5.836  6.5446 8.5297 10.839 13.301 14.783 13.939 13.749 13.362 11.082 8.1737 6.578    124.6      10.6
DESV. ESTANDAR                2.0863 2.3313 2.01   1.9499 1.962  2.1198 2.0157 2.0704 2.0253 2.0699 2.3267 2.223     24.59      1.9


