COMISIÓN NACIONAL DEL AGUA
COORDINACIÓN GENERAL DEL SERVICIO METEOROLÓGICO NACIONAL
PROYECTO DE BASES DE DATOS CLIMATOLÓGICOS
    
                         AÑO  ENE    FEB    MAR    ABR    MAY    JUN    JUL    AGO    SEP    OCT    NOV    DIC  ACUMULADO  MEDIA  MESES
00001102
PABELLON DE ARTEAGA (DGE
DIAS CON GRANIZO
                         1990 0      0      0      0      0      0      0      0      0      0      0      0          0.0       0.0 12
                         1991 0      0      0      0             0      0      0      0      0      0      0          0.0       0.0 11
                         1992 0      0      0      0      0      0      0      0      0      0      0      0          0.0       0.0 12
                         1993 0      0      0      0      0      0      0      0      0      0      0      0          0.0       0.0 12
                         1994 0      0      0      0      0      0      0      0      0      0      0      0          0.0       0.0 12
                         1995 0      0      0      0      0      0      0      0      0      0      0      0          0.0       0.0 12
                         1996 0      0      0      0      0      0      0      0      0      0      0      0          0.0       0.0 12
                         1997 0      0      0      0      0      0      0      0      0      0      0      0          0.0       0.0 12
                         1998 0      0      0      0      0      0      0      0      0      0      0      0          0.0       0.0 12
                         1999 0      0      0      0      0      0      0      0      0      0      0      0          0.0       0.0 12
                         2000 0      0      0      0      0      0      0      0      0      0      0      0          0.0       0.0 12
                         2001 0      0      0      0      0      0      0      0      0      0      0      0          0.0       0.0 12
                         2002 0      0      0      0      0      0      0      0      0      0      0      0          0.0       0.0 12
                         2003 0      0      0      0      0      0      0      0      0      0      0      0          0.0       0.0 12
                         2004 0      0      0      0      0      0      0      0      0      0      0      0          0.0       0.0 12
                         2005 0      0      0      0      0      0      0      0      0      0      0      0          0.0       0.0 12
                         2006 0      0      0      0      0      0      0      0      0      0      0      0          0.0       0.0 12
                         2007 0      0      0      0      0      0      0      1      0      0      0      0          1.0       0.1 12
                         2008 0      0      0      0      0      0      0      0      0      0      0      0          0.0       0.0 12
                         2009 0      0      0      0      0                    0      0      0      0      0          0.0       0.0 10
                         2010 0      0      0      0      0      0      0      0      0      0      0      0          0.0       0.0 12
                         2011 0      0      0      0      0      0      0      0      0      0      0      0          0.0       0.0 12
                         2012 0      0      0      0      0      0      0      0      0                               0.0       0.0  9
                         2013 0      0      0      0      0      0      0      0      0      0      0      0          0.0       0.0 12
                         2014 0      0      0      0      0      0      0      0      0      0      0      0          0.0       0.0 12
                         2015 0      0      0      0      0      0      0      1      0      0      0      0          1.0       0.1 12
                         2016 0      0      0      0      0      0      0      0      0      0      0      0          0.0       0.0 12
                         2017 0      0      0      0      0      0      0      0      0      0      0      0          0.0       0.0 12
                         2018 0      0      0      0      0      0      0      0      0      0      0      0          0.0       0.0 12
                         2019 0      0      0      0      0      0      0      0      0      0      0      0          0.0       0.0 12
                         2020 0             0      0      0      0      0      0      0      0      0      0          0.0       0.0 11
                         2021 0      0      0      0      0      0      0      0      0      0                        0.0       0.0 10

MINIMA                        0      0      0      0      0      0      0      0      0      0      0      0          0.0       0.0
MAXIMA                        0      0      0      0      0      0      0      1      0      0      0      0          1.0       0.1
MEDIA                         0      0      0      0      0      0      0      0.0625 0      0      0      0          0.1       0.0
DESV. ESTANDAR                0      0      0      0      0      0      0      0.2459 0      0      0      0          0.25      0.0


DIAS CON NIEBLA 
                         1990 0      0      0      0      0      0      0      0      0      0      0      0          0.0       0.0 12
                         1991 0      0      0      0             0      0      0      0      0      0      0          0.0       0.0 11
                         1992 0      0      0      0      0      0      0      0      0      0      0      0          0.0       0.0 12
                         1993 0      0      0      0      0      0      0      0      0      0      0      0          0.0       0.0 12
                         1994 0      0      0      0      0      0      0      0      0      0      0      0          0.0       0.0 12
                         1995 0      0      0      0      0      0      0      0      0      0      0      0          0.0       0.0 12
                         1996 0      0      0      0      0      0      0      0      0      0      0      0          0.0       0.0 12
                         1997 0      1      0      1      0      0      0      0      0      0      0      0          2.0       0.2 12
                         1998 0      0      0      0      0      0      0      0      0      0      0      0          0.0       0.0 12
                         1999 0      0      0      0      0      0      0      0      0      0      0      0          0.0       0.0 12
                         2000 0      0      0      0      0      0      0      0      0      0      0      0          0.0       0.0 12
                         2001 0      0      0      0      0      0      0      0      0      0      0      0          0.0       0.0 12
                         2002 0      0      0      0      0      0      0      0      0      0      0      0          0.0       0.0 12
                         2003 0      0      0      0      0      0      0      0      0      0      0      0          0.0       0.0 12
                         2004 0      0      0      0      0      0      0      0      0      0      0      0          0.0       0.0 12
                         2005 0      0      0      0      0      0      0      0      0      0      0      0          0.0       0.0 12
                         2006 0      0      0      0      0      0      0      0      0      0      0      0          0.0       0.0 12
                         2007 0      0      0      0      0      0      0      0      0      0      0      0          0.0       0.0 12
                         2008 1      0      0      0      0      0      0      0      0      0      0      0          1.0       0.1 12
                         2009 0      0      0      0      0                    0      0      0      0      0          0.0       0.0 10
                         2010 0      0      0      0      0      0      0      0      0      0      0      0          0.0       0.0 12
                         2011 0      0      0      0      0      0      0      0      0      0      0      0          0.0       0.0 12
                         2012 0      0      0      0      0      0      0      0      0                               0.0       0.0  9
                         2013 1      0      0      0      0      0      0      0      1      0      2      0          4.0       0.3 12
                         2014 0      0      0      0      0      0      0      0      0      0      0      1          1.0       0.1 12
                         2015 0      0      0      0      0      0      0      0      0      0      0      0          0.0       0.0 12
                         2016 1      0      0      0      0      0      0      0      0      0      0      0          1.0       0.1 12
                         2017 0      0      0      0      0      0      0      0      0      0      0      0          0.0       0.0 12
                         2018 0      0      0      0      0      0      0      0      0      1      0      1          2.0       0.2 12
                         2019 0      0      0      0      0      0      0      0      0      0      1      0          1.0       0.1 12
                         2020 1             0      0      0      0      0      0      1      0      0      0          2.0       0.2 11
                         2021 0      0      0      0      0      0      0      0      0      0                        0.0       0.0 10

MINIMA                        0      0      0      0      0      0      0      0      0      0      0      0          0.0       0.0
MAXIMA                        1      1      0      1      0      0      0      0      1      1      2      1          4.0       0.3
MEDIA                         0.125  0.0322 0      0.0312 0      0      0      0      0.0625 0.0322 0.1    0.0666     0.4       0.0
DESV. ESTANDAR                0.336  0.1796 0      0.1767 0      0      0      0      0.2459 0.1796 0.4025 0.2537     0.91      0.1


DIAS CON TORMEN.
                         1990 0      0      0      0      0      0      0      0      0      0      0      0          0.0       0.0 12
                         1991 0      0      0      0             0      0      0      0      0      0      0          0.0       0.0 11
                         1992 0      0      0      0      0      0      0      0      0      0      0      0          0.0       0.0 12
                         1993 0      0      0      0      0      0      0      0      0      0      0      0          0.0       0.0 12
                         1994 0      0      0      0      0      0      0      0      0      0      0      0          0.0       0.0 12
                         1995 0      0      0      0      0      0      0      0      0      0      0      0          0.0       0.0 12
                         1996 0      0      3      0      0      0      0      0      0      0      0      0          3.0       0.3 12
                         1997 0      0      0      0      0      0      0      0      0      0      0      0          0.0       0.0 12
                         1998 0      0      0      0      0      0      0      0      0      0      0      0          0.0       0.0 12
                         1999 0      0      0      0      0      0      0      0      0      0      0      0          0.0       0.0 12
                         2000 0      0      0      0      0      0      0      0      0      0      0      0          0.0       0.0 12
                         2001 0      0      0      0      0      0      0      0      0      0      0      0          0.0       0.0 12
                         2002 0      0      0      0      0      0      0      0      0      0      0      0          0.0       0.0 12
                         2003 0      0      0      0      0      0      0      0      0      0      0      0          0.0       0.0 12
                         2004 0      0      0      0      0      0      0      0      0      0      0      0          0.0       0.0 12
                         2005 0      0      0      0      0      0      0      0      0      0      0      0          0.0       0.0 12
                         2006 0      0      0      0      0      0      0      0      0      0      0      0          0.0       0.0 12
                         2007 0      0      0      0      0      0      0      0      0      0      0      0          0.0       0.0 12
                         2008 0      0      0      0      0      0      0      0      0      0      0      0          0.0       0.0 12
                         2009 0      0      0      0      0                    0      0      1      0      2          3.0       0.3 10
                         2010 0      0      0      0      0      0      0      0      0      0      0      0          0.0       0.0 12
                         2011 0      0      0      0      0      0      0      0      0      0      0      0          0.0       0.0 12
                         2012 1      0      0      0      0      0      0      0      0                               1.0       0.1  9
                         2013 0      0      0      0      0      0      0      0      0      0      0      0          0.0       0.0 12
                         2014 0      0      0      0      0      0      0      0      0      0      0      0          0.0       0.0 12
                         2015 0      0      0      0      0      0      0      0      0      0      0      0          0.0       0.0 12
                         2016 0      0      0      0      0      0      0      0      0      0      0      0          0.0       0.0 12
                         2017 0      0      0      0      0      0      0      0      0      0      0      0          0.0       0.0 12
                         2018 0      0      0      0      0      0      0      0      0      0      0      0          0.0       0.0 12
                         2019 0      0      0      0      0      0      0      0      0      0      0      0          0.0       0.0 12
                         2020 0             0      0      0      0      0      0      0      0      0      0          0.0       0.0 11
                         2021 0      0      0      0      0      0      0      0      0      0                        0.0       0.0 10

MINIMA                        0      0      0      0      0      0      0      0      0      0      0      0          0.0       0.0
MAXIMA                        1      0      3      0      0      0      0      0      0      1      0      2          3.0       0.3
MEDIA                         0.0312 0      0.0937 0      0      0      0      0      0      0.0322 0      0.0666     0.2       0.0
DESV. ESTANDAR                0.1767 0      0.5303 0      0      0      0      0      0      0.1796 0      0.3651     0.75      0.1


EVAPORACION MEN.
                         1990                                           153.06 150.37 122.98 123.38 122.23 112.41   784.4     130.7  6
                         1991 127.66 142.42 267.43 275.83        225.66 114.96 158.12 128.37 126.41 104.81 77.1   1,748.8     159.0 11
                         1992 83.47  121.53 200.38 188.21        234.39        153.3  136.93 97.72  113.33 105.8  1,435.1     143.5 10
                         1993        146.19 207.48 241.53 257.7  193.18 161.01 175.5  146.78 143.73 126.89 124.52 1,924.5     175.0 11
                         1994 128.34 154.23 222.28 239.17 241.09 176.09 187.93 145.63 131.29 128.58 131.05 114.5  2,000.2     166.7 12
                         1995 126.7  135.17 231.74 255.98 268.11 223    165.03 127.7  121.25 160.8  116.1  112.72 2,044.3     170.4 12
                         1996 135.17 163.6  214.62 267.1  250.65 217.7  215.9  176.6  126.43 127.81 131.61 132.73 2,159.9     180.0 12
                         1997 128.15 158.09 162.28 186.99 253.78 263.81 179.19 243.35 223.18 192.97 172.08 192.47 2,356.3     196.4 12
                         1998 204.98 253.43 201.89 322.28 352.44 282.7  224.65 179.83 144.44 162.89 228.04 168.99 2,726.6     227.2 12
                         1999 179.19 182.14 201.79 227.31 234.99 204.77 215.48 263.79 234.36 176.03 175.52 161.4  2,456.8     204.7 12
                         2000 260.01 301.43 334.45 246.86 226.23 148.71 202.53 172.9  164.19 137.39 149.62 96.78  2,441.1     203.4 12
                         2001 116.5  125.92 195.45 204.77 202.15 170.19 188.1  157.18 140.16 130.25 112.35 98.72  1,841.7     153.5 12
                         2002 134.48 133.82 216.75 214.07 223.1  194.78 138.93 179.3  126.7  124.05 100.24 108.23 1,894.5     157.9 12
                         2003 98.11  154.79 214.84 223.7  252.32 181.87 148.56 152.1  122.59 114.51 125.19 123.09 1,911.7     159.3 12
                         2004 108.9  168.58 207.89 224.7  227.74 110.04 148.04 141.37 82.15  73.55  52.84  40.55  1,586.4     132.2 12
                         2005 48.35  59.4   131.13 178.6  187.11 182.5  149.76 114.98 117.55 89.25  56.23  40.42  1,355.3     112.9 12
                         2006 54.84  82.69  142.98 177.86 288.4  152.15 121.9  99.32  75.46  69.26  50.65  40.73  1,356.2     113.0 12
                         2007 42.9   82.9   135.08 158.57 173.7  126.83 108.95 112.59 106.94 102.1  56.3   52.15  1,259.0     104.9 12
                         2008 62.09  93.56  161.47 188.58 186.75 162.18 122.95 124.45 76.59  80.4   110.5  101.65 1,471.2     122.6 12
                         2009 119.05 149.6  216.93 265.17 252.17 195    199.57 196.55 122.72 141.7  98.28  103.2  2,059.9     171.7 12
                         2010 104.3  108.95 202.85 249.19 262.9  228.2  108.82 182.34 136.68 156.05 126.95 111.2  1,978.4     164.9 12
                         2011 130.95 153.11 222    264.79 285.87 231.78 173.08 194.56 157.64 136.93 121.9  122.58 2,195.2     182.9 12
                         2012 97.74  105.34 296.56 236.11 258.87 220.8  184.25 164.5  144.16 158.33 99.97  107.65 2,074.3     172.9 12
                         2013 100.6  164.58 203.59 270.87 236.35 221.6  172.7  164.1  117.73 128.9  74     84.4   1,939.4     161.6 12
                         2014 90.55  143.15 218.52 251.25        177.75 170.63 192    129.55 141.4  100.75 96.17  1,711.7     155.6 11
                         2015 104.08 123.25 149.62 211.22 218.7  177.33 180.18 164.75 142.12 130.4  93.8   95.1   1,790.6     149.2 12
                         2016 114.2  134.38 199.21 233.77 264.37 195.98 187    165.19 137.85 134.73 83     101.1  1,950.8     162.6 12
                         2017 120.63 142.33 197.85 243.43 277.35 228.85 178.4  182.91 123.39 127.3  115.08 91.39  2,028.9     169.1 12
                         2018 98.72  119.01 222.38 245.12 240.81 171.33 193.98 170.61 131.07 112.51 93.88  92.52  1,891.9     157.7 12
                         2019 106.85 145.4  214.94 255.62 298.05 217.22 197.93 202.61 167.41 103.86 105.15 94     2,109.0     175.8 12
                         2020 104.66        209.2  284.25 265.7  214.15 185.32 165.54 143.55 158.45 120.59 112.89 1,964.3     178.6 11
                         2021 120.61 150.33 231.75 264.43 228.75 148.85 144.97 160.16 139.07 122.84               1,711.8     171.2 10

MINIMA                        42.9   59.4   131.13 158.57 173.7  110.04 108.82 99.32  75.46  69.26  50.65  40.42    784.4     104.9
MAXIMA                        260.01 301.43 334.45 322.28 352.44 282.7  224.65 263.79 234.36 192.97 228.04 192.47 2,726.6     227.2
MEDIA                         115.09 143.31 207.59 235.39 247    196.1  168.5  166.69 135.04 128.57 111.9  103.77 1,880.0     162.1
DESV. ESTANDAR                43.218 46.34  42.085 36.304 37.033 38.138 31.83  33.785 32.485 28.469 37.11  33.771   387.46     27.2


LLUVIA MAX 24 H.
                         1990 12     13     1.6    3      9.1    7.5    65     35.5   29     20     0      0        195.7      16.3 12
                         1991 0      6.5    0      0             18     74.5   21.5   61.8   12.1   2      10       206.4      18.8 11
                         1992 37.5   11.3   2      2      8      57     17.4   14.8   9      47.5   6      4        216.5      18.0 12
                         1993 10.5   0      0      0      6.5    43     20     40     23     13     0.3    4.3      160.6      13.4 12
                         1994 9.5    0      0      10     3      12.5   30     22     18     30.5   0      0        135.5      11.3 12
                         1995 3      2      0      0      0.4    12     22     21.6   16.5   0      0.6    4.7       82.8       6.9 12
                         1996 0      3      0      13.5   5      11.8   34     36.5   38.5   24     0.5    0        166.8      13.9 12
                         1997 27.2   15.6   5.5    7.6    2      26     40.5   16     25.8   15.5   10     0        191.7      16.0 12
                         1998 0      0      0      0      0      28.8   27.5   34.2   30.5   12     5.5    0        138.5      11.5 12
                         1999 0      0      0      0      0      16.7   22.5   32     20     1.4    0      0         92.6       7.7 12
                         2000 0      0      0      0      17.5   23     13     9.7    8.2    4.7    0.4    10.3      86.8       7.2 12
                         2001 1.5    0      21     6.7    9.3    11     17.2   27     46     10     0.6    6.5      156.8      13.1 12
                         2002 30.4   13     0      0      7.3    50     21     53.2   20.5   42.2   24.6   0        262.2      21.9 12
                         2003 3.8    0.6    0      0      23.1   23.7   31.6   48.5   15     20.5   1.5    0        168.3      14.0 12
                         2004 7      0.7    11.5   0      6.4    43     28.5   16     30.3   12.7   0      0        156.1      13.0 12
                         2005 0      20     1.8    0      1.5    20     48.5   37.5   35.4   1.7    0      0        166.4      13.9 12
                         2006 7.1    0      0      1.2    6.5    9.5    43.7   52.5   17.3   33.5   19.5   18.5     209.3      17.4 12
                         2007 8.8    4.9    0      3.7    16.3   20     24     24.5   29.5   13.7   0      1.5      146.9      12.2 12
                         2008 0      1.5    0      12     5.7    21.7   32.4   30     40.3   8      0      0        151.6      12.6 12
                         2009 0      0      0      0.4    3.2    19     20     40     19     27.6   5.4    0.7      135.3      11.3 12
                         2010 10.8   46.4   0      0      2.7    9.3    49.6   30     34     0      0      0        182.8      15.2 12
                         2011 0.2    0      0      0      0      13     5.7    19.5   22.7   4.5    0      0         65.6       5.5 12
                         2012 14.5   17     0      0      2.8    14     13     28.5   28     8.1    13.2   9.3      148.4      12.4 12
                         2013 53.5   0      0      0      29.8   47.7   26.2   27.7   60.7   48.3   9.4    20       323.3      26.9 12
                         2014 1.3    0      3.2    0      7.3    17.6   47.6   38.5   26     9.7    18.4   6.4      176.0      14.7 12
                         2015 12     13.2   45     1.8    20     53     25.5   39.5   10.2   40.3   5.5    9.5      275.5      23.0 12
                         2016 7.2    6.6    8.6    0.2    2.3    18.3   19     28     38.3   3.2    15.7   0        147.4      12.3 12
                         2017 0.6    0.5    3.2    0      0      32.2   45.5   37.5   52.5   24.2   0      24.5     220.7      18.4 12
                         2018 17.5   18.5   0      6.7    8.5    61.5   18     41.2   14     22.3   23.2   6.8      238.2      19.9 12
                         2019 6.2           0             0.5           14.8   42.5          10.5          11        85.5      12.2  7
                         2020 31.4          0.5    3.6    8.3    26     46.2   26.6   39.5   0      0      2.2      184.3      16.8 11
                         2021 3.8    0      0      0      11.7   27.4   29     23.2   35     18.7                   148.8      14.9 10

MINIMA                        0      0      0      0      0      7.5    5.7    9.7    8.2    0      0      0         65.6       5.5
MAXIMA                        53.5   46.4   45     13.5   29.8   61.5   74.5   53.2   61.8   48.3   24.6   24.5     323.3      26.9
MEDIA                         9.9156 6.4766 3.2468 2.3354 7.2483 25.619 30.418 31.115 28.854 16.887 5.41   4.8451   169.5      14.5
DESV. ESTANDAR                12.955 10.06  8.7908 3.8696 7.3304 15.345 15.584 10.863 13.919 13.971 7.7156 6.6136    57.26      4.7


LLUVIA TOTAL MEN
                         1990 24     29     1.6    3      20.8   31.5   246.5  116    123.2  79.4   0      0        675.0      56.3 12
                         1991 0      10.8   0      0             63.5   340.5  31     170.2  21.9   2      24.3     664.2      60.4 11
                         1992 215.9  13.8   2      3      16     70.2   57     60.5   12.2   116    21     4        591.6      49.3 12
                         1993 24.5   0      0      0      13     136.3  65.3   70.2   49.8   14.5   0.3    4.3      378.2      31.5 12
                         1994 9.5    0      0      13.1   6.8    93.8   89.6   47.5   56.6   58     0      0        374.9      31.2 12
                         1995 3      2      0      0      1.3    26.9   97.6   147.6  68.6   0      0.6    5.2      352.8      29.4 12
                         1996 0      3      0      13.5   8.7    39.4   64     96.3   125.3  65.3   0.8    0        416.3      34.7 12
                         1997 31.2   15.6   10.7   19     2      57.9   95.9   48.5   35.8   33.6   19.9   0        370.1      30.8 12
                         1998 0      0      0      0      0      81.3   90.2   133.6  114.5  16.3   5.5    0        441.4      36.8 12
                         1999 0      0      0      0      0      58.9   80.7   42.6   64.2   4.1    0      0        250.5      20.9 12
                         2000 0      0      0      0      40.6   80.3   67.8   40.5   8.8    5.4    0.4    17.5     261.3      21.8 12
                         2001 1.5    0      21.9   13.5   14.1   46.1   43.9   143.8  123.3  10.2   0.9    6.5      425.7      35.5 12
                         2002 36.2   36.8   0      0      12     75.6   101.2  98.9   88.8   57.6   26.9   0        534.0      44.5 12
                         2003 7.2    0.6    0      0      29.9   65.2   192.2  91.2   46     35.7   1.5    0        469.5      39.1 12
                         2004 22.6   0.7    29.3   0      23.8   204.7  92.8   64.7   162.9  25.2   0      0        626.7      52.2 12
                         2005 0      39.2   3.3    0      2.8    22     114.3  120.6  96.7   1.9    0      0        400.8      33.4 12
                         2006 7.4    0      0      1.2    16.7   41     150.3  149.3  56.6   109.7  19.5   20.3     572.0      47.7 12
                         2007 13.5   9.5    0      3.8    16.6   129.8  66     69.6   59.4   14.2   0      1.5      383.9      32.0 12
                         2008 0      1.5    0      16     8.9    88.4   144.8  189    99.3   8.2    0      0        556.1      46.3 12
                         2009 0      0      0      0.4    8.4    73.3   54.3   89.3   50.4   65.6   6.7    1.6      350.0      29.2 12
                         2010 29.8   90.5   0      0      2.9    24.6   166.3  43.3   51     0      0      0        408.4      34.0 12
                         2011 0.2    0      0      0      0      20.5   15.3   39.3   53.7   13     0      0        142.0      11.8 12
                         2012 16.4   42.6   0      0      3.1    37.2   54.6   87.3   78.9   8.7    13.2   9.3      351.3      29.3 12
                         2013 60.8   0      0      0      33.1   113.1  179.2  77.1   191.8  85.1   25.6   80       845.8      70.5 12
                         2014 3.7    0      3.4    0      25     64     138.3  61     74.6   12.7   21.2   7.1      411.0      34.3 12
                         2015 15.7   30.8   86.9   4.1    24.9   175.9  83.5   76     33.5   94.2   5.5    9.5      640.5      53.4 12
                         2016 7.2    12.9   11.4   0.2    2.4    37.3   75.1   163.6  86.9   5.4    34     0        436.4      36.4 12
                         2017 0.6    0.5    3.5    0      0      41.9   155.9  130.7  156.8  34.5   0      36       560.4      46.7 12
                         2018 22     23.9   0      6.9    26.3   189.5  53.4   95.5   58.5   90.3   31.4   6.8      604.5      50.4 12
                         2019 6.8           0             0.5           56.2   90.2          20.1          12.8     186.6      26.7  7
                         2020 44            0.5    7.9    11.3   68.4   165.7  67.3   108.5  0      0      2.2      475.8      43.3 11
                         2021 3.8    0      0      0      29.8   112.9  107.5  78.9   140.7  40.6                   514.2      51.4 10

MINIMA                        0      0      0      0      0      20.5   15.3   31     8.8    0      0      0        142.0      11.8
MAXIMA                        215.9  90.5   86.9   19     40.6   204.7  340.5  189    191.8  116    34     80       845.8      70.5
MEDIA                         18.984 12.123 5.4531 3.4064 12.958 76.496 109.55 89.403 85.403 35.856 7.8966 8.029    458.5      39.1
DESV. ESTANDAR                38.973 20.061 16.287 5.64   11.569 48.646 66.211 40.513 46.693 35.134 11.149 15.871   151.43     12.6


TEMP MAXIMA EXT.
                         1990 26     28     28     31     35     32     28     28     28     28     27     26       345.0      28.8 12
                         1991 25     27     36     34            34     29     29     29     27     28     27.5     325.5      29.6 11
                         1992 21.5   25     29     29     30     34     33     30     32     28     27     26       344.5      28.7 12
                         1993 27     29     29     32     32     36     32     31.5   29.5   31     29     28.5     366.5      30.5 12
                         1994 26     29     31.5   32     35     32     32     31     30     31     30     30       369.5      30.8 12
                         1995 28.5   29     34     33     36     36     33.5   32     31.5   31.5   30     30       385.0      32.1 12
                         1996 31     31.5   30     32.5   36     33.5   33     32.5   31.5   31     29.5   28.5     380.5      31.7 12
                         1997 28     29     31     31     35     35     32     32.5   32     31     31     28       375.5      31.3 12
                         1998 28     31     32     35     39.5   37     34     32.5   29.5   30.5   29     28       386.0      32.2 12
                         1999 27     31     31     36     35.5   35.5   33     32.5   32     32.5   28     28       382.0      31.8 12
                         2000 28     31.5   33     35.5   35.5   34     35     33     34     33     30.5   28       391.0      32.6 12
                         2001 27.5   31     31.5   36.5   35.5   35     34.5   34.5   33     32.5   28.5   28.5     388.5      32.4 12
                         2002 28.5   29     34     38.5   36.5   34.5   31.5   31     31     30.5   30.5   27       382.5      31.9 12
                         2003 27.5   30.5   32.5   34.5   37.5   35     31.5   32.5   30.5   30     30.5   27       379.5      31.6 12
                         2004 26     26.5   33     33.5   35     32     32.5   31.5   30.5   35     32.5   28.5     376.5      31.4 12
                         2005 29.5   31     32.5   33.5   33.5   36.5   32     31.5   32     33     31     29.5     385.5      32.1 12
                         2006 28.8   32.5   32.5   34     36     34     31.5   30.5   29     31     29.5   28.5     377.8      31.5 12
                         2007 27.5   32     32     32.5   33     35     30.5   29.5   31.5   32.5   30.5   30.5     377.0      31.4 12
                         2008 29.5   32.5   33.5   34.5   35     33     29.5   30.5   29.5   30.5   29     29       376.0      31.3 12
                         2009 29     32.5   33     34.5   36.5   36     34     33.5   31.5   32.5   27.5   28       388.5      32.4 12
                         2010 27.5   25.5   31     31.5   37.5   36     31.5   33     32     31     30     27.5     374.0      31.2 12
                         2011 27     31.5   33.5   34.5   37.5   36     33     34.5   33.5   31.5   29.5   26       388.0      32.3 12
                         2012 28     29.5   28     36     35     35.5   31.5   31.5   31     33.5   29     26.5     375.0      31.3 12
                         2013 25.5   29     31.5   33     35     35     31.5   32.5   30     30     28     26.5     367.5      30.6 12
                         2014 25.5   29     31.5   33     33     33     32     31.5   30     30     26     26       360.5      30.0 12
                         2015 27     30     29     32.5   33.5   34     31.5   31.5   33.5   30.5   29.5   27       369.5      30.8 12
                         2016 25.5   31     29.5   32     35.5   32     33     32     32.5   31     29.5   26.5     370.0      30.8 12
                         2017 29     29     32     32     35.5   34.5   32     31     30     30     31     26.5     372.5      31.0 12
                         2018 26     28     36     32     37.5   36     31.5   31.5   29.5   28.5   28     28       372.5      31.0 12
                         2019 28            32            33.5          32     33.5          31            28       218.0      31.1  7
                         2020 27            35     34.5   35     33.5   33     31     30.5   31.5   30     25.5     346.5      31.5 11
                         2021 28.5   30     32     32     34     34     30     30.5   28.5   29                     308.5      30.9 10

MINIMA                        21.5   25     28     29     30     32     28     28     28     27     26     25.5     218.0      28.7
MAXIMA                        31     32.5   36     38.5   39.5   37     35     34.5   34     35     32.5   30.5     391.0      32.6
MEDIA                         27.321 29.7   31.875 33.419 35.177 34.5   32.015 31.671 30.919 30.921 29.3   27.709   365.8      31.2
DESV. ESTANDAR                1.7429 1.9896 2.0478 1.9326 1.8508 1.4142 1.5159 1.4458 1.5335 1.6949 1.4299 1.3024    32.72      0.9


TEMP MAXIMA PROM
                         1990 20.871 21.5   24.629 27.866 29.564 28.666 25.225 24.758 24.8   23.322 23.766 22.79    297.8      24.8 12
                         1991 22.258 23.66  28.887 30.133        29.15  23.23  27.018 24.45  23.951 23.733 20.879   277.4      25.2 11
                         1992 16.209 20.711 25.6   25.965 26.673 30.033 28.467 27.048 27.083 23.564 22.689 23.29    297.3      24.8 12
                         1993 22.032 24.74  26.064 28.683 29.032 29.316 27.741 28.274 26.466 27.112 25.9   24.612   320.0      26.7 12
                         1994 22.371 25.946 27.596 28.35  32.067 28.066 28.677 26.903 27.166 27.354 27.733 25.5     327.7      27.3 12
                         1995 23.58  26.571 28.709 29.983 32.822 32     28.467 26.919 27.133 28.016 26.466 23.354   334.0      27.8 12
                         1996 25.467 27.534 27.903 29.166 32.79  30.306 30.193 28.145 27.066 26.096 24.733 24.451   333.9      27.8 12
                         1997 23.29  24.5   26.306 25.066 30     31.75  29.935 30.58  28.733 25.935 26.133 22.741   325.0      27.1 12
                         1998 23.709 24.107 27.951 31.783 34.661 33.016 29.967 28.129 27.233 26.5   26.983 25.548   339.6      28.3 12
                         1999 24.306 27.392 28.112 31.716 32.564 31.233 27.822 29.661 27.9   26.919 25.15  22.403   335.2      27.9 12
                         2000 25.403 27.241 28.629 31.383 33.08  29.383 31.096 30.112 30.383 29.241 27.183 25.112   348.3      29.0 12
                         2001 24.161 27     27.564 32.683 31.322 30.466 30.483 30.096 28.333 27.838 25.216 23.919   339.1      28.3 12
                         2002 24.177 24.357 29.338 31.933 32.887 30.55  28.032 28.741 27.533 27.677 24.416 22.758   332.4      27.7 12
                         2003 22.774 26.375 28.467 31.516 34.048 31.033 27.935 28.371 27.15  26.145 27.883 23.854   335.6      28.0 12
                         2004 21.016 23.827 27.451 28.777 31.071 27.316 29.096 29.483 27.433 29.919 27.716 23.322   326.4      27.2 12
                         2005 25.209 24.375 27.354 31.483 31.596 32.633 29.548 28.258 29.366 29.209 27.966 25.032   342.0      28.5 12
                         2006 25.816 28.732 29.661 32.283 33.322 30.166 28.145 27.403 26.6   26.596 25.883 22.758   337.4      28.1 12
                         2007 22.983 25.928 29.371 29.466 31.032 29.316 27.08  27.564 27.8   28.806 27.366 26.677   333.4      27.8 12
                         2008 25.774 28.206 28.677 31.433 30.467 29.233 26.403 26.693 25.2   26.442 25.433 24.725   328.7      27.4 12
                         2009 25.064 26.857 29.354 31.116 31.79  31.283 31.048 30.65  27.633 27.161 24.15  22.596   338.7      28.2 12
                         2010 21.096 20.839 26.435 29.05  33.048 32.483 27.548 29.774 28.716 27.79  25.9   24.371   327.1      27.3 12
                         2011 24.209 26.821 30.016 32.183 34.145 32.65  29.403 30.871 28.79  28.016 25.25  23.919   346.3      28.9 12
                         2012 23.209 22.396 25.79  30.266 32.274 31.083 28.564 28.564 26.983 28.854 25.216 23.967   327.2      27.3 12
                         2013 21.435 26.196 27.419 30.366 31.274 31.45  27.483 28.5   26.216 26.612 22.633 21.258   320.8      26.7 12
                         2014 20.887 26.642 27.129 29.95  29.354 29.533 28.306 28.935 27.216 27.612 22.7   22.641   320.9      26.7 12
                         2015 22.838 23.75  23.822 28.383 29.967 28.483 27.693 28.766 28.083 25.903 26.166 22.371   316.2      26.4 12
                         2016 21.112 25.379 24.919 28.35  32.161 29.6   29.016 26.661 26.983 27.112 22.5   23.887   317.7      26.5 12
                         2017 23.629 25.321 27.145 29.5   32.08  31.583 27.806 28.338 26     26.129 26.566 21.596   325.7      27.1 12
                         2018 21.5   24.214 29.193 29.666 30.79  28.464 28.758 27.935 26.416 25.403 22.583 21.338   316.3      26.4 12
                         2019 22.483        28.451        31.483        28.822 29.935        26.296        22.5     190.0      27.1  7
                         2020 21.58         29.129 30.95  30.564 30.416 28.5   27.854 26.55  27.983 26.266 22.161   302.0      27.5 11
                         2021 23.112 26.089 29.064 29.783 30.016 27.285 25.951 26.983 25.816 25.919                 270.0      27.0 10

MINIMA                        16.209 20.711 23.822 25.066 26.673 27.285 23.23  24.758 24.45  23.322 22.5   20.879   190.0      24.8
MAXIMA                        25.816 28.732 30.016 32.683 34.661 33.016 31.096 30.871 30.383 29.919 27.966 26.677   348.3      29.0
MEDIA                         22.924 25.24  27.692 29.975 31.547 30.256 28.326 28.373 27.201 26.92  25.409 23.43    319.7      27.3
DESV. ESTANDAR                1.9584 2.0686 1.5722 1.7945 1.7064 1.558  1.6287 1.4034 1.2778 1.5518 1.7164 1.3859    29.78      1.0


TEMP MEDIA MENS.
                         1990 12.677 13.392 16.29  18.95  21.298 21.791 19.306 18.988 18.6   16.903 14.4   13.056   205.7      17.1 12
                         1991 12.927 14.035 17.435 19.741        21.391 18.048 19.888 18.5   16.359 14.833 12.948   186.1      16.9 11
                         1992 10.741 12.152 16.283 17.207 19.142 21.866 20.903 20.104 19.691 16.669 14.178 14.048   203.0      16.9 12
                         1993 12.983 14.281 15.457 18.525 19.983 21.925 20.653 20.596 19.55  18.685 16.208 14.459   213.3      17.8 12
                         1994 12.612 15.616 17.451 19.283 22.864 21.116 20.774 20.072 20.033 19.556 18.2   16.5     224.1      18.7 12
                         1995 14.274 17.062 18.661 20.141 23.766 24.275 21.621 21.33  20.591 18.596 17.266 14.459   232.0      19.3 12
                         1996 14.185 16.922 17.435 19.816 24.233 23.32  22.75  21.709 20.758 18.637 15.583 14.935   230.3      19.2 12
                         1997 12.967 15.553 17.701 17.608 21.54  23.675 22.403 22.612 21.425 18.362 16.716 12.991   223.6      18.6 12
                         1998 12.935 13.187 17.08  20.866 23.306 24.741 22.774 21.661 21.35  19.588 17.841 15.25    230.6      19.2 12
                         1999 13     16.526 17.911 21.725 22.717 23.675 20.975 22.08  20.741 18.209 15.008 12.451   225.0      18.8 12
                         2000 14.072 16.069 18.185 21.108 23.338 22.025 22.137 21.604 21.608 20.056 17.766 14.564   232.5      19.4 12
                         2001 14.556 16.955 17.612 22.683 22.717 22.733 22.774 22.524 21.191 18.822 15.558 14.701   232.8      19.4 12
                         2002 13.774 15.062 19.145 22.375 24.032 23.166 21.258 21.346 21.008 19.75  15.85  13.016   229.8      19.1 12
                         2003 13.451 16.375 18.048 22.008 24.637 23.625 21.282 21.346 21.158 18.201 17.733 12.691   230.6      19.2 12
                         2004 13.169 13.896 18.201 19.472 22.737 21.125 21.653 21.991 20.816 20.919 17.291 14.379   225.7      18.8 12
                         2005 15.362 16.58  17.677 21.5   22.33  24.025 22.685 21.516 21.533 20.532 17.483 15.362   236.6      19.7 12
                         2006 15.059 17.821 19.717 22.733 22.274 22.816 21.774 21.306 20.616 19.5   16.666 14.153   234.4      19.5 12
                         2007 15.104 16.33  19.548 20.366 22.516 22.516 21.185 21.379 21.075 20.096 17.475 16.669   234.3      19.5 12
                         2008 15.306 17.275 18.298 21.583 22.451 22.666 20.685 21.072 19.816 18.336 15.05  14.088   226.6      18.9 12
                         2009 14.854 15.741 18.604 20.375 22.516 23.416 22.572 22.358 20.966 19.709 14.816 13.604   229.5      19.1 12
                         2010 12.314 13     16.354 19.133 22.669 23.825 21.346 21.879 21.516 17.33  15.016 12.959   217.3      18.1 12
                         2011 13.556 15.785 19.072 21.725 23.83  23.866 21.806 22.629 20.736 18.596 15.566 14.209   231.4      19.3 12
                         2012 13.709 14.706 18.225 19.991 22.362 22.75  21.145 21.225 19.65  19.483 16.391 14.427   224.1      18.7 12
                         2013 13.653 15.758 16.741 19.85  21.782 23.175 20.717 21.129 20.191 18.75  15.741 13.169   220.7      18.4 12
                         2014 12.217 16.053 17.25  19.816 20.991 22.166 20.75  21.04  20.3   19.024 14.625 14.046   218.3      18.2 12
                         2015 14.33  15.285 15.991 20.083 21.403 21.766 20.814 21.091 20.791 18.741 17.866 13.854   222.0      18.5 12
                         2016 11.854 14.698 16.233 19.608 23.08  21.841 21.491 20.75  19.933 18.58  15.358 14.951   218.4      18.2 12
                         2017 13.991 15.196 17.693 19.566 22.564 23.358 20.838 21.354 19.608 18.04  16.125 13.161   221.5      18.5 12
                         2018 12.5   16.062 18.766 20.183 22.145 21.344 20.804 20.596 20.216 18.419 14.558 12.645   218.2      18.2 12
                         2019 13.169        18.314        22.016        21.403 22.145        19.064        13.612   129.7      18.5  7
                         2020 13.346        19.887 21.2   21.298 22.608 21.379 20.685 19.458 18.153 16.291 13.475   207.8      18.9 11
                         2021 13.185 15.535 18.532 20.433 21.5   20.562 19.838 20.137 19.533 18.088                 187.3      18.7 10

MINIMA                        10.741 12.152 15.457 17.207 19.142 20.562 18.048 18.988 18.5   16.359 14.178 12.451   129.7      16.9
MAXIMA                        15.362 17.821 19.887 22.733 24.637 24.741 22.774 22.629 21.608 20.919 18.2   16.669   236.6      19.7
MEDIA                         13.495 15.43  17.806 20.311 22.388 22.682 21.267 21.254 20.418 18.742 16.115 14.027   218.9      18.7
DESV. ESTANDAR                1.0592 1.3756 1.1177 1.3518 1.1802 1.0518 1.0165 0.8447 0.8313 1.0447 1.2157 1.0519    20.46      0.7


TEMP MINIMA EXT.
                         1990 -2     1      4      5      9      11     11     11     10     3      0      1         64.0       5.3 12
                         1991 -2     -2     0      3.5           11     5      8.5    9      5      0      1.5       39.5       3.6 11
                         1992 3      -1     1      3      9      10     9      11     9      5      -1     1.5       59.5       5.0 12
                         1993 2      0      -2     2      7      11     11     10     9.5    3      2.5    -1.5      54.5       4.5 12
                         1994 -2     -1     2      6      11     11     10     10     8      9      4      0         68.0       5.7 12
                         1995 0      0      4.5    4.5    11     13     11.5   12.5   11.5   3      -0.5   3         74.0       6.2 12
                         1996 0      0      2      6      12.5   13.5   11     12.5   12.5   7      0      1         78.0       6.5 12
                         1997 -3     1.5    4      4      9      11     10.5   13     10     3      3      -6        60.0       5.0 12
                         1998 -2.5   -2.5   2      7.5    6      14     14     12     13.5   7.5    4.5    1         77.0       6.4 12
                         1999 -2     0.5    3      8.5    10     14.5   10     11.5   9.5    3      1.5    -2        68.0       5.7 12
                         2000 -1     -1     2.5    6      10     12.5   11     10     6      6      4      -1.5      64.5       5.4 12
                         2001 -2.5   2.5    2      7.5    10.5   11.5   13     12.5   9.5    4.5    2.5    -1        72.5       6.0 12
                         2002 -2     -0.5   3      10     11.5   13     12     11.5   10.5   8      -1.5   -3.5      72.0       6.0 12
                         2003 -0.5   1.5    1      6.5    12     13.5   12     12.5   10.5   1.5    2      -3        69.5       5.8 12
                         2004 -0.5   -1.5   3      7      10.5   12.5   11     12     11.5   9      0.5    -2.5      72.5       6.0 12
                         2005 2      4      4      6      9.5    13     13     13     10.5   7      3      2.5       87.5       7.3 12
                         2006 -3.5   3      7      9.5    7      13.5   13.5   13     12.5   7      1      -1        82.5       6.9 12
                         2007 3.5    4.5    6.5    5      9      12.5   12.5   13     12     4      4      2         88.5       7.4 12
                         2008 0.5    4      2.5    5      11.5   14.5   11.5   12     10     5.5    -0.5   -1        75.5       6.3 12
                         2009 1      0      3.5    7      8.5    13.5   12.5   10.5   12     7.5    2.5    0.5       79.0       6.6 12
                         2010 -0.5   -0.5   3      4.5    7.5    11.5   12.5   12     9      4.5    -1     -1.5      61.0       5.1 12
                         2011 -0.5   2      5.5    8      10.5   13     11.5   12     8      3.5    -3.5   -1.5      68.5       5.7 12
                         2012 -0.5   1.5    8      7      9.5    11.5   12     12.5   9.5    6.5    5      1         83.5       7.0 12
                         2013 2      1      -1     6.5    7      13.5   12     11.5   11.5   5      1.5    1.5       72.0       6.0 12
                         2014 -1.5   3.5    2      6.5    7.5    12.5   11.5   11.5   11.5   5.5    -1     -1.5      68.0       5.7 12
                         2015 -2     2      4      8      7.5    12.5   10.5   10.5   9      8      6.5    0         76.5       6.4 12
                         2016 -1.5   -2.5   1.5    5.5    10.5   10.5   11.5   12.5   9.5    5      3.5    0.5       66.5       5.5 12
                         2017 1      1.5    4      5      8      12.5   11.5   13     9      2.5    0      -6        62.0       5.2 12
                         2018 -0.5   5.5    5.5    7.5    8.5    12.5   10.5   11.5   12     7.5    -1     -3.5      76.0       6.3 12
                         2019 -1.5   2      5      2.5    1      11.5   11     12     10.5   8.5    6      0         68.5       5.7 12
                         2020 -1.5          8      6      9      11.5   11.5   11.5   7      4      2.5    0         69.5       6.3 11
                         2021 -2     1      5.5    8      8      11.5   12     10     11     5.5                     70.5       7.1 10

MINIMA                        -3.5   -2.5   -2     2      1      10     5      8.5    6      1.5    -3.5   -6        39.5       3.6
MAXIMA                        3.5    5.5    8      10     12.5   14.5   14     13     13.5   9      6.5    3         88.5       7.4
MEDIA                         -0.64  0.9677 3.3281 6.0781 9      12.328 11.343 11.64  10.156 5.4531 1.6129 -0.645    70.3       5.9
DESV. ESTANDAR                1.7562 2.0612 2.3473 1.9096 2.2173 1.175  1.5628 1.1161 1.6677 2.0766 2.4142 2.218      9.75      0.8


TEMP MINIMA PROM
                         1990 4.4838 5.2857 7.9516 10.033 13.032 14.916 13.387 13.219 12.4   10.483 5.0333 3.3225   113.5       9.5 12
                         1991 3.5967 4.4107 5.9838 9.35          13.633 12.865 12.759 12.55  8.7677 5.9333 5.0172    94.9       8.6 11
                         1992 5.2741 3.5925 6.9677 8.45   11.611 13.7   13.338 13.161 12.3   9.7741 5.6666 4.8064   108.6       9.1 12
                         1993 3.9354 3.8214 4.85   8.3666 10.935 14.533 13.564 12.919 12.633 10.258 6.5166 4.3064   106.6       8.9 12
                         1994 2.8548 5.2857 7.3064 10.216 13.661 14.166 12.871 13.241 12.9   11.758 8.6666 7.5      120.4      10.0 12
                         1995 4.9677 7.5535 8.6129 10.3   14.709 16.55  14.774 15.741 14.05  9.1774 8.0666 5.5645   130.1      10.8 12
                         1996 2.9032 6.3103 6.9677 10.466 15.677 16.333 15.306 15.274 14.45  11.177 6.4333 5.4193   126.7      10.6 12
                         1997 2.6451 6.6071 9.0967 10.15  13.08  15.6   14.871 14.645 14.116 10.79  7.3    3.2419   122.1      10.2 12
                         1998 2.1612 2.2678 6.2096 9.95   11.951 16.466 15.58  15.193 15.466 12.677 8.7    4.9516   121.6      10.1 12
                         1999 1.6935 5.6607 7.7096 11.733 12.871 16.116 14.129 14.5   13.583 9.5    4.8666 2.5      114.9       9.6 12
                         2000 2.7419 4.8965 7.7419 10.833 13.596 14.666 13.177 13.096 12.833 10.871 8.35   4.0161   116.8       9.7 12
                         2001 4.9516 6.9107 7.6612 12.683 14.112 15     15.064 14.951 14.05  9.8064 5.9    5.4838   126.6      10.5 12
                         2002 3.3709 5.7678 8.9516 12.816 15.177 15.783 14.483 13.951 14.483 11.822 7.2833 3.2741   127.2      10.6 12
                         2003 4.129  6.375  7.629  12.5   15.225 16.216 14.629 14.322 15.166 10.258 7.5833 1.529    125.6      10.5 12
                         2004 5.3225 3.9655 8.9516 10.166 14.403 14.933 14.209 14.5   14.2   11.919 6.8666 5.4354   124.9      10.4 12
                         2005 5.5161 8.7857 8      11.516 13.064 15.416 15.822 14.774 13.7   11.854 7      5.6935   131.1      10.9 12
                         2006 4.3032 6.9107 9.7741 13.183 11.225 15.466 15.403 15.209 14.633 12.403 7.45   5.5483   131.5      11.0 12
                         2007 7.2258 6.7321 9.7258 11.266 14     15.716 15.29  15.193 14.35  11.387 7.5833 6.6612   135.1      11.3 12
                         2008 4.8387 6.3448 7.9193 11.733 14.435 16.1   14.967 15.451 14.433 10.23  4.6666 3.4516   124.6      10.4 12
                         2009 4.6451 4.625  7.8548 9.6333 13.241 15.55  14.096 14.066 14.3   12.258 5.4833 4.6129   120.4      10.0 12
                         2010 3.5322 5.1607 6.2741 9.2166 12.29  15.166 15.145 13.983 14.316 6.8709 4.1333 1.5483   107.6       9.0 12
                         2011 2.9032 4.75   8.129  11.268 13.516 15.083 14.209 14.387 12.683 9.1774 5.8833 4.5      116.5       9.7 12
                         2012 4.2096 7.0172 10.661 9.7166 12.451 14.416 13.725 13.887 12.316 10.112 7.5666 4.8871   121.0      10.1 12
                         2013 5.8709 5.3214 6.0645 9.3333 12.29  14.9   13.951 13.758 14.166 10.887 8.85   5.0806   120.5      10.0 12
                         2014 3.5483 5.4642 7.3709 9.6833 12.629 14.8   13.193 13.145 13.383 10.435 6.55   5.4516   115.7       9.6 12
                         2015 5.8225 6.8214 8.1612 11.783 12.838 15.05  13.935 13.416 13.5   11.58  9.5666 5.3387   127.8      10.7 12
                         2016 2.5967 4.0172 7.5483 10.866 14     14.083 13.967 14.838 12.883 10.048 8.2166 6.0161   119.1       9.9 12
                         2017 4.3548 5.0714 8.2419 9.6333 13.048 15.133 13.871 14.371 13.216 9.9516 5.6833 4.7258   117.3       9.8 12
                         2018 3.5    7.9107 8.3387 10.7   13.5   14.224 12.85  13.258 14.016 11.435 6.5333 3.9516   120.2      10.0 12
                         2019 3.8548 6.7321 8.1774 9.25   12.548 15.45  13.983 14.354 13.45  11.833 9.1833 4.7258   123.5      10.3 12
                         2020 5.1129        10.645 11.45  12.032 14.8   14.258 13.516 12.366 8.3225 6.3166 4.7903   113.6      10.3 11
                         2021 3.258  4.9821 8      11.083 12.983 13.839 13.725 13.29  13.25  10.258                 104.7      10.5 10

MINIMA                        1.6935 2.2678 4.85   8.3666 10.935 13.633 12.85  12.759 12.3   6.8709 4.1333 1.529     94.9       8.6
MAXIMA                        7.2258 8.7857 10.661 13.183 15.677 16.55  15.822 15.741 15.466 12.677 9.5666 7.5      135.1      11.3
MEDIA                         4.0664 5.6567 7.9212 10.604 13.23  15.119 14.207 14.136 13.629 10.565 6.8978 4.6242   119.7      10.1
DESV. ESTANDAR                1.2324 1.4096 1.2852 1.2407 1.1526 0.8045 0.8369 0.8417 0.8687 1.2859 1.401  1.3213     8.74      0.6


