COMISIÓN NACIONAL DEL AGUA
COORDINACIÓN GENERAL DEL SERVICIO METEOROLÓGICO NACIONAL
PROYECTO DE BASES DE DATOS CLIMATOLÓGICOS
    
                         AÑO  ENE    FEB    MAR    ABR    MAY    JUN    JUL    AGO    SEP    OCT    NOV    DIC  ACUMULADO  MEDIA  MESES
00001105
LOS CUARTOS, JESÚS MARÍA
DIAS CON GRANIZO
                         2001               0      0      0      0      0      0      0      0      0                 0.0       0.0  9
                         2002 0      0      0                                  0      0      0      0      0          0.0       0.0  8
                         2003 0      0      0      0      0      0      0      0      0      0      0      0          0.0       0.0 12
                         2004 0                                         0      0      0      0      0      0          0.0       0.0  7
                         2005 0      0      0      0      0      0      0      0      0      0      0      0          0.0       0.0 12
                         2006                             0      0      0      0      0      0      0      0          0.0       0.0  8
                         2007 0      0      0      0      0      0      0      1      0      0      0      0          1.0       0.1 12
                         2008 0      0      0      0      0      0      0      0      0      0      0      0          0.0       0.0 12
                         2009 0      0      0      0      0                    0      0      0      0      0          0.0       0.0 10
                         2010 0      0      0      0      0             0      0      0      0      0      0          0.0       0.0 11
                         2011 0      0      0      0      0      0      0      0      0      0      0      0          0.0       0.0 12
                         2012 0      0      0      0      0      0      0      0      0      0      0      0          0.0       0.0 12
                         2013 0      0      0      0      0      0      0      0      0      0      0      0          0.0       0.0 12
                         2014 0      0      0      0      0      0      0      0      0      0      0      0          0.0       0.0 12
                         2015 0      0      0      0      0             0             0      0      0      0          0.0       0.0 10
                         2016 0      0      0      0      0      0      0      0      0      0      0      0          0.0       0.0 12
                         2017 0      0      0      0      0      2      1      0      0      0      0      0          3.0       0.3 12
                         2018 0      0      0      0      0      0      0      0      0      0      0      0          0.0       0.0 12
                         2019 0      0      0      0      0      0      0      0      0      0      0      0          0.0       0.0 12
                         2020 0             0      0      0      0      0      0      0      0      0      0          0.0       0.0 11
                         2021 0             0      0      0      0      0      1                                      1.0       0.1  7

MINIMA                        0      0      0      0      0      0      0      0      0      0      0      0          0.0       0.0
MAXIMA                        0      0      0      0      0      2      1      1      0      0      0      0          3.0       0.3
MEDIA                         0      0      0      0      0      0.125  0.0526 0.1    0      0      0      0          0.2       0.0
DESV. ESTANDAR                0      0      0      0      0      0.5    0.2294 0.3077 0      0      0      0          0.70      0.1


DIAS CON NIEBLA 
                         2001               0      0      0      0      0      0      0      0      0                 0.0       0.0  9
                         2002 0      0      0                                  0      0      0      0      0          0.0       0.0  8
                         2003 0      0      0      0      0      0      0      0      0      0      0      0          0.0       0.0 12
                         2004 0                                         0      0      0      0      0      0          0.0       0.0  7
                         2005 0      0      0      0      0      0      0      0      0      0      0      0          0.0       0.0 12
                         2006                             0      0      0      0      0      0      0      0          0.0       0.0  8
                         2007 0      0      0      0      0      0      0      0      0      0      0      0          0.0       0.0 12
                         2008 0      0      0      0      0      0      0      0      0      0      0      0          0.0       0.0 12
                         2009 0      0      0      0      0                    0      0      0      0      0          0.0       0.0 10
                         2010 0      0      0      0      0             0      0      0      0      0      0          0.0       0.0 11
                         2011 0      0      0      0      0      0      0      0      0      0      0      0          0.0       0.0 12
                         2012 0      0      0      0      0      0      0      0      0      0      0      0          0.0       0.0 12
                         2013 0      0      0      0      0      0      0      2      2      1      2      2          9.0       0.8 12
                         2014 0      0      0      0      0      0      0      0      0      0      0      0          0.0       0.0 12
                         2015 0      0      0      0      0             0             1      1      0      0          2.0       0.2 10
                         2016 2      0      0      0      0      0      0      0      0      0      0      0          2.0       0.2 12
                         2017 0      0      0      0      0      0      0      0      0      0      0      0          0.0       0.0 12
                         2018 0      0      0      0      0      0      0      0      0      0      1      0          1.0       0.1 12
                         2019 2      0      0      1      0      1      0      0      1      0      0      0          5.0       0.4 12
                         2020 1             0      0      0      0      0      0      0      0      0      0          1.0       0.1 11
                         2021 0             0      0      0      0      0      0                                      0.0       0.0  7

MINIMA                        0      0      0      0      0      0      0      0      0      0      0      0          0.0       0.0
MAXIMA                        2      0      0      1      0      1      0      2      2      1      2      2          9.0       0.8
MEDIA                         0.2631 0      0      0.0555 0      0.0625 0      0.1    0.2    0.1    0.15   0.1052     1.0       0.1
DESV. ESTANDAR                0.6533 0      0      0.2357 0      0.25   0      0.4472 0.5231 0.3077 0.4893 0.4588     2.20      0.2


DIAS CON TORMEN.
                         2001               0      0      0      0      0      0      0      0      0                 0.0       0.0  9
                         2002 0      0      0                                  0      0      0      0      0          0.0       0.0  8
                         2003 0      0      0      0      0      0      0      0      0      0      0      0          0.0       0.0 12
                         2004 0                                         0      0      0      0      0      0          0.0       0.0  7
                         2005 0      0      0      0      0      0      0      0      0      0      0      0          0.0       0.0 12
                         2006                             0      0      0      0      0      0      0      0          0.0       0.0  8
                         2007 0      0      0      0      0      0      0      0      0      0      0      0          0.0       0.0 12
                         2008 0      0      0      0      0      0      0      0      0      0      0      0          0.0       0.0 12
                         2009 0      0      0      0      0                    0      0      0      0      0          0.0       0.0 10
                         2010 0      0      0      0      0             0      0      0      0      0      0          0.0       0.0 11
                         2011 0      0      0      0      0      0      0      1      0      0      0      0          1.0       0.1 12
                         2012 0      0      0      0      0      0      0      0      0      0      0      0          0.0       0.0 12
                         2013 0      0      0      0      0      0      0      0      0      0      0      1          1.0       0.1 12
                         2014 0      0      0      0      0      0      0      0      0      0      0      0          0.0       0.0 12
                         2015 0      0      0      0      0             0             0      0      0      0          0.0       0.0 10
                         2016 0      0      0      0      0      0      0      0      0      0      0      0          0.0       0.0 12
                         2017 0      0      0      0      0      0      0      0      0      0      0      0          0.0       0.0 12
                         2018 0      0      0      0      0      0      0      0      0      1      0      0          1.0       0.1 12
                         2019 0      0      0      0      0      0      0      0      0      0      0      0          0.0       0.0 12
                         2020 0             0      0      0      0      0      0      0      0      0      0          0.0       0.0 11
                         2021 0             0      0      0      0      0      0                                      0.0       0.0  7

MINIMA                        0      0      0      0      0      0      0      0      0      0      0      0          0.0       0.0
MAXIMA                        0      0      0      0      0      0      0      1      0      1      0      1          1.0       0.1
MEDIA                         0      0      0      0      0      0      0      0.05   0      0.05   0      0.0526     0.1       0.0
DESV. ESTANDAR                0      0      0      0      0      0      0      0.2236 0      0.2236 0      0.2294     0.36      0.0


EVAPORACION MEN.
                         2001               163.06 214.77 212.58 179.33 187.72 168.21 155.48 143.96 147.44        1,572.6     174.7  9
                         2002 158.13 181.72 224.38                             139.88 129.42 152.05 86.39  101.25 1,173.2     146.7  8
                         2003 86.32  153.13 222.76 235.24 195.65 184.3         100.89        70.49                1,248.8     156.1  8
                         2004                                           152.21 122.36        84.59  93.29           452.5     113.1  4
                         2005 106.39               240.45 302.09 304.89 200.39 149.65 114.95 141.55 126.4  112.96 1,799.7     180.0 10
                         2006                                    171.76 158.03 130.07 108.32 110.33 86.21  58.38    823.1     117.6  7
                         2007 73.96  102.37 179.43 183.84 260.81 215.83 153.23 139.81 138.88 164.6  118.58 130.63 1,862.0     155.2 12
                         2008 141.39 165.87 229.99 246.88 268.96 222.67 170.41 146.88 135.82 130.39 119.74 113.07 2,092.1     174.3 12
                         2009 106.21 155.84 240.19 258.13 289.92 206.18 212.89 204.51 129.51 127.96 101.92 129    2,162.3     180.2 12
                         2010 99.12  125.25 187.71 217.5  222.08 203.36 144.5  184.58 140.5  153.96 151.59 112.32 1,942.5     161.9 12
                         2011 152.21 188.4  231.72 259.45 306.57 248    208.86 204.51 162.09 137.3  139.99 140.74 2,379.8     198.3 12
                         2012 137.61 114.29 213.67 246.44 304.48 241.58 217.3  192.44 131.51 140.81 110.82 112.86 2,163.8     180.3 12
                         2013 110.69 157.72 217.93 285.13 281.06 241.29 146.45 160.85 104.16 106.8  84.09  124.9  2,021.1     168.4 12
                         2014 88.71  131.78 220.64 262.3  226.14 179.37 179.39 158.8  149.59 138.35 115.11 108.02 1,958.2     163.2 12
                         2015 124.45 138.73 147.34 188.23 240.48        182.41        144.41 113.04 84.13  99.83  1,463.1     146.3 10
                         2016 107.77 138.79 189.79 228.92 285.72 231.1  185.21 131.64 128.46 100.83 84.77  103.21 1,916.2     159.7 12
                         2017 127.52 140.08 188.64 260.61 273.92 249.33 184.51 195.98 148.51 108.32 116.65 108.46 2,102.5     175.2 12
                         2018 110.29 104.9  191.7  220.25 210.79 177.75 168.32 170.08 136.79 109.08 81.23  90.18  1,771.4     147.6 12
                         2019 107.26 142.23 194.03 243.92 306.84 243.02 202.81 181.97 137.32 99.01  95.8   112.06 2,066.3     172.2 12
                         2020 116.35        203.5  264.44 285.02 227.99 186.66 156.93 119.91 160.27 139    129.78 1,989.9     180.9 11
                         2021 121.7         247.45 285.25 280.71 204.44 176.43 149.08                             1,465.1     209.3  7

MINIMA                        73.96  102.37 147.34 183.84 195.65 171.76 144.5  100.89 104.16 70.49  81.23  58.38    452.5     113.1
MAXIMA                        158.13 188.4  247.45 285.25 306.84 304.89 217.3  204.51 162.09 164.6  151.59 140.74 2,379.8     209.3
MEDIA                         115.33 142.74 205.21 241.2  264.1  218.45 179.88 159.45 134.2  124.68 109.63 111.03 1,734.6     164.8
DESV. ESTANDAR                22.357 25.325 26.997 28.595 36.715 34.187 22.358 28.462 15.509 25.87  23.395 18.795   482.20     22.9


LLUVIA MAX 24 H.
                         2001               0      1      2.5    14.2   45     60     34     17.5   0               174.2      19.4  9
                         2002 23     0      0                                  60     23     13.5   45     0        164.5      20.6  8
                         2003 2      0      0      0      9      48     23     31     16     32            0        161.0      14.6 11
                         2004 20                                        70     65.5          1      3.5             160.0      32.0  5
                         2005 0             4      0      8      23.5   21     54     17.5   7      0      3        138.0      12.5 11
                         2006                             37     28     48     17.5   13.5   49.2   23     18.5     234.7      29.3  8
                         2007 9.5    0      0      12.3   15     56     40     18.7   19     10     0      6.3      186.8      15.6 12
                         2008 0      0      0      5.5    5.2    13.7   19     32.5   30     0      0      0        105.9       8.8 12
                         2009 0      0      0      0      8      16     29.4   36     17     7.2    7.2    2        122.8      10.2 12
                         2010 16     47     0      2      4.5    13.2   28     23     38     2.5    0      0        174.2      14.5 12
                         2011 0      0      0      1      0      22     18     12     20     11     0      0         84.0       7.0 12
                         2012 10.5   17     0      0      0      21.2   25     76.9   23     7.5    0      12.5     193.6      16.1 12
                         2013 61     0      0      0      1.5    33     32.5   26     46.5   11.2   24     26       261.7      21.8 12
                         2014 1.5    0      1.7    0      6.8    20     25.2   18.2   42.1   10.4   19.3   8.8      154.0      12.8 12
                         2015 4.2    10     41.2   4      10.8          29.5          45     43     6      28       221.7      22.2 10
                         2016 3      4      6.8    0      2.7    9      27     32.2   23.5   7.7    18.2   0        134.1      11.2 12
                         2017 0      0      0      0      0      10.2   43.2   31.5   34.5   3.7    7.8    20       150.9      12.6 12
                         2018 23.4   25.6   0      56     6      63.5   14.8   16.5   22.3   52     32.3   0        312.4      26.0 12
                         2019 10.5          0             4.2           62.5   77.5          12.5          12       179.2      25.6  7
                         2020 22            0.5    0      13     20     31     19.3   24.4   2.4    0      7        139.6      12.7 11
                         2021 0             0      8      22     35     37     23.8                                 125.8      18.0  7

MINIMA                        0      0      0      0      0      9      14.8   12     13.5   0      0      0         84.0       7.0
MAXIMA                        61     47     41.2   56     37     63.5   70     77.5   46.5   52     45     28       312.4      32.0
MEDIA                         10.873 7.4    2.8526 5.2823 8.221  26.264 33.455 36.605 27.183 15.065 10.35  8.0055   170.4      17.3
DESV. ESTANDAR                14.971 13.875 9.4522 13.53  8.9798 16.072 14.481 21.047 10.422 15.896 13.525 9.4807    53.04      6.8


LLUVIA TOTAL MEN
                         2001               0      1      2.6    60.3   141    173.5  137.4  17.5   0               533.3      59.3  9
                         2002 23     0      0                                  144.2  94.5   28     74     0        363.7      45.5  8
                         2003 4      0      0      0      10     95.5   87     97     144.5  41            0        479.0      43.5 11
                         2004 44                                        163    169.8         1      3.5             381.3      76.3  5
                         2005 0             8.3    0      10.5   23.5   61.5   154    56     7      0      3        323.8      29.4 11
                         2006                             97     97.9   197    153    91.2   117.2  23     21.5     797.8      99.7  8
                         2007 18     0      0      12.3   22.7   167.4  131.8  40.5   42.5   13.8   0      6.3      455.3      37.9 12
                         2008 0      0      0      10.5   8.2    34.7   144.2  187.7  80.5   0      0      0        465.8      38.8 12
                         2009 0      0      0      0      15     48.8   88.4   89.3   91.2   21.4   21.4   3        378.5      31.5 12
                         2010 42.5   98.8   0      2      4.5    20.9   91.6   49.5   99     2.5    0      0        411.3      34.3 12
                         2011 0      0      0      1      0      53.8   20     42.3   59.9   18     0      0        195.0      16.3 12
                         2012 17.5   38.9   0      0      0      50.9   109.5  123    96.4   8      0      12.5     456.7      38.1 12
                         2013 68.5   0      0      0      1.7    77.9   164.2  72.5   166.2  28.4   44.2   105.8    729.4      60.8 12
                         2014 2      0      1.7    0      21.3   81.5   69     48.2   93.8   14.4   21.3   14.2     367.4      30.6 12
                         2015 4.2    27.3   80.7   4      19.7          115           109.7  109.9  6      28       504.5      50.5 10
                         2016 3      5.8    7.3    0      3.2    36     161.2  172.4  73.5   16.9   27.4   0        506.7      42.2 12
                         2017 0      0      0      0      0      36.5   166.8  127.6  134.3  3.7    7.8    45.5     522.2      43.5 12
                         2018 40.9   47.3   0      56     26     177.2  36.1   41.3   107.8  102.7  39.3   0        674.6      56.2 12
                         2019 13.7          0             4.2           106    159.6         27.6          12       323.1      46.2  7
                         2020 35.6          0.5    0      16.5   35.6   144.3  67.9   84.6   2.4    0      10.5     397.9      36.2 11
                         2021 0             0      8      35     159.8  190.8  105.6                                499.2      71.3  7

MINIMA                        0      0      0      0      0      20.9   20     40.5   42.5   0      0      0        195.0      16.3
MAXIMA                        68.5   98.8   80.7   56     97     177.2  197    187.7  166.2  117.2  74     105.8    797.8      99.7
MEDIA                         16.678 15.578 5.1842 5.5764 15.689 74.011 119.42 110.94 97.944 29.07  14.883 14.572   465.1      47.0
DESV. ESTANDAR                20.388 28.947 18.449 13.589 22.139 50.524 49.56  51.719 32.014 36.566 20.704 25.847   140.00     18.7


TEMP MAXIMA EXT.
                         2001               28     28     38     35     32     33     33     32     26              285.0      31.7  9
                         2002 27     28     28                                 29     29     29     28     27       225.0      28.1  8
                         2003 26     30     35     36     36     32     29     30     28     28            26       336.0      30.5 11
                         2004 24                                        29     28     30     31     29              171.0      28.5  6
                         2005 28            34     34     34     36     32     30     29     31     30     28       346.0      31.5 11
                         2006                             35     35     33     28     29     30     28     26       244.0      30.5  8
                         2007 26     30     31     33     33     34     29     30     31     31     28     28       364.0      30.3 12
                         2008 28     31     32     34     36     35     29     29     28     29     28     28       367.0      30.6 12
                         2009 28     32     32     34     35     36     32     33     28     33     27     26       376.0      31.3 12
                         2010 27     26     30     38     36     35     37     38     31     30     30     27       385.0      32.1 12
                         2011 27     30     32     35     37     35     31     33     31     30     29     27       377.0      31.4 12
                         2012 28     29     30     34     35     34     32     31     29     31     28     27       368.0      30.7 12
                         2013 26     29     31     34     35     35     30     31     30     29     29     28       367.0      30.6 12
                         2014 26     29     32     33     33     33     30     31     37     31     27     27       369.0      30.8 12
                         2015 27     31     30     32     34            29            31     30     29     27       300.0      30.0 10
                         2016 26     31     31     33     37     32     32     30     30     30     30     27       369.0      30.8 12
                         2017 30     30     32     33     37     37     31     31     30     30     32     28       381.0      31.8 12
                         2018 27     29     33     34     37     36     32     30     30     29     29     26       372.0      31.0 12
                         2019 29            34            35            32     33            30            30       223.0      31.9  7
                         2020 27            35     36     35     35     32     30     30     32     31     27       350.0      31.8 11
                         2021 29            33     33     33     34     29     29                                   220.0      31.4  7

MINIMA                        24     26     28     28     33     32     29     28     28     28     26     26       171.0      28.1
MAXIMA                        30     32     35     38     38     37     37     38     37     33     32     30       385.0      32.1
MEDIA                         27.157 29.642 31.736 33.764 35.315 34.647 31.1   30.85  30.21  30.3   28.777 27.222   323.6      30.8
DESV. ESTANDAR                1.3849 1.499  2.0232 2.0775 1.4926 1.3666 1.9708 2.3004 2.0704 1.2182 1.4775 1.0032    67.12      1.0


TEMP MAXIMA PROM
                         2001               23.931 23.2   28.516 29.666 28.161 28.161 27.066 28.161 23.266          240.1      26.7  9
                         2002 23.677 23.964 25.645                             26.193 26     26.451 24     22.58    198.5      24.8  8
                         2003 22.548 26.607 30     32.333 31.322 30.033 26.381 26.307 25.869 25.481        23.739   300.6      27.3 11
                         2004 21.087                                    27.032 26.807 25.72  26.888 26.083          153.6      25.6  6
                         2005 23.423        26.043 31.333 31.354 32.733 28.774 26.29  26.633 27.483 25.9   24.29    304.3      27.7 11
                         2006                             30.739 29.724 28.64  25.566 25.966 25.838 25.5   22.238   214.2      26.8  8
                         2007 22.043 26     28.129 29.1   31.193 30.166 26.225 27.774 27.366 26.58  25.4   24.871   324.9      27.1 12
                         2008 24.161 26.551 27.193 31.6   31.29  30.5   26.129 26.193 24.633 25.483 24.6   24.322   322.7      26.9 12
                         2009 24.814 26.714 29.032 30.9   31.677 30.9   29.612 29.677 26.233 26.354 23.923 23.387   333.2      27.8 12
                         2010 21.142 21.535 25.806 29.466 32.225 32.259 26.733 29.225 27.4   27.161 25.6   23.964   322.5      26.9 12
                         2011 24.225 26.75  29.258 32.172 33.774 31.428 28.258 29.451 27.533 27.258 25.966 25.516   341.6      28.5 12
                         2012 23.387 22.069 28.387 29.833 32     31.166 27     27.677 25.633 28.29  24.566 24.483   324.5      27.0 12
                         2013 21.322 26.392 26.741 30.766 31.516 30.566 24.741 27.29  25.833 26.516 22.6   21.451   315.7      26.3 12
                         2014 21.29  26.75  28.129 30.766 29.806 28.566 27.419 28.129 27.6   27.871 23.8   23.677   323.8      27.0 12
                         2015 23.967 24.321 23.806 29.033 30.225        26.516        27.533 26.548 26.033 23.451   261.4      26.1 10
                         2016 22.225 25.586 26.096 29.9   33.258 29.833 27.871 26.612 26.333 27.225 22.533 25.258   322.7      26.9 12
                         2017 25.225 26.464 28.419 30.9   33.516 31.9   27.193 28.451 26.1   26.548 27.566 24.258   336.5      28.0 12
                         2018 23.419 25.714 30.322 31.333 31.096 28.233 28.129 28.258 26.7   25.774 23.9   23.064   325.9      27.2 12
                         2019 23.871        30.566        33.29         29.483 29.935        27.354        26.225   200.7      28.7  7
                         2020 24.58         30.838 33.433 32.612 32.033 28.935 27.935 27.433 29.483 27.6   24.096   319.0      29.0 11
                         2021 23.774        30.29  31.566 30.193 28.266 25.516 26.774                               196.4      28.1  7

MINIMA                        21.087 21.535 23.806 23.2   28.516 28.233 24.741 25.566 24.633 25.481 22.533 21.451   153.6      24.8
MAXIMA                        25.225 26.75  30.838 33.433 33.774 32.733 29.612 29.935 27.6   29.483 27.6   26.225   341.6      29.0
MEDIA                         23.167 25.387 27.823 30.449 31.558 30.469 27.437 27.635 26.504 26.937 24.935 23.937   284.9      27.2
DESV. ESTANDAR                1.3098 1.7545 2.1842 2.2106 1.3652 1.3643 1.3233 1.2891 0.8378 1.0097 1.4957 1.1722    58.63      1.0


TEMP MEDIA MENS.
                         2001               18.579 17.05  20.241 22.15  20.645 21.177 19.9   19.548 14              173.3      19.3  9
                         2002 12.451 14.66  15.967                             19.387 19.633 18.048 14.933 11.887   127.0      15.9  8
                         2003 12.129 15.857 17.774 21.283 22.193 22.333        19.519 19.934 17.129        11.64    179.8      18.0 10
                         2004 12.63                                     19.403 19.692 19.1   18.203 14.606          103.6      17.3  6
                         2005 12.076        15.13  20.129 20.693 22.983 21.338 19.596 19.066 18.483 15.083 13.29    197.9      18.0 11
                         2006                             21.096 21.517 21.299 19.433 19.183 18.016 14.483 12.982   148.0      18.5  8
                         2007 13.658 13.571 16.758 18.416 21.129 21.95  19.806 20.258 19.516 17.435 14.683 13.661   210.8      17.6 12
                         2008 12.29  14.379 15.612 19.8   21.225 22.2   19.532 19.629 18.45  16.79  13.583 12.79    206.3      17.2 12
                         2009 13.83  14.946 17.064 18.733 21.161 22.316 21.435 21.387 19.75  18.661 13.826 11.016   214.1      17.8 12
                         2010 11.441 12.803 15.129 18.05  21.225 23.074 20.7   21.403 20.783 16.258 14.05  11.5     206.4      17.2 12
                         2011 12.532 14.785 17.693 20.758 22.838 22.91  21.371 21.645 19.966 17.548 15.65  14.451   222.2      18.5 12
                         2012 13.258 14.12  17.758 18.683 21.677 22.35  20.29  20.419 18.6   18.532 15.5   13.935   215.1      17.9 12
                         2013 12.967 15.232 15.919 19.15  21.338 22.4   19.096 19.903 19.6   18.354 15.233 12.516   211.7      17.6 12
                         2014 11.419 14.928 16.758 19.6   21.08  21.483 20.354 20.403 20.3   19.112 14.816 13.709   214.0      17.8 12
                         2015 14.58  14.767 15.435 19.783 20.871        20.048        20.116 18.5   17.35  13.79    175.2      17.5 10
                         2016 11.129 13.948 15.903 19.35  22.677 21.716 20.806 20.435 19.25  18.225 15.083 14.822   213.3      17.8 12
                         2017 13.338 14.767 17.451 19.483 22.435 23.2   20.451 21.29  19.666 17.967 15.966 13.193   219.2      18.3 12
                         2018 12.612 16.232 18.306 20.25  21.693 21.1   19.854 20.451 20.183 18.548 14.816 12.903   217.0      18.1 12
                         2019 13.548        18.483        22.483        21.58  21.951        19.387        14.371   131.8      18.8  7
                         2020 13.677        19.774 21.316 21.29  23     21.596 20.709 19.866 18.435 16.566 14.322   210.6      19.1 11
                         2021 13.483        18.177 19.8   21.693 21.233 19.983 20.387                               134.8      19.3  7

MINIMA                        11.129 12.803 15.129 17.05  20.241 21.1   19.096 19.387 18.45  16.258 13.583 11.016   103.6      15.9
MAXIMA                        14.58  16.232 19.774 21.316 22.838 23.2   21.596 21.951 20.783 19.548 17.35  14.822   222.2      19.3
MEDIA                         12.792 14.643 17.035 19.508 21.528 22.23  20.505 20.454 19.624 18.159 15.013 13.154   187.2      18.0
DESV. ESTANDAR                0.9227 0.8739 1.3384 1.1172 0.7084 0.6625 0.7833 0.7987 0.5812 0.819  0.9557 1.1048    36.71      0.8


TEMP MINIMA EXT.
                         2001               10     7      8      11     11     11     11     7      1                77.0       8.6  9
                         2002 -2     2      3                                  10     9      5      -3     -3        21.0       2.6  8
                         2003 -4     -2     -3     4      10     13            11     10     2             -7        34.0       3.4 10
                         2004 -2                                        8      10     9      5      -4               26.0       4.3  6
                         2005 -6            0      3      5      8      10     11     6      2      -2     -3        34.0       3.1 11
                         2006                             9      9      11     11     10     3      -5     1         49.0       6.1  8
                         2007 0      -1     1      4      7      10     9      10     8      -1     0      -3        44.0       3.7 12
                         2008 -4     -1     -2     4      8      11     9      10     7      2      0      0         44.0       3.7 12
                         2009 0      -1     2      3      6      10     11     10     11     6      0      -3        55.0       4.6 12
                         2010 -3     0      1      2      5      9      12     10     12     2      -4     -5        41.0       3.4 12
                         2011 -4     0      3      4      8      11     12     11     8      3      3      1         60.0       5.0 12
                         2012 0      0      4      4      8      8      11     1      8      4      3      0         51.0       4.3 12
                         2013 1      0      0      5      5      11     10     10     9      5      -1     0         55.0       4.6 12
                         2014 -4     1      -2     5      7      10     11     10     11     5      1      0         55.0       4.6 12
                         2015 0      0      3      7      6             11            1      7      5      0         40.0       4.0 10
                         2016 -4     -4     -1     4      7      11     11     13     8      4      2      -2        49.0       4.1 12
                         2017 -4     1      2      3      5      12     12     12     8      2      0      -8        45.0       3.8 12
                         2018 -6     4      2      6      7      12     10     11     7      6      0      -4        55.0       4.6 12
                         2019 -3     -2     4      2      6      12     11     11     10     7      4      -2        60.0       5.0 12
                         2020 -4            6      5      7      10     12     11     6      3      2      0         58.0       5.3 11
                         2021 0             2      5      6      12     12     11                                    48.0       6.9  7

MINIMA                        -6     -4     -3     2      5      8      8      1      1      -1     -5     -8        21.0       2.6
MAXIMA                        1      4      10     7      10     13     12     13     12     7      5      1         77.0       8.6
MEDIA                         -2.578 -0.2   1.8421 4.2777 6.8421 10.555 10.736 10.25  8.45   3.95   0.1052 -2.111    47.7       4.5
DESV. ESTANDAR                2.1683 1.8593 3.0416 1.4473 1.4245 1.4234 1.147  2.3141 2.4381 2.1392 2.7867 2.6543    12.63      1.3


TEMP MINIMA PROM
                         2001               13.227 10.9   11.967 14.633 13.129 14.193 12.733 10.935 4.7333          106.5      11.8  9
                         2002 1.2258 5.3571 6.2903                             12.58  13.266 9.6451 5.8666 1.1935    55.4       6.9  8
                         2003 1.7096 5.1071 5.5483 10.233 13.064 14.633        12.73  14     8.7777        -0.458    85.3       8.5 10
                         2004 4.1739                                    11.774 12.576 12.48  9.5185 3.1304           53.7       8.9  6
                         2005 0.7307        4.2173 8.9259 10.032 13.233 13.903 12.903 11.5   9.4838 4.2666 2.2903    91.5       8.3 11
                         2006                             11.454 13.31  13.958 13.3   12.4   10.193 3.4666 3.7272    81.8      10.2  8
                         2007 5.2727 1.1428 5.3871 7.7333 11.064 13.733 13.387 12.741 11.666 8.2903 3.9666 2.4516    96.8       8.1 12
                         2008 0.4193 2.2069 4.0322 8      11.161 13.9   12.935 13.064 12.266 8.0967 2.5666 1.258     89.9       7.5 12
                         2009 2.8461 3.1785 5.0967 6.5666 10.645 13.733 13.258 13.096 13.266 10.967 3.7307 -1.354    95.0       7.9 12
                         2010 1.7407 4.0714 4.4516 6.6333 10.225 13.888 14.666 13.58  14.166 5.3548 2.5    -0.964    90.3       7.5 12
                         2011 0.8387 2.8214 6.129  9.3448 11.903 14.392 14.483 13.838 12.4   7.8387 5.3333 3.3871   102.7       8.6 12
                         2012 3.129  6.1724 7.129  7.5333 11.354 13.533 13.58  13.161 11.566 8.7741 6.4333 3.3871   105.8       8.8 12
                         2013 4.6129 4.0714 5.0967 7.5333 11.161 14.233 13.451 12.516 13.366 10.193 7.8666 3.5806   107.7       9.0 12
                         2014 1.5483 3.1071 5.3871 8.4333 12.354 14.4   13.29  12.677 13     10.354 5.8333 3.7419   104.1       8.7 12
                         2015 5.1935 5.2142 7.0645 10.533 11.516        13.58         12.7   10.451 8.6666 4.129     89.0       8.9 10
                         2016 0.0322 2.3103 5.7096 8.8    12.096 13.6   13.741 14.258 12.166 9.2258 7.6333 4.3871   104.0       8.7 12
                         2017 1.4516 3.0714 6.4838 8.0666 11.354 14.5   13.709 14.129 13.233 9.3871 4.3666 2.129    101.9       8.5 12
                         2018 1.8064 6.75   6.2903 9.1666 12.29  13.966 11.58  12.645 13.666 11.322 5.7333 2.7419   108.0       9.0 12
                         2019 3.2258 4.8571 6.4    7.7586 11.677 15.466 13.677 13.967 13     11.419 8.1428 2.5161   112.1       9.3 12
                         2020 2.7741        8.7096 9.2    9.9677 13.966 14.258 13.483 12.3   7.3871 5.5333 4.5483   102.1       9.3 11
                         2021 3.1935        6.0645 8.0333 13.193 14.2   14.451 14                                    73.1      10.4  7

MINIMA                        0.0322 1.1428 4.0322 6.5666 9.9677 13.233 11.58  12.516 11.5   5.3548 2.5    -1.354    53.7       6.9
MAXIMA                        5.2727 6.75   13.227 10.9   13.193 15.466 14.666 14.258 14.166 11.419 8.6666 4.5483   112.1      11.8
MEDIA                         2.4171 3.9626 6.2481 8.522  11.499 14.073 13.516 13.272 12.757 9.3809 5.251  2.3717    93.2       8.8
DESV. ESTANDAR                1.5863 1.5924 2.0209 1.2294 0.9055 0.5489 0.8013 0.6116 0.7579 1.4961 1.8769 1.7988    16.19      1.1


