COMISIÓN NACIONAL DEL AGUA
COORDINACIÓN GENERAL DEL SERVICIO METEOROLÓGICO NACIONAL
PROYECTO DE BASES DE DATOS CLIMATOLÓGICOS
    
                         AÑO  ENE    FEB    MAR    ABR    MAY    JUN    JUL    AGO    SEP    OCT    NOV    DIC  ACUMULADO  MEDIA  MESES
00001026
TEPEZALA, TEPEZALÁ      
DIAS CON GRANIZO
                         1962                                           0      0      0      0      0      0          0.0       0.0  6
                         1963 0      0      0      0      0      0      0      0      0      0      0      0          0.0       0.0 12
                         1964 0      0      0      0      0      0      0      0      0      0      0      0          0.0       0.0 12
                         1965 0      0      0      0      0      0      0      0      0      0      0      0          0.0       0.0 12
                         1966 0      0      0      0      0      0      0      0      0      0      0      0          0.0       0.0 12
                         1967 0      0      0      0      0      0      0      0      0      0      0      0          0.0       0.0 12
                         1968 0      0      0      0      0      0      0      0      0      0      0      0          0.0       0.0 12
                         1969 0      0      0      0      0      0      0      0      0      0      0      0          0.0       0.0 12
                         1970 0      0      0      0      0      0      0      0      0      0      0      0          0.0       0.0 12
                         1971 0      0      0      0      0      0      0      0      0      0      0      0          0.0       0.0 12
                         1972 0      0      0      0      0      0      0      0      0      0      0      0          0.0       0.0 12
                         1973 0      0      0      0      1      0      0      0      0      0      0      0          1.0       0.1 12
                         1974 0      0      0      0      0      0      0      0      0      0      0      0          0.0       0.0 12
                         1975 0      0      0      0      0      0      0      0      0      0      0      0          0.0       0.0 12
                         1976 0      0      0      0      0      0      0      0      0      0      0      0          0.0       0.0 12
                         1977 0      0      0      0      0      0      0      0      0      0      0      0          0.0       0.0 12
                         1978 0      0      0      0      0      0      0      0      0      0      0      0          0.0       0.0 12
                         1979 0      0      0      0      0      0      0      0      0      0      0      0          0.0       0.0 12
                         1980 0      0      0      0      0      0      0      0      0      0      0      0          0.0       0.0 12
                         1981 0      0      0      0      0      0      0      0      0      0      0      0          0.0       0.0 12
                         1982 0      0      0      0      0      0      0      0      0      0      0      0          0.0       0.0 12
                         1983 0      0      0      0      0      0      0      0      0      0      0      0          0.0       0.0 12
                         1984 0      0      0      0      0      0      0      0      0      0      0      0          0.0       0.0 12
                         1985 0      0      0      0      0      0      0      0      0      0      0      0          0.0       0.0 12
                         1986 0      0      0      0      0      0      0      0      0      0      0      0          0.0       0.0 12
                         1987 0      0      0      0      0      0      0      0      0      0      0      0          0.0       0.0 12
                         1988 0      0      0      0      0      0      0      0      0      0      0      0          0.0       0.0 12
                         1989 0      0      0      0      0      0      0      0      0      0      0      0          0.0       0.0 12
                         1990 0      0      0      0      0      0      0      0      0      0      0      0          0.0       0.0 12
                         1991 0      0      0      0      0      0      0      0      0      0      0      0          0.0       0.0 12
                         1992 0      0      0      0      0      0      0      0      0      0      0      0          0.0       0.0 12
                         1993 0      0      0      0      0      0      0      0      0      0      0      0          0.0       0.0 12
                         1994 0      0      0      0      0      0      0      0      0      0      0      0          0.0       0.0 12
                         1995 0      0      0      0      0      0      0      0      0      0      0      0          0.0       0.0 12
                         1996 0      0      0      0      0      0      0      0      0      0      0      0          0.0       0.0 12
                         1997 0      0      0      0      0      0      0      0      0      0      0      0          0.0       0.0 12
                         1998 0      0      0      0      0      0      0      0      0      0      0      0          0.0       0.0 12
                         1999 0      0      0      0      0      0      0      0      0      0      0      0          0.0       0.0 12
                         2000 0      0      0      0      0      0      0      0      0      0      0      0          0.0       0.0 12
                         2001 0      0      0      0      0      0      0      0      0      0      0      0          0.0       0.0 12
                         2002 0      0      0      0      0      0      0      0      0      0      0      0          0.0       0.0 12
                         2003 0      0      0      0      0      0      0      0      0      0      0      0          0.0       0.0 12
                         2004 0      0      0      0      0      0      0      0      0      0      0      0          0.0       0.0 12
                         2005 0      0      0      0      0      0      0      0      0      0      0      0          0.0       0.0 12
                         2006 0      0      0      0      0      0      0      0      0      0      0      0          0.0       0.0 12
                         2007 0      0      0      0      0      0      0      0      0      0      0      0          0.0       0.0 12
                         2008 0      0      0      0      0      0      0      0      0      0      0      0          0.0       0.0 12
                         2009 0      0      0      0      0      0      0      0      0      0      0      0          0.0       0.0 12
                         2010 0      0      0      0      0      0      0      0      0      0      0      0          0.0       0.0 12
                         2011 0      0      0      0      0      0      1      2      0      0      0      0          3.0       0.3 12
                         2012 0      0      0      0      0      0      0      0      0      0      0      0          0.0       0.0 12
                         2013 1      0      0      0      0      0      0      0      0      1      0      0          2.0       0.2 12
                         2014 0      0      0      0      0      0      0      0      0      0      0                 0.0       0.0 11
                         2015 0      0      0      0      0      0      0      0      0      0      0                 0.0       0.0 11
                         2016 1      0      0      0      1      0      0      0      0      0      0                 2.0       0.2 11
                         2017 0      0      0      0      0      0      0      0      0      0      0      0          0.0       0.0 12
                         2018 1      0      0      0      0      1      0      1      0      0      0      0          3.0       0.3 12
                         2019 0      0      0      0      0      0      0      0      0      0      0      0          0.0       0.0 12
                         2020 0             0      0      0      0      0      0      0      0      0      0          0.0       0.0 11
                         2021 0      0      0      0      0      1      0      0                                      1.0       0.1  8

MINIMA                        0      0      0      0      0      0      0      0      0      0      0      0          0.0       0.0
MAXIMA                        1      0      0      0      1      1      1      2      0      1      0      0          3.0       0.3
MEDIA                         0.0508 0      0      0      0.0339 0.0339 0.0166 0.05   0      0.0169 0      0          0.2       0.0
DESV. ESTANDAR                0.2215 0      0      0      0.1825 0.1825 0.1291 0.2867 0      0.1301 0      0          0.66      0.1


DIAS CON NIEBLA 
                         1962                                           0      0      0      0      1      0          1.0       0.2  6
                         1963 0      0      0      0      0      0      0      0      0      0      0      0          0.0       0.0 12
                         1964 0      0      0      0      0      0      0      0      0      0      0      0          0.0       0.0 12
                         1965 0      0      0      0      0      0      0      0      0      0      0      0          0.0       0.0 12
                         1966 0      0      0      0      0      0      0      0      0      0      0      0          0.0       0.0 12
                         1967 0      0      0      0      0      0      0      0      0      0      0      0          0.0       0.0 12
                         1968 0      0      0      0      0      0      0      0      0      0      0      0          0.0       0.0 12
                         1969 0      0      0      0      0      0      0      0      0      0      0      0          0.0       0.0 12
                         1970 0      0      0      0      0      0      0      0      0      0      0      0          0.0       0.0 12
                         1971 0      0      0      0      0      0      0      0      0      0      0      0          0.0       0.0 12
                         1972 0      0      0      0      0      0      0      0      0      0      0      0          0.0       0.0 12
                         1973 0      0      0      0      0      0      0      0      0      0      0      0          0.0       0.0 12
                         1974 0      0      0      0      0      0      0      0      0      0      0      0          0.0       0.0 12
                         1975 0      0      0      0      0      0      0      0      0      0      0      0          0.0       0.0 12
                         1976 0      0      0      0      0      0      0      0      0      0      0      0          0.0       0.0 12
                         1977 0      0      0      0      0      0      0      0      0      0      0      0          0.0       0.0 12
                         1978 0      0      0      0      0      0      0      0      0      0      0      0          0.0       0.0 12
                         1979 0      0      0      0      0      0      0      0      0      0      0      0          0.0       0.0 12
                         1980 0      0      0      0      0      0      0      0      0      0      0      0          0.0       0.0 12
                         1981 0      0      0      0      0      0      0      0      0      0      0      0          0.0       0.0 12
                         1982 0      0      0      0      0      0      0      0      0      0      0      0          0.0       0.0 12
                         1983 0      0      0      0      0      0      0      0      0      0      0      0          0.0       0.0 12
                         1984 0      0      0      0      0      0      0      0      0      0      0      0          0.0       0.0 12
                         1985 0      0      0      0      0      2      0      0      0      0      0      0          2.0       0.2 12
                         1986 0      0      0      0      0      0      0      1      0      0      0      0          1.0       0.1 12
                         1987 0      1      0      0      0      0      0      0      0      0      0      0          1.0       0.1 12
                         1988 0      0      0      0      0      0      0      0      0      0      0      0          0.0       0.0 12
                         1989 0      0      0      0      0      0      0      0      0      0      0      0          0.0       0.0 12
                         1990 0      0      0      0      0      0      0      0      0      0      0      0          0.0       0.0 12
                         1991 0      0      0      0      0      0      0      0      0      0      0      0          0.0       0.0 12
                         1992 0      0      0      0      0      0      0      0      0      0      0      0          0.0       0.0 12
                         1993 0      0      0      0      0      0      0      0      0      0      0      0          0.0       0.0 12
                         1994 0      0      0      0      0      0      0      0      0      0      0      0          0.0       0.0 12
                         1995 0      0      0      0      0      0      0      0      0      0      0      0          0.0       0.0 12
                         1996 0      0      0      0      0      0      0      0      0      0      0      0          0.0       0.0 12
                         1997 0      0      0      0      0      0      0      0      0      0      0      0          0.0       0.0 12
                         1998 0      0      0      0      0      0      0      0      0      0      0      0          0.0       0.0 12
                         1999 0      0      0      0      0      0      0      0      0      0      0      0          0.0       0.0 12
                         2000 0      0      0      0      0      0      0      0      0      0      0      0          0.0       0.0 12
                         2001 0      0      0      0      0      0      0      0      0      0      0      0          0.0       0.0 12
                         2002 0      0      0      0      0      0      0      0      0      0      0      0          0.0       0.0 12
                         2003 0      0      0      0      0      0      0      0      0      0      0      0          0.0       0.0 12
                         2004 0      0      0      0      0      0      0      0      0      0      0      0          0.0       0.0 12
                         2005 0      0      0      0      0      0      0      0      0      0      0      0          0.0       0.0 12
                         2006 0      0      0      0      0      0      0      0      0      0      0      0          0.0       0.0 12
                         2007 0      0      0      0      0      0      0      0      0      0      0      0          0.0       0.0 12
                         2008 0      0      0      0      0      0      0      0      0      0      0      0          0.0       0.0 12
                         2009 0      0      0      0      0      0      0      0      0      0      0      0          0.0       0.0 12
                         2010 0      0      0      0      0      0      0      0      0      0      0      0          0.0       0.0 12
                         2011 0      0      0      0      0      0      0      0      0      0      0      0          0.0       0.0 12
                         2012 0      0      0      0      0      0      0      0      0      0      0      0          0.0       0.0 12
                         2013 1      0      0      0      0      0      0      0      0      0      2      0          3.0       0.3 12
                         2014 0      0      0      0      0      0      0      0      0      0      0                 0.0       0.0 11
                         2015 0      0      0      0      0      0      1      0      0      0      0                 1.0       0.1 11
                         2016 0      0      0      0      0      0      0      3      0      0      0                 3.0       0.3 11
                         2017 0      0      0      0      0      0      0      0      0      0      0      0          0.0       0.0 12
                         2018 0      0      0      0      0      0      0      0      0      0      0      1          1.0       0.1 12
                         2019 0      0      0      0      0      0      0      0      0      0      2      0          2.0       0.2 12
                         2020 1             0      0      0      0      0      1      0      0      0      0          2.0       0.2 11
                         2021 0      0      0      0      0      0      1      0                                      1.0       0.1  8

MINIMA                        0      0      0      0      0      0      0      0      0      0      0      0          0.0       0.0
MAXIMA                        1      1      0      0      0      2      1      3      0      0      2      1          3.0       0.3
MEDIA                         0.0339 0.0172 0      0      0      0.0339 0.0333 0.0833 0      0      0.0847 0.0178     0.3       0.0
DESV. ESTANDAR                0.1825 0.1313 0      0      0      0.2603 0.181  0.4235 0      0      0.3845 0.1336     0.72      0.1


DIAS CON TORMEN.
                         1962                                           0      0      0      0      0      0          0.0       0.0  6
                         1963 0      0      0      0      0      0      0      0      0      0      0      0          0.0       0.0 12
                         1964 0      0      0      0      0      0      0      0      0      0      0      0          0.0       0.0 12
                         1965 0      0      0      0      0      0      0      0      0      0      0      0          0.0       0.0 12
                         1966 0      0      0      0      0      0      0      0      0      0      0      0          0.0       0.0 12
                         1967 0      0      0      0      1      0      0      0      0      0      0      0          1.0       0.1 12
                         1968 0      0      0      0      0      0      0      0      0      0      0      0          0.0       0.0 12
                         1969 0      0      0      0      0      0      0      0      0      0      0      0          0.0       0.0 12
                         1970 0      0      0      0      0      0      0      0      0      0      0      0          0.0       0.0 12
                         1971 0      0      0      0      0      0      0      0      0      0      0      0          0.0       0.0 12
                         1972 0      0      0      0      0      0      0      0      0      0      0      0          0.0       0.0 12
                         1973 0      0      0      0      1      0      0      0      0      0      0      0          1.0       0.1 12
                         1974 0      0      0      0      0      0      0      0      0      0      0      0          0.0       0.0 12
                         1975 0      0      0      0      0      0      0      0      0      0      0      0          0.0       0.0 12
                         1976 0      0      0      0      0      0      0      0      0      0      0      0          0.0       0.0 12
                         1977 0      0      0      0      0      0      0      0      0      0      0      0          0.0       0.0 12
                         1978 0      0      0      0      0      0      0      0      3      0      0      0          3.0       0.3 12
                         1979 0      0      0      0      0      0      0      0      0      0      0      0          0.0       0.0 12
                         1980 0      0      0      0      0      0      0      0      0      0      0      0          0.0       0.0 12
                         1981 0      0      0      0      0      0      0      0      0      0      0      0          0.0       0.0 12
                         1982 0      0      0      0      0      0      4      0      2      0      0      0          6.0       0.5 12
                         1983 0      0      0      0      0      0      0      0      0      0      0      0          0.0       0.0 12
                         1984 0      0      0      0      0      0      0      0      0      0      0      0          0.0       0.0 12
                         1985 0      0      0      0      0      2      0      0      0      0      0      0          2.0       0.2 12
                         1986 0      0      0      0      0      0      0      3      0      0      0      0          3.0       0.3 12
                         1987 0      2      0      0      0      0      0      0      0      0      0      0          2.0       0.2 12
                         1988 0      0      0      0      0      0      0      0      0      0      0      0          0.0       0.0 12
                         1989 0      0      0      0      0      0      0      0      0      0      0      0          0.0       0.0 12
                         1990 0      0      0      0      0      0      0      0      0      0      0      0          0.0       0.0 12
                         1991 0      0      0      0      0      0      0      0      0      0      0      0          0.0       0.0 12
                         1992 0      0      0      0      0      0      0      0      0      0      0      0          0.0       0.0 12
                         1993 0      0      0      0      0      0      0      0      0      0      0      0          0.0       0.0 12
                         1994 0      0      0      0      0      0      0      0      0      0      0      0          0.0       0.0 12
                         1995 0      0      0      0      0      0      0      0      0      0      0      0          0.0       0.0 12
                         1996 0      0      0      0      0      0      0      0      0      0      0      0          0.0       0.0 12
                         1997 0      0      0      0      0      0      0      0      0      0      0      0          0.0       0.0 12
                         1998 0      0      0      0      0      0      0      0      0      0      0      0          0.0       0.0 12
                         1999 0      0      0      0      0      0      0      0      0      0      0      0          0.0       0.0 12
                         2000 0      0      0      0      0      0      0      0      0      0      0      0          0.0       0.0 12
                         2001 0      0      0      0      0      0      0      0      0      0      0      0          0.0       0.0 12
                         2002 0      0      0      0      0      0      0      0      0      0      0      0          0.0       0.0 12
                         2003 0      0      0      0      0      0      0      0      0      0      0      0          0.0       0.0 12
                         2004 0      0      0      0      0      0      0      0      0      0      0      0          0.0       0.0 12
                         2005 0      0      0      0      0      0      0      0      0      0      0      0          0.0       0.0 12
                         2006 0      0      0      0      0      0      0      0      0      0      0      0          0.0       0.0 12
                         2007 0      0      0      0      0      0      0      0      0      0      0      0          0.0       0.0 12
                         2008 0      0      0      0      0      0      0      0      0      0      0      0          0.0       0.0 12
                         2009 0      0      0      0      0      0      0      0      0      0      0      0          0.0       0.0 12
                         2010 0      0      0      0      0      0      0      0      0      0      0      0          0.0       0.0 12
                         2011 0      0      0      0      0      0      0      0      1      0      0      1          2.0       0.2 12
                         2012 0      0      0      0      0      0      0      0      0      0      0      0          0.0       0.0 12
                         2013 0      0      0      0      0      1      0      0      0      0      0      0          1.0       0.1 12
                         2014 0      0      0      0      0      0      0      0      0      0      0                 0.0       0.0 11
                         2015 0      0      0      0      0      0      3      0      0      0      0                 3.0       0.3 11
                         2016 0      1      0      0      0      0      0      0      0      1      0                 2.0       0.2 11
                         2017 0      0      0      0      0      0      0      0      0      0      0      0          0.0       0.0 12
                         2018 0      0      0      0      0      0      1      2      0      0      0      0          3.0       0.3 12
                         2019 0      0      0      0      0      0      0      1      0      0      0      0          1.0       0.1 12
                         2020 1             0      0      0      0      0      2      1      0      0      0          4.0       0.4 11
                         2021 0      0      0      0      0      1      2      2                                      5.0       0.6  8

MINIMA                        0      0      0      0      0      0      0      0      0      0      0      0          0.0       0.0
MAXIMA                        1      2      0      0      1      2      4      3      3      1      0      1          6.0       0.6
MEDIA                         0.0169 0.0517 0      0      0.0339 0.0678 0.1666 0.1666 0.1186 0.0169 0      0.0178     0.7       0.1
DESV. ESTANDAR                0.1301 0.2915 0      0      0.1825 0.3142 0.6929 0.587  0.4942 0.1301 0      0.1336     1.35      0.1


EVAPORACION MEN.
                         1962                                           206.2  236.6  158.3  173.9         113.5    888.5     177.7  5
                         1963 148.8  192.1  234    275.8  285.8  213.9  191.2  221.9  192.9  162.1  169.8  98.7   2,387.0     198.9 12
                         1964 102.8  110    246.9  244.9  213.7  272.9  244.9  223.3  204.7  158.8  137.9  135.1  2,295.9     191.3 12
                         1965 150.6  155.9  224.8  262.6  257.3  286.7  165.9  174.8  158.7  161.6  152.4  124.3  2,275.6     189.6 12
                         1966 142.4  154.2  239.5  186.4  251.4  218.5  222.9  170.7  175.4  160.1  174    153.5  2,249.0     187.4 12
                         1967 148.8  178.2  172.4  254.1  198.2  216.9  235.4  210.4  145    172.9  150    144.9  2,227.2     185.6 12
                         1968 164.6  152.5  190.7  156.3  207.2  234.4  189.6  206.9  119.4  177.1  165.1  110.2  2,074.0     172.8 12
                         1969 154.58 178.2  251.3  281.6  296.1  278.1  183.4  193.8  149.3  195.29 180.1  152.2  2,494.0     207.8 12
                         1970 157.65 147.67 264.56 307.65 316.58 182.17 227.89 202.18 153.25 172.54 148.34 183.11 2,463.6     205.3 12
                         1971 169.2  186.5  289.4  304.3  316.8  255.1  223.6  163.8  149.3  154.3  145.1  146.8  2,504.2     208.7 12
                         1972 145.3  186.3  208.5  297.6  293    253.6  219.7  222.9  194.7  192.7  182.3  149.8  2,546.4     212.2 12
                         1973 117.3  159.1  315.6  320.3  292.5  275    161    170.3  223.8  170.6  178.6  164.1  2,548.2     212.4 12
                         1974 182.5  190.6  253.1  290    267.2  296.6  266.9  218.8  164.5  179.3  161.6  176.1  2,647.2     220.6 12
                         1975 163.1  181.1  288.5  309.2  293.7  222.1  222.1  204.5  234.3  278.2  229.5  184.9  2,811.2     234.3 12
                         1976 184.8  262    272.2  304.8  320.4  323.2  175.1  216.2  155.6  162    136.1  128.9  2,641.3     220.1 12
                         1977 158.7  200.1  287.5  198.5  224.2  191    182.7  172.4  138.3  140.2  108.6  103.8  2,106.0     175.5 12
                         1978 117    124.7  191    231.5  261.7  191.1  210.2  152.9  130.5  99.6   88.6   93     1,891.8     157.7 12
                         1979 104.8  112.2  189.4  231.6  243.4  208.1  202.2  167.4  164.3  187.9  126.4  72.5   2,010.2     167.5 12
                         1980 95.8   116.4  207.7  216.5  252    243    210.6  164.21 155.12 141.5  96.9   78.2   1,977.9     164.8 12
                         1981 84.5   120.79 189.7  189.89 228.8  201.9  175.7  191.5  160.07 143.5  123.7  92.4   1,902.5     158.5 12
                         1982 119.72 148.1  208.8  228.7  223.5  269.6  176.3  222.7  176.7  144.7  105.6  78.15  2,102.6     175.2 12
                         1983 72.9   127.5  188.2  251    221.4  222.4  164.1  170.8  140    140.6  108.4  102.6  1,909.9     159.2 12
                         1984 85.5   127.2  206.8  257.4  229.3  199.5  135.6  134.8  147.2  152.3  121    100    1,896.6     158.1 12
                         1985 104.2  137.5  168.3  178.4  261.4  175.7  171.4  197.1  181.8  125.2  91.9   84.9   1,877.8     156.5 12
                         1986 78.4   115.8  195.2  223.4  237.7  184.9  172.4  181.6  143.7  85.8   93.5   82.2   1,794.6     149.6 12
                         1987 91.9   100.3  174.9  216.2  220.9  182    164.5  174.5  158.2  135.7  84.4   80.5   1,784.0     148.7 12
                         1988 93.8   127.8  179.7  193.4  237.2  211    155.1  159.4  83.8   127.73 104.78 74.7   1,748.4     145.7 12
                         1989 89.7   115.6  170.8  221.8  268.3  251.2  189.4  128.7  133.1  149    88     77     1,882.6     156.9 12
                         1990 85.8   85.2   156.6  200.7  227.9  196.3  103.7  116.9  108.9  91.5   107.1  101.57 1,582.2     131.8 12
                         1991 124.1  122.7  215.67 261.15 286.43 176.39 102.77 151.5  101.89 120.95 103.53 73.83  1,840.9     153.4 12
                         1992 74.14  123.94 149.54 156.77 127.27 200.27 153.26 121.38 117.25 99.2   101.88 89.61  1,514.5     126.2 12
                         1993 91.04  80.67  186.11 208.46 233.6  177.08 130.2  153.17 106.81 111.97 124.71 107.72 1,711.5     142.6 12
                         1994 112.77 116.79 216.32 168.32 215.07 154.67 174.82 122.81 176.3  208.66 156.79 105.4  1,928.7     160.7 12
                         1995 111.58 142.64 183.42 237    258.58 191.73 177.24 171.83 152.72 169.27 164.67 151.46 2,112.1     176.0 12
                         1996 60.2   130.88 111.02 157.85 205.91 195.17 171.58 114.06 159.13 186.14 56.59  43.4   1,591.9     132.7 12
                         1997 52.87  74.4   76.09  157.89 179.16 134.9  125.23 112.61 147.08 70.18  63.88  162.97 1,357.3     113.1 12
                         1998 67.75  57.8   104.44 197.34 245.01 239.94 181.64 184.61 157.88 173.11 137.06 144.59 1,891.2     157.6 12
                         1999 120.45 135.42 174.27 211.21 236.54 193.45 196.24 220.72 241.81 281.41 184.69 189.78 2,386.0     198.8 12
                         2000 150.04 158.45 236.45 258.68 204.33 189.63 185.33 197.31 167.9  142.23 143.97 152.57 2,186.9     182.2 12
                         2001 87.01  92.05  133.5  221.88 177.78 162.59 167.13 146.13 137.4  170.06 152.28 186.71 1,834.5     152.9 12
                         2002 164.22 161.7  185.35 191.29 197.76 132.65 151.97 152.22 135.01 165.37 61.23  111.08 1,809.9     150.8 12
                         2003 81.03  104.5  217.93 197.61 251.09 199.5  183.81 170.61 153    132.12 108.81 95.53  1,895.5     158.0 12
                         2004 126.35 127.98 124.74 214.99 166.19 149.13 162.67 171.6  135.32 160.1  107.87 114.15 1,761.1     146.8 12
                         2005 170.6  123.57 200.01 230.39 238.64 218.01 173.95 111.55 120.03 120.05 100.8  102.26 1,909.9     159.2 12
                         2006 95.66  107.66 180.97 229.37 205.25 193.94 162.18 133.02 79.9   94     75.46  77.92  1,635.3     136.3 12
                         2007 67.5   100.78 178.66 196.9  206.79 161.24 133.35 139.87 128.8  126.16 82.07  83.49  1,605.6     133.8 12
                         2008 120.27 120.87 217.07 235.47 222.6  195.2  151.8  114.78 140.44 96.2   79.72  81.9   1,776.3     148.0 12
                         2009 96.86  112.89 203.15 214.85 224.6  227.73 191.02 164.66 112.17 122.87 74.12  75.29  1,820.2     151.7 12
                         2010 90.44  98.05  140.31 212.88 280.79 268.35 131.66 179.01 147.24 183.99 112.84 129.48 1,975.0     164.6 12
                         2011 131.32 146.41 218.55 234.53 290.65 200.87 151.38 235.32 193.21 179.58 135.96 128.21 2,246.0     187.2 12
                         2012 97.8   107.81 170.33 261.52 280.51 208.38 127.94 175.8  82.23  197.97 116.81 99.32  1,926.4     160.5 12
                         2013 85.73  148.34 166.92 266.96 271.23 237.17 185.64 196.49 98            109.86 108.34 1,874.7     170.4 11
                         2014 106.48 134.89 180.19 231.84 190.84 175.72 145.04 129.52 87.84  141.61 89.46         1,613.4     146.7 11
                         2015 111.72 67.66  130.07 165.71 185.56        153.26 166.14 137.49 130.74 133.26        1,381.6     138.2 10
                         2016 83.81  102.79 135.47 207.41 254.12 195.34 177.79 126.8  130.26 139.74 83.55         1,637.1     148.8 11
                         2017 100.56 123.03 184.33 239.34 276.02 239.8  159.85 172.8  105.09 138.93 123.59 79.27  1,942.6     161.9 12
                         2018 76.38  114.73 196.72 218.65 238.1         176.67 184.84 109.17 117.3  78.57  72.49  1,583.6     144.0 11
                         2019 77.75  131.94 194.1  225    266.6  216.85 187.75 197.31 159.49 124.71 99.88  68.11  1,949.5     162.5 12
                         2020 62.17         183.59 224.32 232.69 199.76 165.68 124.1  128.57 171.3  118.4  71.8   1,682.4     152.9 11
                         2021 87.73  124.63 192.79 242.19 246.27 174.3  97.08  140.15                             1,305.1     163.1  8

MINIMA                        52.87  57.8   76.09  156.3  127.27 132.65 97.08  111.55 79.9   70.18  56.59  43.4     888.5     113.1
MAXIMA                        184.8  262    315.6  320.3  320.4  323.2  266.9  236.6  241.81 281.41 229.5  189.78 2,811.2     234.3
MEDIA                         111.88 132.57 195.83 229.02 241.41 211.69 174.76 170.91 146.61 151.94 121.41 112.39 1,953.5     166.9
DESV. ESTANDAR                34.292 36.199 47.001 41.109 39.534 40.304 34.01  34.649 34.967 39.332 36.424 36.274   366.21     25.9


LLUVIA MAX 24 H.
                         1962                                           2.1    40     30.2   37.4   0      10.1     119.8      20.0  6
                         1963 0      0      0      0      3.5    33     20     13.3   15.1   10     0      35       129.9      10.8 12
                         1964 20     0      0      0      6      9.5    37     20     25.5   23     1.3    20       162.3      13.5 12
                         1965 19     20     0      12     10.9   20.1   17.5   21.6   46     10     12     17       206.1      17.2 12
                         1966 18     0      12     18.6   21     19.5   47.5   59.3   20     16     0.5    0        232.4      19.4 12
                         1967 27.3   7      14     37.1   22.5   9.5    60.3   72     30.5   16     0      0        296.2      24.7 12
                         1968 1.3    12     45.2   0      0      12.5   43     22.5   47.3   14.1   2.2    8.6      208.7      17.4 12
                         1969 5.7    0      0      0      3.2    3.6    32     10.3   10     3.1    9.2    10        87.1       7.3 12
                         1970 0      27     0      0      0      36     20     34     49     0      14     0        180.0      15.0 12
                         1971 3      0      0      0      43     31     46     29     50     20     5.5    0        227.5      19.0 12
                         1972 0      1      40     26     45     25     29     15     23     0      9      1.5      214.5      17.9 12
                         1973 6      0      0      0      27     23     55     58     9      34     0      0        212.0      17.7 12
                         1974 0      0      3      0      20     3      19     21     63     0      3      5        137.0      11.4 12
                         1975 10     0      0      0      0      10     56     30     0      0      0      0        106.0       8.8 12
                         1976 0      0      0      0      0      10     61     20     19     10.3   20.5   3.1      143.9      12.0 12
                         1977 2.8    0      0.8    4.6    1.2    21     27.4   42.3   17.5   11.2   1.7    3.9      134.4      11.2 12
                         1978 0      1.8    2.5    2      9.2    6.7    37.3   58.2   71.8   28.9   8.9    2.4      229.7      19.1 12
                         1979 4.9    8.5    0.2    0      0      0      26.5   23.5   13     0      2.4    40.5     119.5      10.0 12
                         1980 18.2   16.8   0      6.7    0.8    12.3   20.5   27.4   17.1   16     17.6   12.5     165.9      13.8 12
                         1981 32.3   8.7    4      11.5   5.7    32.5   29.2   14.7   31.2   21.2   3.6    8.8      203.4      17.0 12
                         1982 0      0      0.3    4.5    12.3   0      68.5   18.5   20.4   38.7   20.9   18.4     202.5      16.9 12
                         1983 15.2   0      1.4    0      57.2   20.3   76.8   18.4   38.9   12.4   3.7    0        244.3      20.4 12
                         1984 0      4.2    0      0      12.1   15.8   23.9   36.8   18.7   6.2    3.6    0        121.3      10.1 12
                         1985 2.1    0      3.7    5.7    23.6   19.2   19.8   14.3   6.3    25.4   2      12.3     134.4      11.2 12
                         1986 0      7.2    0      10.8   12.6   45.4   48.7   18.2   28.2   30.2   14.2   7.3      222.8      18.6 12
                         1987 21.8   18.9   0      6.4    17.3   19.5   41.5   14.9   11.8   0      0      7.8      159.9      13.3 12
                         1988 6.4    0      4.7    14.9   1.5    25.8   30.8   86.5   7.5    17     0      7        202.1      16.8 12
                         1989 0      0      0      0      27.5   13.6   18.6   53     19     0      21     13.5     166.2      13.9 12
                         1990 11     8.1    1      0      10     5      35     32.5   21.5   35     0      0        159.1      13.3 12
                         1991 0      3      0      0      0      18     36     20     23     21     0      7        128.0      10.7 12
                         1992 35     4      3.6    5      14     1      11.5   36.5   27     36.5   12     3        189.1      15.8 12
                         1993 13.5   0      0      3.2    13     33.5   32     30     28     29.5   0      0        182.7      15.2 12
                         1994 21     0      0      6.5    0      17     7      4      22     16     0.4    0.7       94.6       7.9 12
                         1995 4.5    3      0      0      0      26     22     19     78     0      1      0        153.5      12.8 12
                         1996 0      2      0      1.1    0      13     24     18     18     19     0      0         95.1       7.9 12
                         1997 0      0      2      23     3      5      15     34     21     29     3      1        136.0      11.3 12
                         1998 0      0      0      0      0      18     17     45     16     0      0      0         96.0       8.0 12
                         1999 0      0      0      0      0      35     12     42     2.5    0      0      0         91.5       7.6 12
                         2000 0      0      0      0      15     17     16     16     1      4      0      13        82.0       6.8 12
                         2001 2      0      2      8      18     19     11     77     35     10     20     8        210.0      17.5 12
                         2002 4.3    7      0      0      10     92     56     35     21     15.5   23.5   0        264.3      22.0 12
                         2003 3      1      0      0      23     9      34     37.5   42     8.5    0      0        158.0      13.2 12
                         2004 12     1      11     0      19     41.5   20     19     26.5   16     0      0        166.0      13.8 12
                         2005 0      9      4      0      1      16     18     33     68     0      2      0        151.0      12.6 12
                         2006 7      0      0      1      11     6      65.5   11     13     13     0      17       144.5      12.0 12
                         2007 12     6      0      6      11     43     38     17     27     6      7      0        173.0      14.4 12
                         2008 0      0      0      0      8      20     25     27     20     0      0      0        100.0       8.3 12
                         2009 0      0      0      0      6      44     8      31     31     9      14     2        145.0      12.1 12
                         2010 9      54     0      0      6.5    17     48     17     43     0      0      0        194.5      16.2 12
                         2011 0.2    0      0      2.7    0      20     20     12     15     7.5    0      0         77.4       6.5 12
                         2012 16     18     0      0      8      20     35.5   27     25     4      10     20       183.5      15.3 12
                         2013 20     0      0      0      8.5    8      24     19     40     37     9      24       189.5      15.8 12
                         2014 3      0      6      0.5    15     54     22     38     21     11     18              188.5      17.1 11
                         2015 6      12     57     4      7      37     32     36     23     45     6               265.0      24.1 11
                         2016 15     2.3    10     1      15     14     28     37     67     17     13              219.3      19.9 11
                         2017 2      1      2      0      1      29     39     55     29     7      0      19       184.0      15.3 12
                         2018 20     20     0      11     8      95     17     40     42     29     30     2        314.0      26.2 12
                         2019 7             0             1             14     40            14            10        86.0      12.3  7
                         2020 89            1      6      2             50     27            0      0      5        180.0      20.0  9
                         2021 5      0      0      0      11     65     24     29                                   134.0      16.8  8

MINIMA                        0      0      0      0      0      0      2.1    4      0      0      0      0         77.4       6.5
MAXIMA                        89     54     57     37.1   57.2   95     76.8   86.5   78     45     30     40.5     314.0      26.2
MEDIA                         9.0084 4.9912 3.922  4.1344 10.645 23.084 31.19  30.903 27.815 14.247 5.9603 6.7214   168.4      14.5
DESV. ESTANDAR                13.861 9.2822 10.743 7.3458 11.837 19.265 16.626 16.919 17.606 12.453 7.7204 9.0237    53.97      4.6


LLUVIA TOTAL MEN
                         1962                                           7.5    62.7   107.3  59.7   0      23.2     260.4      43.4  6
                         1963 0      0      0      0      6.5    86.1   75.1   34.1   56.4   43     0      84.9     386.1      32.2 12
                         1964 41     0      0      0      13     34     75.5   57     109.3  23.6   1.3    51.5     406.2      33.9 12
                         1965 19     45.5   0      39.5   10.9   46.7   82.9   96.6   109.5  20.8   18     35.8     525.2      43.8 12
                         1966 45.6   0      12.5   28.7   27.7   92.8   94.7   221.6  55.1   33.3   0.5    0        612.5      51.0 12
                         1967 55.6   7      31.8   37.1   66.5   34.8   122.4  248.3  139.4  57.2   0      0        800.1      66.7 12
                         1968 2.3    22.5   99.6   0      0      30.3   115.4  72.8   136.5  30.4   2.2    10.6     522.6      43.6 12
                         1969 10.7   0      0      0      3.2    3.6    167    10.3   28.5   3.1    9.2    18.6     254.2      21.2 12
                         1970 0      56.4   0      0      0      194    30     107    142    0      26     0        555.4      46.3 12
                         1971 5      0      0      0      43     146    62.6   154    227.5  31     5.5    0        674.6      56.2 12
                         1972 0      1      47     26     85     82.5   75     18     64.5   0      24     2.5      425.5      35.5 12
                         1973 11     0      0      0      44.9   77     177.5  178    14     61     0      0        563.4      47.0 12
                         1974 0      0      3      0      20     3.5    98     110    131.5  0      3      5        374.0      31.2 12
                         1975 15     0      0      0      0      24     103.6  95.1   0      0      0      0        237.7      19.8 12
                         1976 0      0      0      0      0      10     404.6  36     77     32.4   78.7   7.9      646.6      53.9 12
                         1977 4.7    0      0.8    11.3   2.2    70.3   93.2   162.4  70.2   17.4   2.3    3.9      438.7      36.6 12
                         1978 0      1.8    3      2.4    11.6   25.1   123.8  157.4  197.1  55.6   8.9    2.4      589.1      49.1 12
                         1979 5.3    18.3   0.2    0      0      0      64.9   67.8   24.7   0      2.4    66.2     249.8      20.8 12
                         1980 53.1   28.3   0      8.2    2.6    21.5   64.6   175.5  28.9   40.6   18.8   28.3     470.4      39.2 12
                         1981 74.3   9      7.6    21.1   19.9   40.2   106.6  32     51.3   41     4.5    8.8      416.3      34.7 12
                         1982 0      0      0.3    4.5    30.1   0      143    56.3   36.7   78.7   39.6   46       435.2      36.3 12
                         1983 39.1   0      1.4    0      84     35     248.9  114.6  114.7  23.8   10.1   0        671.6      56.0 12
                         1984 0      4.2    0      0      24.6   78.7   138.1  107.2  32.3   15.7   3.6    0        404.4      33.7 12
                         1985 2.1    0      4.2    14     33.4   132.3  67.7   52.2   16.5   41.2   2      46.4     412.0      34.3 12
                         1986 0      7.2    0      12.5   19.1   193.9  114.6  35.2   97.8   45.8   18.4   7.3      551.8      46.0 12
                         1987 41     49.7   0      12.2   37.8   47     128.3  42.2   28.5   0      0      10.2     396.9      33.1 12
                         1988 12.8   0      5.9    27.2   1.5    63.5   136.1  222.8  11.2   17     0      7        505.0      42.1 12
                         1989 0      0      0      0      27.5   13.6   44.2   180.5  31     0      21     47.6     365.4      30.5 12
                         1990 11     36.3   1      0      22.5   11.3   251.5  134    71.1   98.1   0      0        636.8      53.1 12
                         1991 0      3      0      0      0      56     479    51.4   67     27     0      9.5      692.9      57.7 12
                         1992 182.1  5.6    3.6    6.7    24.5   1.7    32.9   67     29     96.5   21     3        473.6      39.5 12
                         1993 24.5   0      0      3.2    13.5   72.9   100.6  64.5   57     31.5   0      0        367.7      30.6 12
                         1994 21     0      0      11.5   0      67.8   18.7   20.2   71.7   36     0.7    0.7      248.3      20.7 12
                         1995 7.5    3.5    0      0      0      55     113    78.8   160.5  0      1      0        419.3      34.9 12
                         1996 0      2      0      1.1    0      42     67     62     101    52     0      0        327.1      27.3 12
                         1997 0      0      4.7    36     4      10     18.6   61     41     59     6      1.6      241.9      20.2 12
                         1998 0      0      0      0      0      33     61     119    45     0      0      0        258.0      21.5 12
                         1999 0      0      0      0      0      54     43.4   108    5.5    0      0      0        210.9      17.6 12
                         2000 0      0      0      0      65     73     54     50     1      8      0      19       270.0      22.5 12
                         2001 2      0      2      21     21     57     27     145    94     11     20     8        408.0      34.0 12
                         2002 4.3    9.3    0      0      16     130.4  187.5  140.5  87.7   40.5   24.5   0        640.7      53.4 12
                         2003 3      1      0      0      23     31     119.5  90     144.5  17     0      0        429.0      35.8 12
                         2004 29     1      26     0      39.1   134.9  50.2   78.5   119.8  32     0      0        510.5      42.5 12
                         2005 0      13.4   4      0      1      28.5   99     99     122    0      2      0        368.9      30.7 12
                         2006 8.5    0      0      1      31.5   24     163.5  60.5   25     34     0      17       365.0      30.4 12
                         2007 17.2   11     0      6      11     151    148.5  22.5   48     12     7      0        434.2      36.2 12
                         2008 0      0      0      0      20.5   68.5   154    177.5  56     0      0      0        476.5      39.7 12
                         2009 0      0      0      0      12     118.5  16     55.9   82     18     14     3        319.4      26.6 12
                         2010 23.5   155    0      0      10.5   38     191    44     73     0      0      0        535.0      44.6 12
                         2011 0.2    0      0      2.7    0      61     48     47.7   49.2   13.5   0      0        222.3      18.5 12
                         2012 20     91.7   0      0      18.3   48     174.9  120.5  133    4      10     20       640.4      53.4 12
                         2013 25     0      0      0      14.5   26.5   136.4  43     171    67     21     88       592.4      49.4 12
                         2014 9      0      6      0.5    38     172    77     71     73     21     22              489.5      44.5 11
                         2015 6      26     125    11     13     208    160    73     77     95     9               803.0      73.0 11
                         2016 16     4.3    12     1      20     47     77     158    108    18     23              484.3      44.0 11
                         2017 2      2      3      0      1      48     131    219    153    9      0      23       591.0      49.3 12
                         2018 33     24     0      12     24     350    54     85     114    59     55     2        812.0      67.7 12
                         2019 9             0             1             40     105           21            14       190.0      27.1  7
                         2020 127           1      9      4             170    59            0      0      5        375.0      41.7  9
                         2021 5      0      0      0      15     182    142    120                                  464.0      58.0  8

MINIMA                        0      0      0      0      0      0      7.5    10.3   0      0      0      0        190.0      17.6
MAXIMA                        182.1  155    125    39.5   85     350    479    248.3  227.5  98.1   78.7   88       812.0      73.0
MEDIA                         17.345 11.228 6.8745 6.3344 18.286 69.954 112.86 95.635 79.287 28.006 9.2448 12.998   457.5      39.4
DESV. ESTANDAR                31.243 25.998 21.65  10.54  20.136 65.796 83.031 57.254 51.54  26.38  14.666 21.113   154.46     12.9


TEMP MAXIMA EXT.
                         1962                                           35.5   34     32     32     29     28       190.5      31.8  6
                         1963 28     28     33     37     36     37     32     33     32     31     29     27       383.0      31.9 12
                         1964 28     30     31     35     36     32     33     33     30     31     30     24       373.0      31.1 12
                         1965 25     26     29     30     34     36     30     31     36     30     31     26       364.0      30.3 12
                         1966 28     25     30     34     36     36.5   33     32     33     31     29     28       375.5      31.3 12
                         1967 27     30     32     36     37     36     32     32     31     31     31     30       385.0      32.1 12
                         1968 31     30     31     31     33     33.5   31     32     27     28     26     24       357.5      29.8 12
                         1969 29     27     29     34     36     36     31     31     30     31     31     26       371.0      30.9 12
                         1970 26     26     27     36     32     31     29     30     28     28     27     27       347.0      28.9 12
                         1971 27     26     28     32     33     31     29     29     27     28     28     26       344.0      28.7 12
                         1972 28     26     27     33     33     31     30     29.5   29     28     28     27       349.5      29.1 12
                         1973 25     27     32     33.5   33     33     32     31     32     32     29     28       367.5      30.6 12
                         1974 29     30     32     33     35     34     33.5   32     32     28     28     28       374.5      31.2 12
                         1975 28     29     32     35     36     34     33     31     31     31     28     30       378.0      31.5 12
                         1976 27     31     33     34     34     35     32     32     31.5   29     30     25       373.5      31.1 12
                         1977 29     25     32     30     35.5   33.5   32     32     32.5   32.5   27.5   26       367.5      30.6 12
                         1978 27     26.5   31.5   35     35     32     33     29.5   29     26     27.5   26.5     358.5      29.9 12
                         1979 26.5   26.5   32     33.5   34     34     33     30     33     32     28     24.5     367.0      30.6 12
                         1980 26     28     32     32.5   36     36.5   32.5   32     31     30.5   26.5   26       369.5      30.8 12
                         1981 25     28     30.5   32     33.5   35.5   31     32.5   32.5   30.5   28     26       365.0      30.4 12
                         1982 27.5   28     32     35     36.5   36     30.5   30     30.5   29.5   27     24       366.5      30.5 12
                         1983 24     25     28     35     34.5   33     28     29.5   29     29     27     27       349.0      29.1 12
                         1984 24.5   26.5   30     33     33     33     27.5   27.5   28     29     28     25.5     345.5      28.8 12
                         1985 25     26.5   30     32     34.5   32     28     29.5   30     29     27     24.5     348.0      29.0 12
                         1986 25     31.5   31     33.5   34     30.5   29.5   29.5   29     27.5   28.5   29       358.5      29.9 12
                         1987 24.5   26     28     32     32     32     31.5   30     30.5   28     27     26       347.5      29.0 12
                         1988 24.5   28     30     33.5   34     33     29     28     27     29     29     27       352.0      29.3 12
                         1989 26     28     29     30     34     35     34     28     28     29     29     23       353.0      29.4 12
                         1990 25     24     29     32     34     33     28     27     27     29     28     27       343.0      28.6 12
                         1991 26     27     32     33     33     34     26     28     27     27     26     25       344.0      28.7 12
                         1992 23     24     28     29     29     32     31     28     31     25     25     24       329.0      27.4 12
                         1993 25     26     27     31     31     34     30     30     28     30     27     27       346.0      28.8 12
                         1994 27     28     30     30     33     33     32     30     27     32     27     26       355.0      29.6 12
                         1995 26     26     31     33     36     35     30     34     29     30     26     26       362.0      30.2 12
                         1996 25     28     28     31     34     32     31     30     29     29     27     24       348.0      29.0 12
                         1997 23     26     29     29     32     34     30     31     30     28     28     24       344.0      28.7 12
                         1998 23     25     30     34     36     36     32     29     26     27     27     25       350.0      29.2 12
                         1999 25     27     28     35     33     34     32     33     32     31.5   27     24       361.5      30.1 12
                         2000 24     29     31     34     34     33     31     32     29     26.5   25     23       351.5      29.3 12
                         2001 25     27     26     36     33     34     32     32     26     25     24     29       349.0      29.1 12
                         2002 22     27     30     32     32     32     27     27     29     28     27     25       338.0      28.2 12
                         2003 25     28     30     32     36     32     30     30     27     27     27     25       349.0      29.1 12
                         2004 23     25     31     31     32     35     29     27     27     27     27     29       343.0      28.6 12
                         2005 26     27     30     33     34     35     32     30     27     29     27     26       356.0      29.7 12
                         2006 29     30     31     33     34     33     31     30     27     27     25     26       356.0      29.7 12
                         2007 24     30     29     31     33     34     28     31     28     28     27     27       350.0      29.2 12
                         2008 26     29     32     34     36     36     28     28     27     28     27     26       357.0      29.8 12
                         2009 27     31     31     33     34     35     31     31     28     27     28     35       371.0      30.9 12
                         2010 31     25     29     31     36     37     32     30     30     30     29     28       368.0      30.7 12
                         2011 25     31     33     36     37     34     30     31     30     29     29     26       371.0      30.9 12
                         2012 23     27     31     33     36     34     26     31     31     31     29     28       360.0      30.0 12
                         2013 26     29     32     33     35     35     31     31     29     29     29     26       365.0      30.4 12
                         2014 26     29     31     33     32     31     29     29     30     28     25              323.0      29.4 11
                         2015 21     29     29     30     32     32     30     31     30     30     29              323.0      29.4 11
                         2016 25     30     30     32     34     31     29     29     28     29     28              325.0      29.5 11
                         2017 28     29     31     32     34     34     29     31     29     28     30     27       362.0      30.2 12
                         2018 25     28     32     32     36     33     30     29     27     28     27     25       352.0      29.3 12
                         2019 26            32            34            31     33            29            29       214.0      30.6  7
                         2020 27            33     34     33            30     29            31     30     27       274.0      30.4  9
                         2021 29     30     32     33     35     33     28     28                                   248.0      31.0  8

MINIMA                        21     24     26     29     29     30.5   26     27     26     25     24     23       190.5      27.4
MAXIMA                        31     31.5   33     37     37     37     35.5   34     36     32.5   31     35       385.0      32.1
MEDIA                         25.957 27.64  30.339 32.853 34.127 33.719 30.525 30.341 29.412 29.042 27.775 26.392   347.8      29.9
DESV. ESTANDAR                2.0642 1.9173 1.7306 1.8448 1.6363 1.7061 1.9667 1.7454 2.1236 1.7745 1.5394 2.0509    35.16      1.0


TEMP MAXIMA PROM
                         1962                                           31.66  30.822 28.15  28.58  25.65  22.935   167.8      28.0  6
                         1963 25.241 25.25  29.241 33.333 32.258 31.033 29.419 30.161 28.166 26.225 26.4   21.741   338.5      28.2 12
                         1964 20.871 26.448 28.354 32.583 32.29  28     27.225 27.903 24.733 22.774 23.333 19.064   313.6      26.1 12
                         1965 20.677 19.535 25.096 27.25  30.322 29.966 26.709 25.645 25.566 23.954 25.3   18.935   299.0      24.9 12
                         1966 20.29  22.214 26.322 27.366 31.306 31.383 29.919 27.548 28.3   26.548 25.566 24.258   321.0      26.8 12
                         1967 20.032 24.75  26.935 31.233 30.258 31.45  28.871 26.806 25.7   25.806 24.766 24.129   320.7      26.7 12
                         1968 23     22.517 22.225 25.75  28.193 29.516 26.838 27.129 23.666 25.741 23.333 20.645   298.6      24.9 12
                         1969 22.838 22.928 25.709 30.4   34.258 32.166 27.933 28.29  27.966 28.774 27.033 22.838   331.1      27.6 12
                         1970 22.871 22.5   23.516 29.633 29.354 27.066 25.838 27.064 24.7   25.967 24.466 24.419   307.4      25.6 12
                         1971 24.129 24.071 26.483 28.233 30.967 25.533 26.871 24.709 25.2   25.516 24.933 24.225   310.9      25.9 12
                         1972 23.806 23.586 26.161 30.666 30.838 27.633 26.774 25.758 25.883 25.838 24.133 22.371   313.5      26.1 12
                         1973 21.871 24.875 29.903 29.133 29.758 29.3   29.532 26.016 29.083 28.967 24.233 25.612   328.3      27.4 12
                         1974 26.838 26.839 30.064 31.683 32     33.266 30.483 27.645 27.433 26     24.9   24.709   341.9      28.5 12
                         1975 25.483 27.071 30.806 33.6   33.548 29.15  28.225 26.516 27.7   29.161 25.066 25.564   341.9      28.5 12
                         1976 25.435 29.31  30.516 32.966 32.161 32.48  26.79  29.419 29.116 25.677 23.8   21.193   338.9      28.2 12
                         1977 24.483 23.321 27.193 26.7   31.306 29.016 27.483 28.225 26.466 25.645 23.733 21.822   315.4      26.3 12
                         1978 22.435 22.089 26.112 30.383 31.838 29.216 28.98  25.887 24.5   22.903 24.533 22.548   311.4      26.0 12
                         1979 21.709 22.964 26.919 30.6   31.629 29.716 30.032 26.596 26.816 29.112 23.783 20.935   320.8      26.7 12
                         1980 20.451 22.724 27.064 27.933 31.612 31.3   29.274 27.371 27.066 24.858 22.7   20.806   313.2      26.1 12
                         1981 18.596 23.696 24.387 28.05  30.612 30.2   27.177 27.774 27.25  27.08  25.45  21.758   312.0      26.0 12
                         1982 23.983 25.303 25.983 31.816 30.209 32.45  26.451 27.177 26.566 24.693 23.066 19.112   316.8      26.4 12
                         1983 17.532 21.66  25.209 28.883 29     30.75  24.887 25.822 25.283 25.532 23.916 23.451   301.9      25.2 12
                         1984 22.629 22.81  26.887 30.116 28.629 28.65  23.887 25.435 24.133 26.483 24.483 23.225   307.4      25.6 12
                         1985 20.032 23.517 26.903 26.75  30.919 26.183 24.741 26.387 27.45  25.354 24.016 21.371   303.6      25.3 12
                         1986 20.758 24.589 25.419 29.866 30.177 26.3   25.58  27.129 26.283 23.661 24.2   21.774   305.7      25.5 12
                         1987 20.403 21.41  24.129 27.45  28.887 28.733 25.241 27.612 27.766 25.629 23.766 22.306   303.3      25.3 12
                         1988 21.371 24.569 24.693 27.916 31.016 28.033 25.677 25.193 24.26  25.838 26.3   23.258   308.1      25.7 12
                         1989 23.645 24.357 26.29  27.633 31.096 29.933 28.612 25.129 25.5   27.032 25.6   21.161   316.0      26.3 12
                         1990 22.032 21.607 26.129 28.633 30.774 30.033 25.064 25     23.633 24.419 25.833 23.096   306.3      25.5 12
                         1991 23.161 24.571 29.032 30.566 31.225 29.5   23.322 26.032 24.7   24.096 24.133 21.903   312.2      26.0 12
                         1992 17.58  21.172 25.064 25.833 27.129 29.466 27.838 26.354 27.5   23.032 21.133 22.161   294.3      24.5 12
                         1993 21.096 22.964 23.903 27.866 28.064 28.6   26.032 27.483 24.666 25.645 25.3   24.483   306.1      25.5 12
                         1994 23.903 24.892 27.596 26.716 29.112 28.2   28.677 26.774 25.9   29.064 25.066 22.564   318.5      26.5 12
                         1995 21.58  23.928 26.161 29.7   32.838 31.166 26.806 28.096 24.433 27.29  24.133 21.29    317.4      26.5 12
                         1996 21.225 23.655 25.838 27.516 31.145 28.266 27.193 26.419 25.1   24.483 22.166 21.129   304.1      25.3 12
                         1997 19.774 22.642 25.354 24.133 28.032 30.6   27.838 28.806 26.2   24.161 22.766 18.274   298.6      24.9 12
                         1998 20.322 22.071 26.58  30.433 33.387 31.6   28.322 25.612 24.433 24.129 24.183 21.871   312.9      26.1 12
                         1999 20.919 25.41  26.241 31.5   31.064 29.9   29.032 29.516 29.433 29.048 22.866 20.145   325.1      27.1 12
                         2000 21.612 25.431 27.145 30.6   29.741 30.833 28.822 28.709 26.35  24.451 21.766 20.177   315.6      26.3 12
                         2001 21.774 22.75  22.838 32.6   29.838 30.566 29.548 29.29  24.5   23.774 20.966 22.387   310.8      25.9 12
                         2002 19.096 23.821 26.871 29.4   29.193 30.033 25.709 24.677 27.033 25.838 22.066 20.709   304.5      25.4 12
                         2003 21.645 24.821 26.645 28.7   32.838 29.966 25.903 25.774 24.966 24.774 24.7   22.483   313.2      26.1 12
                         2004 19.838 21.931 25.516 28.366 29.096 29.9   26.451 24.871 25     25     24.3   21.161   301.4      25.1 12
                         2005 22.483 22.285 24.774 30.033 30.903 31.7   28.225 26.161 25.066 24.903 23.366 22.451   312.4      26.0 12
                         2006 23.29  25.642 27.871 31.233 30.322 28.666 26.322 26.354 23.5   23.645 22.433 20.871   310.2      25.8 12
                         2007 20.322 23.214 26.903 27.533 29.419 29.633 25.806 27.903 24.5   24.354 24.7   21.225   305.5      25.5 12
                         2008 22.387 25     25.612 30.733 31.096 31     25.483 25.129 23.5   24.225 23.333 21.967   309.5      25.8 12
                         2009 23.967 25.071 27.032 29.433 30.451 30.133 27.903 28.322 24.633 24.967 26.6   29.516   328.0      27.3 12
                         2010 23.645 19.321 24.871 28.866 33.096 33.366 28     28.032 27.566 27.483 24.166 21.032   319.4      26.6 12
                         2011 21.129 27.428 32.193 34.133 34.129 30.966 27.903 28.612 27.166 25.903 24.2   23.774   337.5      28.1 12
                         2012 19.612 20.413 29     30.033 32.064 31.166 23.064 27.741 26.566 28.032 25.633 24.483   317.8      26.5 12
                         2013 21.871 26.214 27.032 30.6   31.935 30.5   26.516 27.709 25.4   26.064 21.833 20.516   316.2      26.3 12
                         2014 19.161 26.678 26.419 29.5   27.903 27.4   26.483 27.032 26.433 26.645 21.448          285.1      25.9 11
                         2015 18.225 22.071 22.548 27.233 29.193 27.5   26.483 27.193 26.766 25.548 25.333          278.1      25.3 11
                         2016 20.838 24.931 24.258 28.8   31.129 28.833 27.612 25.903 25.633 26.161 21.533          285.6      26.0 11
                         2017 23.967 25     27.354 29.533 31.548 30.533 26.548 26.677 23.733 24.838 26.4   21.193   317.3      26.4 12
                         2018 21.161 24.428 29.258 29.5   30.677 27.233 27     26.548 25.466 24.741 22.3   21.032   309.3      25.8 12
                         2019 22.516        28.29         31.354        27.903 28.741        25.967        22.774   187.5      26.8  7
                         2020 21.193        29.096 30.8   30.129        27.064 26.193        28.064 26.433 22.967   241.9      26.9  9
                         2021 23.741 26.928 29.838 30.533 30.709 26.566 24.871 25.871                               219.1      27.4  8

MINIMA                        17.532 19.321 22.225 24.133 27.129 25.533 23.064 24.677 23.5   22.774 20.966 18.274   167.8      24.5
MAXIMA                        26.838 29.31  32.193 34.133 34.258 33.366 31.66  30.822 29.433 29.161 27.033 29.516   341.9      28.5
MEDIA                         21.805 23.88  26.64  29.465 30.745 29.688 27.181 27.012 25.973 25.764 24.13  22.211   305.5      26.2
DESV. ESTANDAR                1.9915 1.9794 2.0678 2.0661 1.5611 1.7629 1.7447 1.3978 1.5451 1.6545 1.4796 1.8954    31.04      0.9


TEMP MEDIA MENS.
                         1962                                           20.96  20.556 19.191 18.532 14.791 13.467   107.5      17.9  6
                         1963 14.314 13.937 17.782 21.366 21     21.2   19.79  20.371 18.8   16.177 15.783 13.177   213.7      17.8 12
                         1964 12.241 15.689 16.5   21.175 21.209 19.283 18.483 19.064 17.283 14.758 14.4   10.838   200.9      16.7 12
                         1965 11.532 11.303 17.322 17.791 20.467 20.758 19.483 17.717 17.325 15.912 16.241 11.137   197.0      16.4 12
                         1966 12.008 13.178 15.532 16.708 19.943 19.791 19.395 18.629 18.791 16.887 14.775 13.419   199.1      16.6 12
                         1967 10.79  14.553 16.29  19.966 21.096 22.425 21.177 17.225 19.133 15.145 13.85  14.112   205.8      17.1 12
                         1968 12.354 12.327 12.371 18.2   20.693 21.708 18.79  18.387 17.15  15.741 12.666 11.225   191.6      16.0 12
                         1969 12.032 12.375 16.354 20.913 23.967 23.616 17.708 17.725 17.183 17.967 15.35  13       208.2      17.3 12
                         1970 13.016 13.187 14.516 19.25  19.871 19.216 18.08  16.903 17.966 15.29  13.166 13.258   193.7      16.1 12
                         1971 14.306 12.892 18.854 20.466 20.693 18.55  19.612 18.645 18.683 16.5   14.05  15.024   208.3      17.4 12
                         1972 14.483 12.862 16.838 21.7   19.161 20.05  20.725 19.137 19.316 18.935 17.55  14.185   214.9      17.9 12
                         1973 11.653 15.687 21.854 20.541 23.064 22.791 22.758 19.524 20.033 21.024 16.666 12.766   228.4      19.0 12
                         1974 15.29  14.303 19     21.091 22.121 23.166 20.983 20.274 19.483 18.112 14.5   14.871   223.2      18.6 12
                         1975 15.322 15.642 17.29  23.075 22.387 20.725 20.693 19.016 19.466 18.193 13.95  13.814   219.6      18.3 12
                         1976 14.54  17.758 19.25  19.583 21.879 22.865 19.427 20.29  20.691 16.266 14.508 13.354   220.4      18.4 12
                         1977 13.685 14.875 18.483 17.583 22.177 20.908 19.83  20.572 19.441 18.201 15.233 13.048   214.0      17.8 12
                         1978 13.153 13.151 16.58  20.483 22.54  21.533 21.256 19.322 18.75  16.443 16.275 14.733   214.2      17.9 12
                         1979 13.475 14.375 17.709 20.783 21.879 21.75  22.174 19.879 19.358 19.379 14.541 13.54    218.8      18.2 12
                         1980 12.524 14.474 18.072 19.05  22.822 22.516 21.621 20.451 20.108 17.703 14.416 13.25    217.0      18.1 12
                         1981 11.201 15.151 16.354 19.525 21.621 22.391 20.346 20.58  19.925 19.548 16.25  14.008   216.9      18.1 12
                         1982 14.798 15.625 17.258 21.641 22.016 24.133 20.048 20.145 19.683 17.403 14.641 12.387   219.8      18.3 12
                         1983 11.274 13.044 16.129 18.925 21.33  22.558 18.983 19.483 19.125 17.798 15.775 14.403   208.8      17.4 12
                         1984 14.225 13.939 17.548 19.816 20.032 21.108 18.258 18.975 18.408 18.379 15.391 14.443   210.5      17.5 12
                         1985 12.04  14.866 18.072 18.458 22.096 20.066 18.653 19.516 19.816 18.185 15.533 13.693   211.0      17.6 12
                         1986 12.056 15.258 15.556 21     21.782 20.116 19.169 19.911 19.466 17.112 16.391 14.008   211.8      17.7 12
                         1987 12.209 13.482 15.596 18.416 20.314 21.266 19.371 20.322 20.616 17.024 15.283 14.516   208.4      17.4 12
                         1988 12.411 15.525 15.903 19.525 21.862 20.866 19.621 19.25  17.239 17.048 15.616 13.016   207.9      17.3 12
                         1989 13.596 14.678 15.112 16.783 19.629 19.65  19.483 17.5   16.75  17.064 14.593 12.112   197.0      16.4 12
                         1990 12.822 12.267 15.854 18.316 20.693 21.508 18.387 17.612 16.716 14.983 14.7   12.758   196.6      16.4 12
                         1991 13.096 14.303 18.209 19.816 19.838 20.266 17.532 19.112 17.333 17.032 14.85  13.112   204.5      17.0 12
                         1992 11.258 12.724 16.032 17.166 18.516 21.166 19.274 17.725 16     16.08  13.083 13.709   192.7      16.1 12
                         1993 12.725 16.035 14.645 17.85  18.79  21.116 19.612 19.516 17.95  17.274 15.783 14.096   205.4      17.1 12
                         1994 13.58  14.071 19.185 19.308 20.516 18.766 20.016 17.935 19.275 20.806 17.5   15.943   216.9      18.1 12
                         1995 12.467 15.446 16.193 21.341 24.306 23.216 19.129 19.548 18.55  20.112 14.483 12.58    217.4      18.1 12
                         1996 12.064 15.879 17.5   18.241 22.354 19.058 19.354 19.798 18.558 17.822 13.933 13.935   208.5      17.4 12
                         1997 11.451 14.098 16.338 16.733 20.064 21.408 18.879 20.951 18.475 17.564 15.991 9.5564   201.5      16.8 12
                         1998 13.717 12.767 14.532 16.816 19.354 19.233 17.032 15.951 14.925 14.451 12.891 11.548   183.2      15.3 12
                         1999 12.362 13.991 14.104 18.3   20.903 21.775 21.177 21.233 21.108 19.854 13.558 10.596   209.0      17.4 12
                         2000 11.798 15.491 18.241 21.75  20.112 22.3   21.548 20.483 19.116 17.491 14.516 10.838   213.7      17.8 12
                         2001 12.346 14.732 14.435 21.3   20.564 21.45  21.693 21.629 19.05  17.887 14.866 13.04    213.0      17.7 12
                         2002 10.959 14.517 16.919 20.966 22.112 23.333 19.661 18.935 20.233 19.306 14.816 13.403   215.2      17.9 12
                         2003 13.322 16.339 17.258 19.283 22.79  22.466 19.338 19.048 19.466 18.161 16.608 14.032   218.1      18.2 12
                         2004 10.677 11.741 16     18.45  19.741 20.816 18.685 18.435 18.166 17.951 15.983 13.467   200.1      16.7 12
                         2005 13.145 14.839 16.161 20.966 21.258 22.983 20.967 19.661 18.733 18.129 15.65  13.516   216.0      18.0 12
                         2006 14.5   16.535 18.822 22.083 21.983 21.066 19.741 19.758 17.633 17.661 15.033 13.274   218.1      18.2 12
                         2007 13.709 15.339 18.548 18.716 21.096 21.483 19.677 20.016 18.133 18.661 16.216 14.919   216.5      18.0 12
                         2008 13.209 15.069 15.887 20.55  21.548 21.816 18.532 18.451 17.483 16.612 13.783 12.129   205.1      17.1 12
                         2009 15.209 15.892 17.758 20.216 21.758 21.733 20.661 20.483 18.833 18.516 17.1   17.935   226.1      18.8 12
                         2010 13.322 11.553 15.951 19.383 22.709 23.566 20.903 20.129 20.25  17.758 15     13.58    214.1      17.8 12
                         2011 13.564 17.767 21.725 24.066 24.774 23.2   21.483 21.532 20.033 18.854 16.35  15.79    239.1      19.9 12
                         2012 13.129 13.948 19.725 20.816 22.387 22.416 17.072 20.29  19.066 19.661 17.016 15.967   221.5      18.5 12
                         2013 13.919 17.107 17.371 20.966 22.403 22.55  19.693 20.677 19.216 19.129 15.566 13.58    222.2      18.5 12
                         2014 12.016 17.642 17.983 20.6   20.483 20.783 19.919 20.048 19.6   18.967 14.624          202.7      18.4 11
                         2015 9.8225 15     15.58  19.833 21.177 20.466 19.693 20.048 19.95  18.451 18.233          198.3      18.0 11
                         2016 12.435 15.206 16.29  20.433 22.919 21.516 20.596 20.032 19.233 18.741 15.15           202.6      18.4 11
                         2017 15.354 16.267 18.516 20.716 23.161 22.866 20.322 20.516 18.133 17.854 17.466 13.854   225.0      18.8 12
                         2018 13.306 16.964 19.854 20.95  22.612 20.9   20.451 19.983 19.583 18.709 15.416 13.419   222.2      18.5 12
                         2019 14.516        19.403        22.983        21.096 21.725        19.29         14.967   134.0      19.1  7
                         2020 13.806        20.661 22.416 22            20.741 20.258        20.048 17.833 15.145   172.9      19.2  9
                         2021 15.483 17.589 20.58  22.183 22.532 20.066 19.5   19.693                               157.6      19.7  8

MINIMA                        9.8225 11.303 12.371 16.708 18.516 18.55  17.032 15.951 14.925 14.451 12.666 9.5564   107.5      15.3
MAXIMA                        15.483 17.767 21.854 24.066 24.774 24.133 22.758 21.725 21.108 21.024 18.233 17.935   239.1      19.9
MEDIA                         12.977 14.654 17.193 19.902 21.459 21.409 19.821 19.51  18.771 17.806 15.279 13.491   206.3      17.7
DESV. ESTANDAR                1.3133 1.5973 1.8816 1.6596 1.3371 1.3423 1.221  1.1971 1.2153 1.4672 1.2561 1.4515    20.85      0.9


TEMP MINIMA EXT.
                         1962                                           8      7.5    8.5    4      0      1         29.0       4.8  6
                         1963 1      1      3      7      7      9      8      9      7      4      1      1         58.0       4.8 12
                         1964 0      0      1      6      7      8      8      8      8      2      2      0         50.0       4.2 12
                         1965 0      0      5      2      6      9      10     8      7      1      2      0         50.0       4.2 12
                         1966 -5     1      1      2      2      4.5    5      5.5    6      2      0.5    -1        23.5       2.0 12
                         1967 -6     1      2      6      10     10     11     5      9      1      1      1         51.0       4.3 12
                         1968 0      0      1      8      9      10     7      7      7      3      1      -1        52.0       4.3 12
                         1969 -2     -2     4      7      10     11     6      4      4      4      0      -2        44.0       3.7 12
                         1970 1      1      2      6      7      7      6      5      8      1      0      0         44.0       3.7 12
                         1971 0      0      8      10     7      7      9      8      9      3      1      0         62.0       5.2 12
                         1972 1      0      6      9      6      9      12     10.5   11.5   10     8      0         83.0       6.9 12
                         1973 -3     3      10     8.5    10     11     13     10     9      10     2      -5.5      78.0       6.5 12
                         1974 1.5    -2     5      6      9      11     7.5    10     7      6      1      2         64.0       5.3 12
                         1975 1.5    1      2      10     9      11     10     8      5      6      0      0         63.5       5.3 12
                         1976 2      2      4      4      8      11     8      8      8      4      2      0         61.0       5.1 12
                         1977 0      4      4      5      7.5    10     9.5    11     9.5    4.5    2      0         67.0       5.6 12
                         1978 1      0      0      4.5    10     11     11.5   11     10     6.5    4.5    4.5       74.5       6.2 12
                         1979 0      0      3      6      8      9      11     11     7      7      0      2         64.0       5.3 12
                         1980 0      1.5    3.5    2      10     11     11     12     11     6      1      1         70.0       5.8 12
                         1981 -2     2      5      7      8      11.5   12     11.5   10     10     3      3         81.0       6.8 12
                         1982 2      3      3      9      9      13.5   11     10.5   9.5    6      1      0         77.5       6.5 12
                         1983 -2     0      3      2      10     11     10     11     10.5   4      4      1         64.5       5.4 12
                         1984 4      -1     3.5    4      7      9      11     9.5    10     8      2      1.5       68.5       5.7 12
                         1985 -11    3.5    5.5    6.5    9.5    10.5   9      11     10     4      2.5    2         63.0       5.3 12
                         1986 0      2.5    0      9      9      12     11     9.5    9.5    4      0      -0.5      66.0       5.5 12
                         1987 -2.5   -1     1      4      8      10     11     11     10.5   4.5    3      0         59.5       5.0 12
                         1988 -2.5   -1     1      7.5    8      11.5   12     12     3      4      3      1         59.5       5.0 12
                         1989 1      1      1      4      4      6      7      7      5      4      0      1         41.0       3.4 12
                         1990 1      1      3      5      6      11.5   8      9      8      2      1      0         55.5       4.6 12
                         1991 0      2      2      4      3      8      8      10     4      4      2      2         49.0       4.1 12
                         1992 2      0      2      3      7      10     8      7      2      4      -2     1         44.0       3.7 12
                         1993 2      7      -2     3      4      10     11     9      7      1      1      -2        51.0       4.3 12
                         1994 -3     -2     8      8      8      6      9      6      10     10     8      7         75.0       6.3 12
                         1995 -2     2      1.5    9.5    11     14     8      8      8      8      3      2         73.0       6.1 12
                         1996 1      5      4      7      10.5   7      8      9      9      9      3      3         75.5       6.3 12
                         1997 0      3      5      5      7.5    9      6      10     9      8      6      -5        63.5       5.3 12
                         1998 5      1      1      0      1      5      5      5      5      3      0      0         31.0       2.6 12
                         1999 0      0      0      3      7      11.5   11     11     10.5   8.5    -2     -3        57.5       4.8 12
                         2000 -3     0      7      10     7      12     12     10     9.5    9      5      -3        75.5       6.3 12
                         2001 -1     4      4      7      8      9      11     12     12     10     6      -1        81.0       6.8 12
                         2002 -2     1      5      9      12     14     12     12     10     10     -2     2         83.0       6.9 12
                         2003 0      2      5      4      10     13     10     10     10     7      6.5    -2        75.5       6.3 12
                         2004 -2     0      5      6      7      10     9      10     10     9      2      -1        65.0       5.4 12
                         2005 -1     4      4      5      10     11     12     12     11     8      5      1         82.0       6.8 12
                         2006 0      3      7      9      10     11     11     11     10     10     1      1         84.0       7.0 12
                         2007 3      4      8      6      7      10     12     10     10     10     6      6         92.0       7.7 12
                         2008 -1     3      1      8      8      10     10     10     9      6      0      -2        62.0       5.2 12
                         2009 4      2      5      9      10     10     11     10     12     8      5      3         89.0       7.4 12
                         2010 -2     0      3      6      8      11     12     10     11     6      2      2         69.0       5.8 12
                         2011 3      5      9      11     12     12     14     13     10     8      -2     5        100.0       8.3 12
                         2012 2      4      8      9      10     11     9      12     9      9      6      5         94.0       7.8 12
                         2013 1      4      2      8      10     10     10     11     10     8      1      4         79.0       6.6 12
                         2014 1      7      3      9      8      9      12     11     11     8      1                80.0       7.3 11
                         2015 -2     4      4      10     10     10     11     11     11     8      8                85.0       7.7 11
                         2016 -1     1      0      6      12     12     12     12     11     7      4                76.0       6.9 11
                         2017 1      4      7      10     11     10     12     13     10     5      3      -6        80.0       6.7 12
                         2018 1      4      8      7      11     13     11     12     12     10     -1     -2        86.0       7.2 12
                         2019 3      6      7      7      10     12     13     13     12     10     6      2        101.0       8.4 12
                         2020 1             7      11     11     12     11     12     10     7      4      3         89.0       8.1 11
                         2021 2      2      7      8      11     4      12     10                                    56.0       7.0  8

MINIMA                        -11    -2     -2     0      1      4      5      4      2      1      -2     -6        23.5       2.0
MAXIMA                        5      7      10     11     12     14     14     13     12     10     8      7        101.0       8.4
MEDIA                         -0.118 1.7844 3.8644 6.5169 8.3559 10.042 9.9416 9.7083 8.8559 6.1694 2.2711 0.6071    67.1       5.7
DESV. ESTANDAR                2.5635 2.1441 2.6842 2.598  2.3471 2.1721 2.1094 2.1809 2.3045 2.8324 2.5551 2.5738    17.01      1.4


TEMP MINIMA PROM
                         1962                                           10.259 10.29  10.233 8.4838 3.9333 4         47.2       7.9  6
                         1963 3.3871 2.625  6.3225 9.4    9.7419 11.366 10.161 10.58  9.4333 6.129  5.1666 4.6129    88.9       7.4 12
                         1964 3.6129 4.931  4.6451 9.7666 10.129 10.566 9.7419 10.225 9.8333 6.7419 5.4666 2.6129    88.3       7.4 12
                         1965 2.3871 3.0714 9.5483 8.3333 10.612 11.55  12.258 9.7903 9.0833 7.8709 7.1833 3.3387    95.0       7.9 12
                         1966 3.7258 4.1428 4.7419 6.05   8.5806 8.2    8.8709 9.7096 9.2833 7.2258 3.9833 2.5806    77.1       6.4 12
                         1967 1.5483 4.3571 5.6451 8.7    11.935 13.4   13.483 7.6451 12.566 4.4838 2.9333 4.0967    90.8       7.6 12
                         1968 1.7096 2.1379 2.5161 10.65  13.193 13.9   10.741 9.6451 10.633 5.7419 2      1.8064    84.7       7.1 12
                         1969 1.2258 1.8214 7      11.426 13.677 15.066 7.4838 7.1612 6.4    7.1612 3.6666 3.1612    85.3       7.1 12
                         1970 3.1612 3.875  5.5161 8.8666 10.387 11.366 10.322 6.7419 11.233 4.6129 1.8666 2.0967    80.0       6.7 12
                         1971 4.4838 1.7142 11.225 12.7   10.419 11.566 12.354 12.58  12.166 7.4838 3.1666 5.8225   105.7       8.8 12
                         1972 5.1612 2.1379 7.5161 12.733 7.4838 12.466 14.677 12.516 12.75  12.032 10.966 6        116.4       9.7 12
                         1973 1.4354 6.5    13.806 11.95  16.371 16.283 15.983 13.032 10.983 13.08  9.1    -0.08    128.4      10.7 12
                         1974 3.7419 1.7678 7.9354 10.5   12.241 13.066 11.483 12.903 11.533 10.225 4.1    5.0322   104.5       8.7 12
                         1975 5.1612 4.2142 3.7741 12.55  11.225 12.3   13.161 11.516 11.233 7.2258 2.8333 2.0645    97.3       8.1 12
                         1976 3.6451 6.2069 7.9838 6.2    11.596 13.25  12.064 11.161 12.266 6.8548 5.2166 5.5161   102.0       8.5 12
                         1977 2.8871 6.4285 9.7741 8.4666 13.048 12.8   12.177 12.919 12.416 10.758 6.7333 4.2741   112.7       9.4 12
                         1978 3.8709 4.2142 7.0483 10.583 13.241 13.85  13.532 12.758 13     9.9838 8.0166 6.9193   117.0       9.8 12
                         1979 5.2419 5.7857 8.5    10.966 12.129 13.783 14.316 13.161 11.9   9.6451 5.3    6.1451   116.9       9.7 12
                         1980 4.5967 6.2241 9.0806 10.166 14.032 13.733 13.967 13.532 13.15  10.548 6.1333 5.6935   120.9      10.1 12
                         1981 3.8064 6.6071 8.3225 11     12.629 14.583 13.516 13.387 12.6   12.016 7.05   6.258    121.8      10.1 12
                         1982 5.6129 5.9464 8.5322 11.466 13.822 15.816 13.645 13.112 12.8   10.112 6.2166 5.6612   122.7      10.2 12
                         1983 5.0161 4.4285 7.0483 8.9666 13.661 14.366 13.08  13.145 12.966 10.064 7.6333 5.3548   115.7       9.6 12
                         1984 5.8225 5.0689 8.2096 9.5166 11.435 13.566 12.629 12.516 12.683 10.274 6.3    5.6612   113.7       9.5 12
                         1985 4.0483 6.2142 9.2419 10.166 13.274 13.95  12.564 12.645 12.183 11.016 7.05   6.0161   118.4       9.9 12
                         1986 3.3548 5.9285 5.6935 12.133 13.387 13.933 12.758 12.693 12.65  10.564 8.5833 6.2419   117.9       9.8 12
                         1987 4.0161 5.5535 7.0645 9.3833 11.741 13.8   13.5   13.032 13.466 8.4193 6.8    6.7258   113.5       9.5 12
                         1988 3.4516 6.4827 7.1129 11.133 12.709 13.7   13.564 13.306 10.217 8.258  4.9333 2.7741   107.6       9.0 12
                         1989 3.5483 5      3.9354 5.9333 8.1612 9.3666 10.354 9.8709 8      7.0967 3.5862 3.0645    77.9       6.5 12
                         1990 3.6129 2.9285 5.5806 8      10.612 12.983 11.709 10.225 9.8    5.5483 3.5666 2.4193    87.0       7.2 12
                         1991 3.0322 4.0357 7.3871 9.0666 8.4516 11.033 11.741 12.193 9.9666 9.9677 5.5666 4.3225    96.8       8.1 12
                         1992 4.9354 4.2758 7      8.5    9.9032 12.866 10.709 9.0967 4.5    9.129  5.0333 5.258     91.2       7.6 12
                         1993 4.3548 9.1071 5.3871 7.8333 9.5161 13.633 13.193 11.548 11.233 8.9032 6.2666 3.7096   104.7       8.7 12
                         1994 3.258  3.25   10.774 11.9   11.919 9.3333 11.354 9.0967 12.65  12.548 9.9333 9.3225   115.3       9.6 12
                         1995 3.3548 6.9642 6.2258 12.983 15.774 15.266 11.451 11     12.666 12.935 4.8333 3.8709   117.3       9.8 12
                         1996 2.9032 8.1034 9.1612 8.9666 13.564 9.85   11.516 13.177 12.016 11.161 5.7    6.7419   112.9       9.4 12
                         1997 3.129  5.5535 7.3225 9.3333 12.096 12.216 9.9193 13.096 10.75  10.967 9.2166 0.8387   104.4       8.7 12
                         1998 7.1129 3.4642 2.4838 3.2    5.3225 6.8666 5.7419 6.2903 5.4166 4.7741 1.6    1.2258    53.5       4.5 12
                         1999 3.8064 2.5714 1.9677 5.1    10.741 13.65  13.322 12.951 12.783 10.661 4.25   1.0483    92.9       7.7 12
                         2000 1.9838 5.5517 9.3387 12.9   10.483 13.766 14.274 12.258 11.883 10.532 7.2666 1.5      111.7       9.3 12
                         2001 2.9193 6.7142 6.0322 10     11.29  12.333 13.838 13.967 13.6   12     8.7666 3.6935   115.2       9.6 12
                         2002 2.8225 5.2142 6.9677 12.533 15.032 16.633 13.612 13.193 13.433 12.774 7.5666 6.0967   125.9      10.5 12
                         2003 5      7.8571 7.8709 9.8666 12.741 14.966 12.774 12.322 13.966 11.548 8.5166 5.5806   123.0      10.3 12
                         2004 1.5161 1.5517 6.4838 8.5333 10.387 11.733 10.919 12     11.333 10.903 7.6666 5.7741    98.8       8.2 12
                         2005 3.8064 7.3928 7.5483 11.9   11.612 14.266 13.709 13.161 12.4   11.354 7.9333 4.5806   119.7      10.0 12
                         2006 5.7096 7.4285 9.7741 12.933 13.645 13.466 13.161 13.161 11.766 11.677 7.6333 5.6774   126.0      10.5 12
                         2007 7.0967 7.4642 10.193 9.9    12.774 13.333 13.548 12.129 11.766 12.967 7.7333 8.6129   127.5      10.6 12
                         2008 4.0322 5.1379 6.1612 10.366 12     12.633 11.58  11.774 11.466 9      4.2333 2.2903   100.7       8.4 12
                         2009 6.4516 6.7142 8.4838 11     13.064 13.333 13.419 12.645 13.033 12.064 7.6    6.3548   124.2      10.3 12
                         2010 3      3.7857 7.0322 9.9    12.322 13.766 13.806 12.225 12.933 8.0322 5.8333 6.129    108.8       9.1 12
                         2011 6      8.1071 11.258 14     15.419 15.433 15.064 14.451 12.9   11.806 8.5    7.8064   140.7      11.7 12
                         2012 6.6451 7.4827 10.451 11.6   12.709 13.666 11.08  12.838 11.566 11.29  8.4    7.4516   125.2      10.4 12
                         2013 5.9677 8      7.7096 11.333 12.871 14.6   12.871 13.645 13.033 12.193 9.3    6.6451   128.2      10.7 12
                         2014 4.8709 8.6071 9.5483 11.7   13.064 14.166 13.354 13.064 12.766 11.29  7.8             120.2      10.9 11
                         2015 1.4193 7.9285 8.6129 12.433 13.161 13.433 12.903 12.903 13.133 11.354 11.133          118.4      10.8 11
                         2016 4.0322 5.4827 8.3225 12.066 14.709 14.2   13.58  14.161 12.833 11.322 8.7666          119.5      10.9 11
                         2017 6.7419 7.5357 9.6774 11.9   14.774 15.2   14.096 14.354 12.533 10.871 8.5333 6.5161   132.7      11.1 12
                         2018 5.4516 9.5    10.451 12.4   14.548 14.566 13.903 13.419 13.7   12.677 8.5333 5.8064   135.0      11.2 12
                         2019 6.5161 9.25   10.516 11.6   14.612 15.633 14.29  14.709 13.633 12.612 10.2   7.1612   140.7      11.7 12
                         2020 6.4193        12.225 14.033 13.871 15.1   14.419 14.322 13.533 12.032 9.2333 7.3225   132.5      12.0 11
                         2021 7.2258 8.25   11.322 13.833 14.354 13.566 14.129 13.516                                96.2      12.0  8

MINIMA                        1.2258 1.5517 1.9677 3.2    5.3225 6.8666 5.7419 6.2903 4.5    4.4838 1.6    -0.08     47.2       4.5
MAXIMA                        7.2258 9.5    13.806 14.033 16.371 16.633 15.983 14.709 13.966 13.08  11.133 9.3225   140.7      12.0
MEDIA                         4.1489 5.493  7.746  10.361 12.173 13.205 12.46  12.008 11.638 9.8477 6.4921 4.7716   108.6       9.2
DESV. ESTANDAR                1.5806 2.1287 2.4178 2.2357 2.1302 1.8949 1.8464 1.9307 1.958  2.3526 2.3457 2.1038    19.20      1.6


