COMISIÓN NACIONAL DEL AGUA
COORDINACIÓN GENERAL DEL SERVICIO METEOROLÓGICO NACIONAL
PROYECTO DE BASES DE DATOS CLIMATOLÓGICOS
    
                         AÑO  ENE    FEB    MAR    ABR    MAY    JUN    JUL    AGO    SEP    OCT    NOV    DIC  ACUMULADO  MEDIA  MESES
00001029
ASIENTOS, ASIENTOS      
DIAS CON GRANIZO
                         1960                                                         0      0             0          0.0       0.0  3
                         1961 0      0      0      0      0      0      1      0      0      0      0      0          1.0       0.1 12
                         1962        0      0      0      0      0      0      0      0      0      0                 0.0       0.0 10
                         1963 0      0      0      0      0      0             0      0      0      0      0          0.0       0.0 11
                         1964 0      0      0      0      0      1      0      0      0      1      0      0          2.0       0.2 12
                         1965 0      0      0      0      0      0      0      0      0      0      0      0          0.0       0.0 12
                         1966 0      0      0      0      0      0      0      0      0      0      0      0          0.0       0.0 12
                         1967 0      0      0      0      0      0      0      0      0                               0.0       0.0  9
                         1968                                    0      0      0      0      0      0                 0.0       0.0  6
                         1969        0      0      0      0      0      0      0      0                    0          0.0       0.0  9
                         1970 0      0                                                              0      0          0.0       0.0  4
                         1971 0      0      0      0      0      0      0      0      0      0      0      0          0.0       0.0 12
                         1972 0      0      0      0      0      0      0      0      0      0      0      0          0.0       0.0 12
                         1973 0      0      0      0      1      0      0      0      0      0      0      0          1.0       0.1 12
                         1974 0      0      0      0      0      0      0      0      0      0      0      0          0.0       0.0 12
                         1975 0      0      0      0      0      0      0      0      0      0      0      0          0.0       0.0 12
                         1976 0      0      0      0      0      0      0      0      0      0      0      0          0.0       0.0 12
                         1977 0      0      0      0      0      0      0      0      0      0      0      0          0.0       0.0 12
                         1978 0             0      0      0      0      0      0      0             0      0          0.0       0.0 10
                         1979 0      0      0      0      0      0      0      0      0                               0.0       0.0  9
                         1980               0      0      0      0      0                    0      0      0          0.0       0.0  8
                         1981 0                           0             0                    0      0      0          0.0       0.0  6
                         1982 0      0      0      0      0      0      0      0      0      0      0                 0.0       0.0 11
                         1983                                                                              0          0.0       0.0  1
                         1984 0      0      0      0      0      0      0      0      0      0      0      0          0.0       0.0 12
                         1985 0      0                    0      0      0      0      0      0      0      0          0.0       0.0 10
                         1986 0      0      0      0      0      0      0      0      0      0      0      0          0.0       0.0 12
                         1987        0      0      0      0      0      0      0      0      0      0      0          0.0       0.0 11
                         1988 0      0      0      0      0      0      0      0      0                    0          0.0       0.0 10
                         1989 0      0      0      0      0      0      0      0      0      0             0          0.0       0.0 11
                         1990 0      0      0      0      0      0      0      0      0      0      0      0          0.0       0.0 12
                         1991 0      0      0      0      0      0      0      0      0      0      0      0          0.0       0.0 12
                         1992 0      0      0      0      0      0      0      0      0      0      1      0          1.0       0.1 12
                         1993 0      0      0      0      0      0      0      0      0      0      0      0          0.0       0.0 12
                         1994 0      0      0      0      0      0      3      0      0      2      0      0          5.0       0.4 12
                         1995 0      0      0      0      0      0      2      0      0      0      0      0          2.0       0.2 12
                         1996 0      0      0      0      0      0      0      0      0      0      0      0          0.0       0.0 12
                         1997 1      0      0      0      1      0      0      0      0      0      0      0          2.0       0.2 12
                         1998 0      0      0      0      0      0      0      0      0      0      0      0          0.0       0.0 12
                         1999 0      0      0      0      0      0      0      0      0      0      0      0          0.0       0.0 12
                         2000 0      0      0      0      0      0      0      0      0      0      0      0          0.0       0.0 12
                         2001 0      0      0      0      0      0      0      0      0      0      0      0          0.0       0.0 12
                         2002 0      0      0      0      0      0      0      0      0      0      0      0          0.0       0.0 12
                         2003 0      0      0      0      0      0      0      0      0      0      0      0          0.0       0.0 12
                         2004 1      0      1      0      1      0      0      0      0      0      1      0          4.0       0.3 12
                         2005 0      0      0      0      1      0      0      0      0      0      0      0          1.0       0.1 12
                         2006 0      0      0      0      0      0      0      0      0      0      0      0          0.0       0.0 12
                         2007 0      0      0      0      0      0      0      0      0      0      0      0          0.0       0.0 12
                         2008 0      0      0      0      0      0      0      0      0      0      0      0          0.0       0.0 12
                         2009 0      0      0      0      0      0      0      0      0      0                        0.0       0.0 10
                         2010 0      0      0      0      0      0                    0      0      0      0          0.0       0.0 10
                         2011 0      0      0      0      0      0      0      0      0      0      0      0          0.0       0.0 12
                         2012 0      0      0      0      0      0      0      0      0      0      0      0          0.0       0.0 12
                         2013 0      0      0      0      0      0                           0      0      0          0.0       0.0  9
                         2014 0      0      1      0      0      0      0      0      0      0      0      0          1.0       0.1 12
                         2015                      0      0      0      0      0      0      0      0      0          0.0       0.0  9
                         2016 0                                                       0      0      0      0          0.0       0.0  5
                         2017 0                    0      0      0      0      0      0      0      0      0          0.0       0.0 10
                         2018        0      0      0      0      0                           0             0          0.0       0.0  7
                         2019 0      0      0      0      0      0      0      0      0      0      0      0          0.0       0.0 12

MINIMA                        0      0      0      0      0      0      0      0      0      0      0      0          0.0       0.0
MAXIMA                        1      0      1      0      1      1      3      0      0      2      1      0          5.0       0.4
MEDIA                         0.0392 0      0.0392 0      0.0727 0.0181 0.1153 0      0      0.0566 0.0392 0          0.3       0.0
DESV. ESTANDAR                0.196  0      0.196  0      0.262  0.1348 0.5108 0      0      0.3047 0.196  0          0.93      0.1


DIAS CON NIEBLA 
                         1960                                                         0      0             0          0.0       0.0  3
                         1961 0      0      1      0      0      0      0      0      0      0      0      0          1.0       0.1 12
                         1962        0      0      0      0      0      0      0      0      0      0                 0.0       0.0 10
                         1963 0      0      0      0      0      0             0      0      0      0      0          0.0       0.0 11
                         1964 0      0      0      4      4      1      0      0      1      0      0      0         10.0       0.8 12
                         1965 5      0      0      0      0      0      0      0      0      0      5      0         10.0       0.8 12
                         1966 0      0      0      0      0      0      0      0      0      0      0      0          0.0       0.0 12
                         1967 0      2      2      0      0      0      1      3      0                               8.0       0.9  9
                         1968                                    0      0      0      0      0      0                 0.0       0.0  6
                         1969        0      0      0      0      0      0      0      3                    0          3.0       0.3  9
                         1970 0      0                                                              0      0          0.0       0.0  4
                         1971 0      0      0      0      0      0      0      0      0      0      0      0          0.0       0.0 12
                         1972 0      0      0      0      0      0      1      0      0      0      1      0          2.0       0.2 12
                         1973 1      0      0      0      0      0      0      0      0      0      0      0          1.0       0.1 12
                         1974 0      0      0      0      0      0      0      0      0      0      0      0          0.0       0.0 12
                         1975 1      0      0      0      0      0      0      0      0      0      0      0          1.0       0.1 12
                         1976 0      0      0      0      0      0      0      0      0      0      0      0          0.0       0.0 12
                         1977 0      0      0      0      0      0      0      0      0      0      0      0          0.0       0.0 12
                         1978 0             0      0      0      0      0      0      0             0      0          0.0       0.0 10
                         1979 0      0      0      0      0      0      0      0      0                               0.0       0.0  9
                         1980               0      0      0      0      0                    0      0      0          0.0       0.0  8
                         1981 0                           0             0                    0      0      1          1.0       0.2  6
                         1982 0      0      0      0      0      0      0      0      0      0      0                 0.0       0.0 11
                         1983                                                                              0          0.0       0.0  1
                         1984 0      0      0      0      0      0      0      0      0      0      0      0          0.0       0.0 12
                         1985 0      0                    0      0      0      2      0      2      0      1          5.0       0.5 10
                         1986 0      0      0      0      0      2      0      0      0      0      0      0          2.0       0.2 12
                         1987        0      0      0      1      0      0      0      0      0      0      0          1.0       0.1 11
                         1988 0      0      0      0      0      0      0      0      0                    0          0.0       0.0 10
                         1989 0      0      0      0      0      0      0      0      0      0             0          0.0       0.0 11
                         1990 0      0      0      0      0      0      0      0      0      0      0      0          0.0       0.0 12
                         1991 0      0      0      0      0      0      0      0      0      0      0      0          0.0       0.0 12
                         1992 0      0      0      0      0      0      0      1      0      0      0      0          1.0       0.1 12
                         1993 0      0      0      1      0      0      0      4      3      0      0      0          8.0       0.7 12
                         1994 0      0      0      0      0      1      2      0      3      0      0      0          6.0       0.5 12
                         1995 0      0      0      0      0      0      0      0      0      0      0      0          0.0       0.0 12
                         1996 0      0      0      0      0      0      0      0      0      0      0      3          3.0       0.3 12
                         1997 0      0      0      0      0      0      0      0      1      5      2      0          8.0       0.7 12
                         1998 0      0      0      0      0      0      0      0      0      0      0      1          1.0       0.1 12
                         1999 0      3      0      0      0      0      0      0      0      1      3      5         12.0       1.0 12
                         2000 0      0      0      0      0      0      0      0      0      0      0      0          0.0       0.0 12
                         2001 0      0      0      0      0      0      0      0      0      0      0      0          0.0       0.0 12
                         2002 0      0      0      0      0      0      0      0      0      0      0      0          0.0       0.0 12
                         2003 0      0      0      0      0      0      0      0      0      0      0      0          0.0       0.0 12
                         2004 0      0      0      0      0      0      0      0      0      0      0      0          0.0       0.0 12
                         2005 0      0      0      0      0      0      0      0      0      0      0      0          0.0       0.0 12
                         2006 0      0      0      0      0      0      0      0      0      0      0      0          0.0       0.0 12
                         2007 0      0      0      0      1      0      0      0      0      0      0      0          1.0       0.1 12
                         2008 0      0      0      0      0      0      0      0      0      0      0      0          0.0       0.0 12
                         2009 0      0      0      0      0      0      0      0      0      0                        0.0       0.0 10
                         2010 0      1      0      0      0      0                    0      0      0      0          1.0       0.1 10
                         2011 0      0      0      0      0      0      0      0      0      0      0      0          0.0       0.0 12
                         2012 0      0      0      0      0      0      0      0      0      0      0      0          0.0       0.0 12
                         2013 1      0      0      0      0      0                           1      1      2          5.0       0.6  9
                         2014 0      0      0      0      0      3      1      2      0      5      0      2         13.0       1.1 12
                         2015                      0      0      0      0      0      0      0      0      0          0.0       0.0  9
                         2016 0                                                       0      0      0      0          0.0       0.0  5
                         2017 0                    0      0      0      0      0      0      0      0      0          0.0       0.0 10
                         2018        0      0      0      0      0                           0             0          0.0       0.0  7
                         2019 0      0      0      0      0      0      0      0      0      0      0      0          0.0       0.0 12

MINIMA                        0      0      0      0      0      0      0      0      0      0      0      0          0.0       0.0
MAXIMA                        5      3      2      4      4      3      2      4      3      5      5      5         13.0       1.1
MEDIA                         0.1568 0.1176 0.0588 0.0943 0.109  0.1272 0.0961 0.2352 0.2037 0.2641 0.2352 0.2777     1.7       0.2
DESV. ESTANDAR                0.7313 0.5156 0.3106 0.5637 0.5667 0.5111 0.3575 0.7896 0.7105 1.0029 0.8622 0.8777     3.31      0.3


DIAS CON TORMEN.
                         1960                                                         0      0             0          0.0       0.0  3
                         1961 0      0      0      0      0      0      2      0      0      0      0      0          2.0       0.2 12
                         1962        0      0      0      0      0      0      0      0      0      0                 0.0       0.0 10
                         1963 0      0      0      0      0      0             0      1      0      0      0          1.0       0.1 11
                         1964 0      0      0      0      3      3      1      7      7      4      0      0         25.0       2.1 12
                         1965 0      0      0      0      0      0      0      0      0      0      0      0          0.0       0.0 12
                         1966 0      0      0      0      1      1      0      0      0      0      0      0          2.0       0.2 12
                         1967 0      0      0      0      0      0      0      0      0                               0.0       0.0  9
                         1968                                    0      0      0      0      0      0                 0.0       0.0  6
                         1969        0      0      0      0      0      0      0      0                    0          0.0       0.0  9
                         1970 0      0                                                              0      0          0.0       0.0  4
                         1971 0      0      0      0      0      0      0      0      0      0      0      0          0.0       0.0 12
                         1972 0      0      0      0      0      0      3      0      0      0      0      0          3.0       0.3 12
                         1973 0      0      0      0      1      0      0      0      0      0      0      0          1.0       0.1 12
                         1974 0      0      1      0      0      0      0      0      0      0      0      0          1.0       0.1 12
                         1975 0      0      0      0      0      0      0      0      0      0      0      0          0.0       0.0 12
                         1976 0      0      0      0      0      0      0      0      0      0      0      0          0.0       0.0 12
                         1977 0      0      0      0      0      0      0      0      0      0      0      0          0.0       0.0 12
                         1978 0             0      0      0      1      1      0      0             0      0          2.0       0.2 10
                         1979 0      0      0      0      0      0      0      0      0                               0.0       0.0  9
                         1980               0      0      0      0      0                    0      0      0          0.0       0.0  8
                         1981 0                           0             0                    0      0      0          0.0       0.0  6
                         1982 0      0      0      0      0      2      3      0      0      4      0                 9.0       0.8 11
                         1983                                                                              0          0.0       0.0  1
                         1984 0      0      0      0      0      0      0      0      0      0      0      0          0.0       0.0 12
                         1985 0      0                    0      0      0      3      0      0      0      2          5.0       0.5 10
                         1986 0      0      0      0      0      4      0      0      0      0      0      0          4.0       0.3 12
                         1987        0      0      0      2      0      0      0      0      0      0      0          2.0       0.2 11
                         1988 0      0      0      0      0      0      0      0      0                    0          0.0       0.0 10
                         1989 0      0      0      0      0      0      0      0      0      0             0          0.0       0.0 11
                         1990 0      0      0      0      0      0      0      0      0      0      0      5          5.0       0.4 12
                         1991 0      0      0      0      0      0      0      0      0      0      0      0          0.0       0.0 12
                         1992 0      0      0      0      0      0      0      0      0      0      0      0          0.0       0.0 12
                         1993 0      0      0      0      0      0      0      0      0      0      0      0          0.0       0.0 12
                         1994 0      0      0      0      0      0      0      0      0      0      0      0          0.0       0.0 12
                         1995 0      0      0      0      0      0      0      0      0      0      0      0          0.0       0.0 12
                         1996 0      0      0      0      0      0      0      0      0      0      0      0          0.0       0.0 12
                         1997 0      0      0      0      0      0      0      0      0      0      0      0          0.0       0.0 12
                         1998 0      0      0      0      0      0      0      0      0      0      0      0          0.0       0.0 12
                         1999 0      0      0      0      0      0      0      0      0      0      0      0          0.0       0.0 12
                         2000 0      0      0      0      0      0      0      0      0      0      0      0          0.0       0.0 12
                         2001 0      0      0      0      0      0      0      0      0      0      0      0          0.0       0.0 12
                         2002 0      0      0      0      0      0      0      0      0      0      0      0          0.0       0.0 12
                         2003 0      0      0      0      0      0      0      0      0      0      0      0          0.0       0.0 12
                         2004 0      0      0      0      0      0      0      0      0      0      0      0          0.0       0.0 12
                         2005 0      0      0      0      0      0      0      0      0      0      0      0          0.0       0.0 12
                         2006 0      0      0      0      0      0      0      0      0      0      0      0          0.0       0.0 12
                         2007 0      0      0      0      0      0      0      0      0      0      0      0          0.0       0.0 12
                         2008 0      0      0      0      0      0      0      0      0      0      0      0          0.0       0.0 12
                         2009 0      0      0      0      0      0      0      0      0      1                        1.0       0.1 10
                         2010 2      0      1      0      0      0                    0      0      1      2          6.0       0.6 10
                         2011 1      2      0      0      0      0      0      0      0      0      0      0          3.0       0.3 12
                         2012 0      0      0      0      0      0      0      0      0      0      0      0          0.0       0.0 12
                         2013 0      0      0      0      0      0                           0      0      0          0.0       0.0  9
                         2014 0      0      2      1      0      3      0      3      3      1      0      0         13.0       1.1 12
                         2015                      1      1      1      0      0      0      0      0      0          3.0       0.3  9
                         2016 0                                                       0      0      0      0          0.0       0.0  5
                         2017 0                    0      0      0      0      0      0      0      0      0          0.0       0.0 10
                         2018        0      0      0      0      0                           0             0          0.0       0.0  7
                         2019 0      0      0      0      0      0      0      0      0      0      0      0          0.0       0.0 12

MINIMA                        0      0      0      0      0      0      0      0      0      0      0      0          0.0       0.0
MAXIMA                        2      2      2      1      3      4      3      7      7      4      1      5         25.0       2.1
MEDIA                         0.0588 0.0392 0.0784 0.0377 0.1454 0.2727 0.1923 0.2549 0.2037 0.1886 0.0196 0.1666     1.5       0.1
DESV. ESTANDAR                0.3106 0.28   0.3372 0.1923 0.5241 0.8267 0.6579 1.1285 1.0348 0.7858 0.14   0.7709     3.89      0.3


EVAPORACION MEN.
                         1962                                                         201.1  144.4  147.9           493.4     164.5  3
                         1963 97.6   169.1  215.4  257.2  261.9  201.7         143.6  161    205.4  129.8  165.2  2,007.9     182.5 11
                         1964        195.7  233.5  238.9  221.2  216.9  238.6  187.7  137.7  121.8  118.1  101.6  2,011.7     182.9 11
                         1965 123.1  144.5  221.3  234.8  221.6  206.8  228.6  178.4  178.1  162.1  140.9  122.2  2,162.4     180.2 12
                         1966 149.4  152.6  186    229.3  222.1  201.3  191.3  171.2  192.8  163.7  170.4  164.7  2,194.8     182.9 12
                         1967 145.8  171.9  213.7  215.2  201.5  190.4  216    143.6  155.7                       1,653.8     183.8  9
                         1968                                    187.1  161.3  165.6  129.3  167    164.1           974.4     162.4  6
                         1969        165.6  205.1  255.4  155    235.4  151.3  136.1  135.6                163.1  1,602.6     178.1  9
                         1970 173.41 150.08                                                         140.12 111.92   575.5     143.9  4
                         1971 134.9  137.4  177.3  211.2  189.2  162.9  173.6  178.4  154.9  153.4  137.4  135.5  1,946.1     162.2 12
                         1972 126    126.9  207.2  244.7  248.2  219.4  192.8  153.4  141.6  155.5  141.1  113.8  2,070.6     172.6 12
                         1973 115.1  130.7  217    255    207.3  173.6  155.6  144.9  132.6  132.3  134.5  129.2  1,927.8     160.7 12
                         1974 105.3  141.6  206.5  209.4  221.9  183    161.1  161.1  152.1  176.7  159.8  122.2  2,000.7     166.7 12
                         1975 112    159.7  202.3  208.5  195    166    141    135.4  121.5  134.4  108.8  114.5  1,799.1     149.9 12
                         1976 121.9  126.5  169.2  184.6  212.1  203    137.3  137.2  115.3  107.4  102.8  71     1,688.3     140.7 12
                         1977 96.3   137.7  227    199.8  235.5  184.1  176.8  170.1  114    118.7  111.9  115.4  1,887.3     157.3 12
                         1978 179.2         126.1  236.5  255.7  194.2  196    122.7  123.2         104.8  82.5   1,620.9     162.1 10
                         1979 110.2  124.5  212.4  248.8  258.1  211.6  207.8  129.1  147.1                       1,649.6     183.3  9
                         1980               226.4  229.4  242.1  236.9  197.5                142.3  97.8   64.1   1,436.5     179.6  8
                         1981 92.5                        267.4         153.9                139.4  136.1  116      905.3     150.9  6
                         1982 139    143.7                215.2  244.1  174.4  196.8  169.3  143.1  130.8         1,556.4     172.9  9
                         1983                                                                              135.5    135.5     135.5  1
                         1984 129.9  165.5  223.8         224.7  217.5  132.7  188.5  160    142.1  134.5  80.4   1,799.6     163.6 11
                         1985 106.9  159.6                165.2  167.7  141.4  132.9  166.5  128.9                1,169.1     146.1  8
                         1986               213.6  216.4  248    143.7  169.1  195.5  140.7  110.9  123    118.6  1,679.5     168.0 10
                         1987        121.1  180.4  219.6  189.1  226.5  168    165.4  160.9  160.7  134.9  99.1   1,825.7     166.0 11
                         1988 111.8  136.7  219.6         184.9  186    159.2  154.1  134                  123.2  1,409.5     156.6  9
                         1989 134.7  126.4  220.2  217.7  236.7  253    207.7  154.6  145.1  155.6         102.1  1,953.8     177.6 11
                         1990 114.8  117.3  222.9  242.2  263.23 209.6  131.5  130.1  117.31 99.33  109.79 111.91 1,870.0     155.8 12
                         1991 131.02 133.93 232.51 228.58 274.44 172.81 85.35  155.51 98.11  114.82 92.03  78.65  1,797.8     149.8 12
                         1992 68.52  110.8  197.22 200.31 219.1  194.97 154.86 146.61 142.18 127.66 87.6   104.91 1,754.7     146.2 12
                         1993 106.1  141.23 205.91 141.02 206.71 164.46 140.82 139.93 139.01 186.17 107.87 117.07 1,796.3     149.7 12
                         1994 111.86 107.71 150.52 213.28 205.28 124.35 132.84 127.08 98.77  115.81 93.75  109.67 1,590.9     132.6 12
                         1995 104.5  81.4   89.5   214.2  190.8  210.53 161.05 146.31 77.89  114.76 77.08  122.91 1,590.9     132.6 12
                         1996 132.59 118.72 118.42 144.34 172.1  133.8  120.04 109.69 111.32 123.91 144.46 158.65 1,588.0     132.3 12
                         1997 125.64 137.78 178.4  157.98 148.26 136.24 141.53 122.49 153.08 149.57 149.25 126.53 1,726.8     143.9 12
                         1998 154.93 117.54 106.75 115.68 129.1  140.98 119.8  112.09 126.08 131.26 164.88 151.45 1,570.5     130.9 12
                         1999 142.26 129.07 136.21 184.99 220.77 219.85 230.44 255.05 204.43 142.31 134.42 135.92 2,135.7     178.0 12
                         2000 143.75 128.13 236.34 261.59 278.03 185.06 224.22 224.74 171.79 171.21 152.33 110.56 2,287.8     190.6 12
                         2001 174.42 160.75 192.22 184.57 198.95 176.83 175.81 164.76 160.43 161.49 147.54 146.72 2,044.5     170.4 12
                         2002 187.47 131.71 218.29 189.4  176.71 173.76 165.08 174.72 137.79 176.93 136.99 140.9  2,009.8     167.5 12
                         2003 150.74 169.29 209.45                                                                  529.5     176.5  3
                         2005                             195.14 189.98 144.23 152.51 52.73  148.22 63.17  81.12  1,027.1     128.4  8
                         2006 103.83 110.01 212.78 186.28 202.23 187.18 144.5  117.85 131.48 130.82 82.9   84.27  1,694.1     141.2 12
                         2007 101.58 133.31 181.64 181.91 204.03 123.54 182.4  165.24 158.06 142.44 137.93 135.76 1,847.8     154.0 12
                         2008 118.31 147.64 106.89 149.33 166.08 186.21 168.82 89.85  170.79 135.38 185.31 197.01 1,821.6     151.8 12
                         2009 173.76 186.43 199.56 165.57 173.96 165.93 141.05 160.81 150.49 116.94               1,634.5     163.5 10
                         2010 73.09         114.74 146.93 208.05 191.71               81.04  104.26 88.58  102.09 1,110.5     123.4  9
                         2011 90.55  114.28 161.13 223.53        179.88        124.18        53.48  92.75  72.4   1,112.2     123.6  9
                         2012 69.09  74.83  131.58 144.06 149.45 101.64 148.17 122.36 138.97 95.9   49.83  54.13  1,280.0     106.7 12
                         2013 33.6   138.6  125.87        234.77 253.4                       54.16  41.08  128.9  1,010.4     126.3  8
                         2014 55.1   122.96 167.73 202.9  183.33 169.22 149.17 158.76 117.06 105.82 111.64 66.05  1,609.7     134.1 12
                         2015                      179.32 200.43 157.36 128.94 151.89 128.85 121.25               1,068.0     152.6  7
                         2016 89.88                                                   93.49  133.01 93.28  111.95   521.6     104.3  5
                         2017 93.14                225.02 275.18 207.99 155.48 100.89 124.2  135.57 118.45 81.45  1,517.4     151.7 10
                         2018        137.18 180.98 218.88 268.23                             104.69        89.99  1,000.0     166.7  6
                         2019 117.57 170.58                      278.88 296    283.42 242.11 132.11               1,520.7     217.2  7

MINIMA                        33.6   74.83  89.5   115.68 129.1  101.64 85.35  89.85  52.73  53.48  41.08  54.13    135.5     104.3
MAXIMA                        187.47 195.7  236.34 261.59 278.03 278.88 296    283.42 242.11 205.4  185.31 197.01 2,287.8     217.2
MEDIA                         118.98 137.97 186.25 204.98 212.73 188.97 167.55 154.96 140.76 134.59 120.72 114.31 1,547.5     156.8
DESV. ESTANDAR                32.638 24.386 40.465 36.24  36.646 35.82  37.642 36.223 33.622 29.126 31.621 30.293   482.15     21.7


LLUVIA MAX 24 H.
                         1959                                                  28     20.2   10.3   0      1.8       60.3      12.1  5
                         1960 1.3    0.1    0      4      4.4    8.2    14     18     14.2   18.4   4.1    10.6      97.3       8.1 12
                         1961 11.4   0      0      9      9.6    13     42.7   24     42     26.1   15     0        192.8      16.1 12
                         1962 24     17.5   0      21     0      22     21     29     40.6   19.5   0               194.6      17.7 11
                         1963 0      0      0      0      0      12.5   12     18.1   13.4   8.5    0      28        92.5       7.7 12
                         1964 12     4.4    0      0      31.1   21.2   16.5   8.7    52.9   18.1   6.5    18.6     190.0      15.8 12
                         1965 25.5   27.4   14     14     0      21.5   17.3   24     37.5   26     22.6   32.8     262.6      21.9 12
                         1966 21     0      10     17     14     13     24.5   21.8   27.5   13.5   1.8    0        164.1      13.7 12
                         1967 23.5   9      17.5   18     18     31     55     61     24                   0        257.0      25.7 10
                         1968                                    26.4   15.6   34.8   39.8   11     4               131.6      21.9  6
                         1969 8      0      5      0      3.5    3.9    0      0      12     0      15.6   7.2       55.2       4.6 12
                         1970 1.2    24                                                             17     0         42.2      10.6  4
                         1971 15     0      0      6.5    55     20.5   12     25     44     15     0      1        194.0      16.2 12
                         1972 3      0      22     24     30     28     55     25     31     11     7.6    0        236.6      19.7 12
                         1973 5      4      0      5      19.6   20     48     30.2   15     7      0      0        153.8      12.8 12
                         1974 1      0      2      3      15     4      29     25     17     12.5   3.2    6.7      118.4       9.9 12
                         1975 11.3   0      0      0      13     22.5   45     34.9   5      14.2   0      17       162.9      13.6 12
                         1976 0      0      0      12     1.8    4      37.1   21.5   20.5   5.3    26     4.2      132.4      11.0 12
                         1977 2.5    0      0      3.5    6      15.6   20.3   48.5   62.7   19.1   0      1        179.2      14.9 12
                         1978 0      1.3    1.3    5.5    34.5   21.5   48.2   34     56.6   5.3    4.7    1.5      214.4      17.9 12
                         1979 3.5    11.5   0      0      0      17.2   17.3   38.1   9      0      1.5              98.1       8.9 11
                         1980 18     15.2   0      4.4    0.9    4.5    25.5   38.5   4      19.5   17.5   15       163.0      13.6 12
                         1981 33.8   6.8    20     4.4    5.4    24     26     10     8.2    7      13.5   7.5      166.6      13.9 12
                         1982 0      0      0      0      0.9    50     50     12.6   16.1   37     15.2   22       203.8      17.0 12
                         1983 10.7   0      0      0      27.6   21     112.5  0      28.7   36     3.7    0        240.2      20.0 12
                         1984 20     6.5    0      0      10     20     40     12.6   23.7   8      0      5        145.8      12.2 12
                         1985 2.2    0                    5.4    17.5   35     20.8   27     26     0      17       150.9      15.1 10
                         1986 0      0      0      4.3    2.7    43     25     29.3   18.6   30     10.3   5.8      169.0      14.1 12
                         1987        16.2   0      5.4    17.5   12.7   40.5   18.2   13.3   0      0      0        123.8      11.3 11
                         1988 6.7    0      5.6    21.4   0      18.8   47.3   32     22.3   7.9    0      4.4      166.4      13.9 12
                         1989 0      0      0      0      7.9    23.9   13.4   36.7   29.7   0             19.6     131.2      11.9 11
                         1990 6.7    12.2   0      0      19.8   18.1   26.3   42.5   20     22     0      0        167.6      14.0 12
                         1991 0      4.9    0      0      0      20     40     20     26     22     4      13       149.9      12.5 12
                         1992 42     10     15     6      14     1.7    14     10     16     20     31     3        182.7      15.2 12
                         1993 12.6   1      0      1      15     14     24     16     12     0      0      0         95.6       8.0 12
                         1994 18.5   0      0      16     9      29.5   28     12.5   21     15     0      0        149.5      12.5 12
                         1995 11.5   11     0      0      20     15     20     12     10     10     10     0        119.5      10.0 12
                         1996 0      9      0      12     13     12     19     15     12     0      0      0         92.0       7.7 12
                         1997 12     0      15     20     15     10     15     13     0      13     15     0        128.0      10.7 12
                         1998 0      0      0      0      0      14     10     17     13     12     0      0         66.0       5.5 12
                         1999 0      0      0      12     10     15     18     8      12     12     0      0         87.0       7.3 12
                         2000 0      0      0      0      8                           2.2    7.3    3      18        38.5       4.3  9
                         2001 5      0      20     9.3    9      18.3   39.5   43     25     10     10     3        192.1      16.0 12
                         2002 8      30     0      39     25     52.2   8      26     19     11     19     0        237.2      19.8 12
                         2003 0.6    0      0      0      8.1    25.5   36.3   29.5   25     6.8    0      0        131.8      11.0 12
                         2004 6      2.1    6.5    0.1    10     25     20     5      10.9   6.2    2.1    0         93.9       7.8 12
                         2005 0      2.3    0      0      14.5   0      30.7   25.7   10.8   7.9    1.2    2         95.1       7.9 12
                         2006 13     0      0      0      7      18.5   60.3   29.5   3.7    18.5   12.1   8.6      171.2      14.3 12
                         2007 13     0      0      0      0      28.4   5.2    9.8    3.8    5      0      0         65.2       5.4 12
                         2008 0      0      0      0      0      20.1   22.2   80     2.8    0.3    0      0        125.4      10.5 12
                         2009 0      0      0.4    1      7.5    20     15.6   15.5   20     3                       83.0       8.3 10
                         2010 12.4   63     0      1.5    7      10                   15.2   0      0      0        109.1      10.9 10
                         2011 0      0      0      3.3    15     15     5      14     31.2   18     0      0        101.5       8.5 12
                         2012 13     34     0      0      5.5    52.6   30     24     33.4   2      0      8        202.5      16.9 12
                         2013 9      0      0      0      9.5    14                          12     9.5    22        76.0       8.4  9
                         2014 9      0      9.8    0      15.2   46.5   26.3   24.1   23.4   7.5    16.4   5.4      183.6      15.3 12
                         2015                      5.9    14.7   54.1   53.9   16.8   30.4   44.5   0      0        220.3      24.5  9
                         2016 8                                                25     21     6.5    21.5   5         87.0      14.5  6
                         2017 0                    0      13.7   18.3   20     22.1   28     6      0      2.7      110.8      11.1 10
                         2018        22.8   0.2    32.8   37     56.5                        11.5          0        160.8      23.0  7
                         2019 20.2          0             0             24.3   14.1          15            0         73.6      10.5  7
                         2020                             9.1    12.2   9      17.3   13.2   0      0                60.8       8.7  7

MINIMA                        0      0      0      0      0      0      0      0      0      0      0      0         38.5       4.3
MAXIMA                        42     63     22     39     55     56.5   112.5  80     62.7   44.5   31     32.8     262.6      25.7
MEDIA                         8.591  6.2945 3.0425 6.2236 11.472 21.015 28.478 23.643 21.336 12.286 6.0456 5.5684   141.1      13.0
DESV. ESTANDAR                9.4104 11.64  6.1993 8.937  10.864 13.232 18.615 13.958 13.537 9.8202 8.0361 8.1024    55.90      4.9


LLUVIA TOTAL MEN
                         1959                                                  117.6  33.7   32.3   0      2.2      185.8      37.2  5
                         1960 1.6    0.1    0      6.6    7.3    9.8    41     105    40.2   51.7   6.9    31.5     301.7      25.1 12
                         1961 34.7   0      0      12.5   34.2   38.4   170.6  84.4   100.2  42.8   23     0        540.8      45.1 12
                         1962 24     31.5   0      49.7   0      44.4   27     78.5   135.7  68     0               458.8      41.7 11
                         1963 0      0      0      0      0      67.1   60.9   49     76     29.5   0      64       346.5      28.9 12
                         1964 41.4   10.9   0      0      70.8   37.5   52.7   36     158.2  27.8   12.7   36.7     484.7      40.4 12
                         1965 27     40.5   15.5   35     0      50.5   17.3   144.6  97.5   76.7   27.4   119.1    651.1      54.3 12
                         1966 73.8   0      11     33.9   31.6   38.4   81.8   181.6  47.5   42.5   1.8    0        543.9      45.3 12
                         1967 59.5   9      36     19.5   47     82.5   135.5  278    151.5                0        818.5      81.8 10
                         1968                                    36     58     96.1   161.7  48.5   4.5             404.8      67.5  6
                         1969 16.5   0      5      0      3.5    6.8    0      0      34.5   0      50.4   15.6     132.3      11.0 12
                         1970 1.2    57                                                             24     0         82.2      20.6  4
                         1971 20     0      0      6.5    93.6   80.6   29.5   125.5  223    45.5   0      2        626.2      52.2 12
                         1972 5.5    0      35.5   24     55     89.5   100    36.5   75     21     13.7   0        455.7      38.0 12
                         1973 13     4.5    0      6      41.1   104    137    124.1  61     24     0      0        514.7      42.9 12
                         1974 1      0      3.8    6.5    33     6.5    119    113.9  81.5   15.5   3.2    13       396.9      33.1 12
                         1975 22.4   0      0      0      20.9   37.9   137.8  118.3  12.4   14.2   0      21.3     385.2      32.1 12
                         1976 0      0      0      22.6   6.6    10     299.1  42.7   64.2   17.6   81.5   18.7     563.0      46.9 12
                         1977 3.5    0      0      6.9    12     61.1   70.2   152.7  106.9  34.1   0      1        448.4      37.4 12
                         1978 0      1.3    1.3    5.5    43.2   32.3   69.7   91.8   166.3  12.8   4.7    2.7      431.6      36.0 12
                         1979 3.5    24.6   0      0      0      22.7   59.4   110.9  26.7   0      6.2             254.0      23.1 11
                         1980 50.6   16.7   0      8      2.5    9.8    96     151.1  6.5    61.5   20     46.7     469.4      39.1 12
                         1981 89.4   10.8   66.3   8      9.7    33.5   62.5   21.1   26.2   17.2   13.5   7.5      365.7      30.5 12
                         1982 0      0      0      0      2      87.4   91.6   28     16.1   95.4   36     35.2     391.7      32.6 12
                         1983 32.8   0      0      0      70.1   24     193.4  0      142.8  74.2   9.2    0        546.5      45.5 12
                         1984 38.4   8      0      0      14.5   37.3   114.3  23.3   41     11     0      5        292.8      24.4 12
                         1985 2.2    0                    5.4    91.3   85.6   62.3   51.1   45.1   0      37.1     380.1      38.0 10
                         1986 0      0      0      7.5    7.1    137.8  77.6   49.4   84.6   57.7   12.8   5.8      440.3      36.7 12
                         1987        30.8   0      7.4    40.7   29.5   118.3  34.4   31.1   0      0      0        292.2      26.6 11
                         1988 6.7    0      5.6    35     0      35.3   181.9  132.3  50.6   12.6   0      4.4      464.4      38.7 12
                         1989 0      0      0      0      7.9    28.3   34.7   163.1  39.6   0             48.9     322.5      29.3 11
                         1990 13.1   27.6   0      0      56.8   34.9   151.8  100.9  64.1   87     0      0        536.2      44.7 12
                         1991 0      6.6    0      0      0      70     465    47     103    26     5      36       758.6      63.2 12
                         1992 207    14     17.9   14     17     2.3    27     19     28     50     31     3        430.2      35.9 12
                         1993 25.4   1      0      1      30     28.6   60     72.6   46     0      0      0        264.6      22.1 12
                         1994 18.5   0      0      42     17     111.6  114    61.5   87     28     0      0        479.6      40.0 12
                         1995 21     11     0      0      58     25     79     101    10     29     15     0        349.0      29.1 12
                         1996 0      9      0      41     35     27     63     94     12     0      0      0        281.0      23.4 12
                         1997 39     0      68     64     72     34     68     30     0      38     22     0        435.0      36.3 12
                         1998 0      0      0      0      0      37     13     59     94     22     0      0        225.0      18.8 12
                         1999 0      0      0      17     15     47     57     13     27     12     0      0        188.0      15.7 12
                         2000 0      0      0      0      9.4                         2.2    17     3      22.3      53.9       6.0  9
                         2001 5      0      20     20.3   20.5   59.9   81.5   198.9  97     13     14     4        534.1      44.5 12
                         2002 12     45     0      70     68.8   113.8  57     66     145    33     31     0        641.6      53.5 12
                         2003 0.6    0      0      0      16.1   71.2   138.7  100.1  85.4   20.2   0      0        432.3      36.0 12
                         2004 11     2.1    21.2   0.1    19.7   141.3  104.4  9.2    22.9   9.3    2.1    0        343.3      28.6 12
                         2005 0      6.7    0      0      32.5   0      201.6  158.6  44.7   23.3   3.1    2        472.5      39.4 12
                         2006 15.5   0      0      0      33.4   54.1   132.9  169.5  5      91.5   89.5   30.3     621.7      51.8 12
                         2007 21.4   0      0      0      0      275.9  19.1   15.6   15.5   5      0      0        352.5      29.4 12
                         2008 0      0      0      0      0      39.2   52     470.5  7.2    0.4    0      0        569.3      47.4 12
                         2009 0      0      0.4    1      12     50.6   43.9   25.7   98.9   3                      235.5      23.6 10
                         2010 47     189.1  0      1.5    11     28.5                 54.1   0      0      0        331.2      33.1 10
                         2011 0      0      0      3.3    36     36     19.7   35.1   110.7  47.5   0      0        288.3      24.0 12
                         2012 17.3   59.3   0      0      5.5    70.7   102.4  65.5   85     2      0      8        415.7      34.6 12
                         2013 12     0      0      0      18.1   38.5                        33.4   23     82.7     207.7      23.1  9
                         2014 20     0      9.8    0      37     153.4  87.3   101.2  69.6   21     21.2   6.5      527.0      43.9 12
                         2015                      24.5   45.6   195.1  114.8  33.9   84.9   119.6  0      0        618.4      68.7  9
                         2016 8                                                103    44.9   7.5    38     5        206.4      34.4  6
                         2017 0                    0      13.7   53.2   52.2   82.3   135.7  11.1   0      5.7      353.9      35.4 10
                         2018        61.8   0.2    37.7   80.6   312.5                       15.5          0        508.3      72.6  7
                         2019 26.2          0             0             72     37.2          53.2          0        188.6      26.9  7
                         2020                             29.6   69.4   9      60.2   32.2   0      0               200.4      28.6  7

MINIMA                        0      0      0      0      0      0      0      0      0      0      0      0         53.9       6.0
MAXIMA                        207    189.1  68     70     93.6   312.5  465    470.5  223    119.6  89.5   119.1    818.5      81.8
MEDIA                         19.441 12.343 5.8796 11.609 25     62.296 92.885 89.17  68.194 29.961 11.393 12.7     403.9      37.0
DESV. ESTANDAR                32.294 29.221 14.671 17.286 24.053 59.666 75.671 76.23  50.143 27.399 18.691 23.039   158.60     14.3


TEMP MAXIMA EXT.
                         1962                                                         28     28     25               81.0      27.0  3
                         1963 28     28     31     35     36     35.5          30     32     29     25     22       331.5      30.1 11
                         1964 23     26     27     32     34     31     30     29     27     26     25     24       334.0      27.8 12
                         1965 24     23     28     29     37     32     35     32     28     31     39     39       377.0      31.4 12
                         1966 25     26     31     33     35     39     37     31     32     32     29     28       378.0      31.5 12
                         1967 26     27     33     37     34     34     34     32     30                            287.0      31.9  9
                         1968                                    32     30     33     28     28     27              178.0      29.7  6
                         1969        27     33     32     31.5   35     34     32     31                   27       282.5      31.4  9
                         1970 26     26                                                             29     27       108.0      27.0  4
                         1971 29     28     32     33     35     32     29     29     28     28     28     26       357.0      29.8 12
                         1972 29     28     29     33     34     32     32     31     30     28     28     27       361.0      30.1 12
                         1973 25     27     31     33     38     34     30     30     29     29     28     24       358.0      29.8 12
                         1974 26     27     32     32     35     36     32     30     29     27     28     27       361.0      30.1 12
                         1975 26     29     29     35     32.5   34.5   30     28.5   29     27.5   27     27       355.0      29.6 12
                         1976 23.5   26.5   30.5   31     34     33.5   31     27.5   28     26     26     22       339.5      28.3 12
                         1977 25     25     31.5   29     35.5   30.5   27.5   28     28.5   31     25.5   25.5     342.5      28.5 12
                         1978 26.5          25     32     33     29.5   30     26.5   26.5          30     25.5     284.5      28.5 10
                         1979 25     24     30     30     35.5   32     32     28     26                            262.5      29.2  9
                         1980               29     32     38     34.5   34                   29     26     25       247.5      30.9  8
                         1981 24                          34.5          29                   28     27     25       167.5      27.9  6
                         1982 26.5   26     29     32.5   38     34.5   28.5   28.5   29     28     26              326.5      29.7 11
                         1983                                                                              25        25.0      25.0  1
                         1984 27     26.5   28     30     31     31     26.5   28.5   28     27     24.5   25       333.0      27.8 12
                         1985 25     25                   32.5   30     27     28.5   27.5   27     27     24       273.5      27.4 10
                         1986 26.5   27     30     32     34     30     28     30     29     27     28     24       345.5      28.8 12
                         1987        30     29     30     29     31     29     29     30     27     28     26.5     318.5      29.0 11
                         1988 26     29     30.5   32     31     32     27.5   26     26                   23       283.0      28.3 10
                         1989 23     24     25     28     32     31     31.5   25     26.5   26            20       292.0      26.5 11
                         1990 22     23     27     30     33.5   32.5   28.5   27     26     26     26     25       326.5      27.2 12
                         1991 23     26     30     33     34     34     26     29     27     27     25     24       338.0      28.2 12
                         1992 21     24     28     29     30     32     29     29     29     26.5   25     26.5     329.0      27.4 12
                         1993 25     29.5   29.5   29.5   30     34     30     29     27     29     28     27       347.5      29.0 12
                         1994 25     28     31     31     32     30     30     29     26     29     27     27       345.0      28.8 12
                         1995 24.5   24     24     31     24.5   23     24     23     23     22.5   22     28       293.5      24.5 12
                         1996 28     27     26     29     29     29     27     26     28     29     28     27.5     333.5      27.8 12
                         1997 28     27     29.5   26     26.5   27.5   26.5   26     28     27.5   27     24       323.5      27.0 12
                         1998 26.5   26     26     24.5   36     35     32     32     32     29     27     27       353.0      29.4 12
                         1999 26     27     27.5   28.5   29     32     32     34     31     29     25     25.5     346.5      28.9 12
                         2000 23.5   23     29     33     33     32     32     32     32     28     27     26       350.5      29.2 12
                         2001 26     32     35     34     35     32     32     29     30     34     28     28       375.0      31.3 12
                         2002 27     27     31     31     32     32     30     30     29     28     27     25       349.0      29.1 12
                         2003 26     27     31     32     34     32     32     30     30     30     30     29       363.0      30.3 12
                         2004 26     29     31     30     33     31     30     30     30     31     30     28       359.0      29.9 12
                         2005 30     30     31     32     32     32     31     31     30     30     29     29       367.0      30.6 12
                         2006 30     28     30     31     32     30     30     29     30     29     29     23       351.0      29.3 12
                         2007 25     29     29     29     29     28     27     29     29     26     23     21       324.0      27.0 12
                         2008 25     26     29     29     32     33     34     34     32     30     30     26       360.0      30.0 12
                         2009 26     28     29.5   34     35     35     34     32     33     33                     319.5      32.0 10
                         2010 25     26     32     36     36     35                   29     32     30     29       310.0      31.0 10
                         2011 26     34     32     39     39     36     33     33     32     29     28     26       387.0      32.3 12
                         2012 27     29     31     38     36     38     30     31     31     33     29     29       382.0      31.8 12
                         2013 28     33     31     34     36     39                          30     28     24       283.0      31.4  9
                         2014 28     30     35     38     40     38     29     29     29     28     25     26       375.0      31.3 12
                         2015                      30     32     31     28     29     31     28     28     27       264.0      29.3  9
                         2016 25                                               29     28     28     27     25       162.0      27.0  6
                         2017 25                   31     34     32     31     31     30     33     33     31       311.0      31.1 10
                         2018        34     32     31     34     33                          25            24       213.0      30.4  7
                         2019 28            34            34            31     34            28            26       215.0      30.7  7
                         2020                             33     33     31     34     30     29     29              219.0      31.3  7

MINIMA                        21     23     24     24.5   24.5   23     24     23     23     22.5   22     20        25.0      24.5
MAXIMA                        30     34     35     39     40     39     37     34     33     34     39     39       387.0      32.3
MEDIA                         25.81  27.322 29.887 31.72  33.435 32.594 30.284 29.666 29     28.576 27.52  26       304.5      29.3
DESV. ESTANDAR                1.911  2.5836 2.4114 2.8787 2.9779 2.8707 2.5753 2.3867 2      2.2038 2.5911 2.8301    76.81      1.8


TEMP MAXIMA PROM
                         1962                                                         24.55  24.548 22.616           71.7      23.9  3
                         1963 24.967 25.16  28.516 32.6   32.419 30.983        27.871 28.483 26.145 21.6   17.677   296.4      26.9 11
                         1964 17.52  21.689 24.322 28.766 28.709 27.8   27.225 27.419 24.733 21.935 22.533 19.709   292.4      24.4 12
                         1965 20.193 19.142 25.258 26.766 29.645 28.733 30.354 26.064 25.4   26.774 31.866 33.838   324.0      27.0 12
                         1966 20.645 22.535 26.29  28.2   31.29  34.033 33.096 26.677 28.833 26.258 25.2   24.58    327.6      27.3 12
                         1967 20.58  24.892 27.58  30.8   29.387 30.466 31.064 26.419 26.566                        247.8      27.5  9
                         1968                                    28.866 24.548 27     23.966 24.967 24.1            153.4      25.6  6
                         1969        24.571 26.193 28.633 30.022 31.833 29.871 29.258 26.4                 23.967   250.8      27.9  9
                         1970 23.096 21.535                                                         25.966 24.129    94.7      23.7  4
                         1971 23.354 25     27.483 28.166 29.935 26.333 24.935 24.677 24.933 24.871 25.35  22.58    307.6      25.6 12
                         1972 22.419 24.827 26.258 30.233 28.58  27.966 26.129 26.096 25.633 24.419 24.133 22.548   309.2      25.8 12
                         1973 21.403 21.964 27.387 28.266 31.387 27.766 26.096 24.225 25.6   24.774 24.4   20.871   304.1      25.3 12
                         1974 23.612 24.803 27.612 29.5   31.951 29.216 27     26.838 25.233 24.677 25.233 22.064   317.7      26.5 12
                         1975 21.29  25.75  25.29  31.416 31.016 29.55  25.564 24.193 23.95  24.29  22.516 22.661   307.5      25.6 12
                         1976 20.258 21.637 26.983 27.233 29.564 28.9   23.032 24.129 24.316 23.193 18.733 18.548   286.5      23.9 12
                         1977 20.548 22.642 25.806 25.333 29.064 26.883 25.58  25.967 24.7   24.822 22.85  22.129   296.3      24.7 12
                         1978 22.112        20.089 27.5   29.677 26.966 26.838 23.806 23.033        23.466 21.5     245.0      24.5 10
                         1979 21.951 21.339 25.145 28.283 29.854 27.966 28.451 24.209 24.083                        231.3      25.7  9
                         1980               26.112 25.933 30.5   30.75  29.338               23.693 21.85  19.5     207.7      26.0  8
                         1981 18.29                       29.709        24.532               26.322 24.833 22.032   145.7      24.3  6
                         1982 22.032 22.232 26.08  30.2   30.516 30.666 25.741 26.387 26.133 22.403 21              283.4      25.8 11
                         1983                                                                              21.306    21.3      21.3  1
                         1984 19.693 20.637 24.419 27.116 26.967 27.166 23.661 26.032 24.05  23.79  22.516 19.645   285.7      23.8 12
                         1985 19.096 21.946               30.173 24.95  23.096 24.951 25.183 23.419 22.8   20.887   236.5      23.7 10
                         1986 22.693 23.41  23.774 28.5   29.854 25.3   24.403 27.129 25.733 21.935 23.733 19.774   296.2      24.7 12
                         1987        20.41  25.225 25.3   26.564 27.516 23.806 27.661 26.4   24.112 24.316 21.532   272.8      24.8 11
                         1988 21.048 24.534 24.241 25.65  29.351 26.616 23.951 23.5   23.4                 20.419   242.7      24.3 10
                         1989 21.419 20.767 21.854 24.7   28.467 27.133 25.387 22.177 22.45  22.79         16.435   253.6      23.1 11
                         1990 18.58  19.107 23.967 27.016 29.29  27.133 24.387 23.967 22.816 22.967 23.6   21.419   284.3      23.7 12
                         1991 20.548 21.678 25.967 29.066 30.871 28.866 23     25.387 21.933 22.58  21.866 19.451   291.2      24.3 12
                         1992 15.838 19.689 23.451 24.533 25.161 27.633 25.887 24.209 24.45  23.112 22.033 21.209   277.2      23.1 12
                         1993 21.177 24.767 26.129 26.916 27.274 27.85  26.58  26.725 24.733 25.032 24.55  23.903   305.6      25.5 12
                         1994 21.516 25.232 27.612 27.666 30.612 26     26.871 25.661 24.233 25.435 24.133 22.612   307.6      25.6 12
                         1995 22.661 21.25  21.5   28.666 21.064 21.116 21.193 20.967 21.183 21.048 21     24.467   266.1      22.2 12
                         1996 23.064 23.62  23.322 26.05  25.887 26.65  24.967 25.032 24.633 25.129 24.766 21.806   294.9      24.6 12
                         1997 22.629 22.16  22.048 21.516 21.306 22.5   21.887 22.467 23.9   23.5   24.2   21.29    269.4      22.5 12
                         1998 21.564 23.285 23.225 22.116 28.322 28.283 27.838 27.58  26.133 24.951 22     21.887   297.2      24.8 12
                         1999 22.064 25.678 26.08  26.583 26.661 29.216 29.483 30.887 28.533 22.435 22.9   22.806   313.3      26.1 12
                         2000 21.145 19.206 24.661 29.75  30.725 29.6   29.79  30.564 26.066 25.451 24.6   22.516   314.1      26.2 12
                         2001 22.387 27.928 32.806 31.1   30.548 29.833 29.161 27.161 27.933 28.258 24.766 22.258   334.1      27.8 12
                         2002 24.387 24.964 28.096 28.8   30.064 29.7   28.806 28.225 27.766 26.419 22.733 21.258   321.2      26.8 12
                         2003 23.225 24.607 28.451 28.283 31.064 29.7   29.032 28.677 28.866 28.258 28.6   23.161   331.9      27.7 12
                         2004 20.612 25.344 29.129 28.3   29.516 29.066 28.677 28.096 28.233 28.161 26.4   22.193   323.7      27.0 12
                         2005 26.387 27.785 26.806 28.8   29.483 29.733 27.709 28.774 27.633 27.354 25.366 24.451   330.3      27.5 12
                         2006 23.806 23.178 27.451 28.4   28.548 27.866 27.29  27.322 27.733 27.193 22.333 18.806   309.9      25.8 12
                         2007 19.387 23.178 25.419 26.5   25.935 24.333 24.258 24.354 24.8   22.871 20.566 18.483   280.1      23.3 12
                         2008 20.58  20.965 21.871 24.666 29.58  30.1   30.838 29.967 29.266 26     25.133 22.064   311.0      25.9 12
                         2009 20.871 25.714 28.064 30.7   30.064 30.55  28.967 29.58  26.433 28.777                 279.7      28.0 10
                         2010 20.172 22.285 24.064 30.633 32.225 30.6                 26.566 28.258 26.266 23.483   264.6      26.5 10
                         2011 22.903 26.25  28.29  32.5   31.709 31.4   27.434 29.733 26.846 25.384 24.066 22.645   329.2      27.4 12
                         2012 21.548 21.413 27.129 29.633 31.821 30.214 27.483 27.677 25.333 28.645 23.266 23.387   317.6      26.5 12
                         2013 21.677 27.821 26.871 30.666 31.387 31.866                      25.419 23.8   18.838   238.3      26.5  9
                         2014 22.741 24.964 29.193 30.033 31.516 30.666 25.129 26.516 25.5   25.306 21.666 21.322   314.6      26.2 12
                         2015                      25.766 28.29  25.793 24.258 26.774 26.033 24.2   24.933 21.483   227.5      25.3  9
                         2016 21.419                                           24.967 24.2   23.612 20.2   22.774   137.2      22.9  6
                         2017 22.12                27.466 30.935 28.733 27.483 27.645 24.633 27.967 29.9   28.096   275.0      27.5 10
                         2018        29.964 29.193 29.066 31.064 29.565                      21.096        21.516   191.5      27.4  7
                         2019 23.451        30.612        32.032        28.548 31.193        26.258        23.225   195.3      27.9  7
                         2020                             29.741 29.433 28.677 30.871 28.466 27.903 27.133          202.2      28.9  7

MINIMA                        15.838 19.107 20.089 21.516 21.064 21.116 21.193 20.967 21.183 21.048 18.733 16.435    21.3      21.3
MAXIMA                        26.387 29.964 32.806 32.6   32.419 34.033 33.096 31.193 29.266 28.777 31.866 33.838   334.1      28.9
MEDIA                         21.534 23.405 25.986 28.006 29.394 28.459 26.654 26.542 25.55  24.983 23.888 21.945   265.2      25.5
DESV. ESTANDAR                1.8688 2.4792 2.4749 2.3611 2.3347 2.3328 2.5716 2.342  1.8805 2.0383 2.3544 2.6198    66.91      1.7


TEMP MEDIA MENS.
                         1962                                                         18.516 17.564 13.275           49.4      16.5  3
                         1963 14.048 13.651 18.379 23.866 23.564 21.566        19.991 19.933 16.612 14.266 11.5     197.4      17.9 11
                         1964 11.364 14.241 17.161 20.266 20.822 20.216 19.564 19.854 18.5   15.112 15     12.145   204.3      17.0 12
                         1965 11.871 12.553 17.612 19.583 22.935 21.483 22.467 18.201 18.116 17.451 24.65  25.29    232.2      19.4 12
                         1966 12.096 13.357 15.838 19.25  21.612 23.133 22.871 20.483 19.7   17.145 14.55  13.919   214.0      17.8 12
                         1967 11.008 14.16  19.161 20.783 20.661 22.283 22.29  19.338 19.7                          169.4      18.8  9
                         1968                                    20.966 18.129 19.371 17.55  17.29  14.116          107.4      17.9  6
                         1969        13.875 17.064 19.366 20.386 22.65  21.225 20.887 19.8                 13.854   169.1      18.8  9
                         1970 12.177 13.357                                                         14.783 13.758    54.1      13.5  4
                         1971 14.483 14.241 17.451 18.016 20.967 18.533 18.516 18.08  18.4   17.516 16.058 14.387   206.7      17.2 12
                         1972 13.596 12.965 17.032 20.683 20.177 20.233 19.354 18.629 18.483 17.467 16.3   13.354   208.3      17.4 12
                         1973 11.798 13.75  18.403 19.433 22.096 20.016 18.967 18.58  18.533 17.177 15.333 11.209   205.3      17.1 12
                         1974 14.016 14.366 17.387 20.2   22.104 20.525 19.225 19.016 18.041 17.403 18.133 13.737   214.2      17.8 12
                         1975 12.822 16.25  15.806 21.65  21.903 21.383 18.58  17.959 17.008 16.379 13.941 12.879   206.6      17.2 12
                         1976 11.572 12.172 17.822 18.358 20.717 20.758 17.572 17.806 17.866 16.419 12.816 12.903   196.8      16.4 12
                         1977 13.145 13.794 17.395 16.833 20.838 19.533 18.58  19     18.108 17.161 14.466 13.709   202.6      16.9 12
                         1978 13.016        12.41  19.025 21.161 19.691 19.604 17.741 17.525        15.541 14.403   170.1      17.0 10
                         1979 14.161 13.732 16.927 19.725 20.79  20.35  21.072 18.032 16.391                        161.2      17.9  9
                         1980               17.887 17.6   21.782 21.508 20.548               16.871 13.7   12.064   142.0      17.7  8
                         1981 11.467                      21.274        18.459               18.895 15.8   13.871    99.8      16.6  6
                         1982 13.564 14.303 17.854 21.3   21.871 21.966 19.121 19.322 18.916 15.854 13.8            197.9      18.0 11
                         1983                                                                              13.516    13.5      13.5  1
                         1984 12.766 13.008 16.064 17.958 18.629 19.841 17.741 19.088 17.775 16.371 14.516 12.25    196.0      16.3 12
                         1985 12.54  14.437               21.984 19.083 17.5   18.5   18.475 17.072 14.3   15.871   169.8      17.0 10
                         1986 13.427 13.687 15.209 19.191 21.887 19.175 18.29  19.854 19.091 15.814 15.783 12.564   204.0      17.0 12
                         1987        12.669 16.032 18.608 19.467 20.358 18.516 20.419 19.441 15.733 15.141 15.854   192.2      17.5 11
                         1988 11.491 15.112 15.306 18.391 21.062 19.841 18.491 18.193 17.65                14.258   169.8      17.0 10
                         1989 15.177 14.66  13.83  17.833 20.475 20.075 18.411 16.516 16.491 16.516        9.1048   179.1      16.3 11
                         1990 13.112 12.58  16.209 18.5   22.233 20.275 18.403 18.072 16.825 15.903 14.441 13.354   199.9      16.7 12
                         1991 13.096 13.776 16.725 19.45  22.629 20.3   17.709 18.483 16.4   15.193 13.125 12.241   199.1      16.6 12
                         1992 10.371 11.362 15.58  15.841 17.725 19.266 18.669 16.862 17.558 17.177 13.258 13.403   187.1      15.6 12
                         1993 12.282 14.401 15.677 17.308 17.637 20.433 18.935 18.645 17.95  17.951 14.641 13.177   199.0      16.6 12
                         1994 12.153 14.205 15.943 17.016 20.419 18.5   18.725 18.024 16.891 17.072 14.466 12.822   196.2      16.4 12
                         1995 12.709 15.892 16.024 20.325 15.895 15.95  15.862 15.741 15.908 15.741 15.666 17.193   192.9      16.1 12
                         1996 17     17.172 17     18.45  18.58  19.075 18.121 17.838 17.716 18.153 17.733 15.814   212.7      17.7 12
                         1997 16.895 16.473 16.338 15.975 15.943 16.508 16.241 16.532 17.291 16.951 16.35  12.25    193.8      16.1 12
                         1998 16.04  16.973 16.862 15.966 20.064 19.95  19.629 19.612 19     17.838 16.166 15.693   213.8      17.8 12
                         1999 13.25  17.133 18.387 18.091 17.887 20     20.596 21.588 19.341 15.048 13.741 11.661   206.7      17.2 12
                         2000 13.056 11.879 15.701 19.941 20.419 20.633 20.241 21.129 17.666 16.467 15.016 12.983   205.1      17.1 12
                         2001 12.919 17.232 20     21.175 21.371 22.958 20.645 19     18.983 17.822 15.216 13.048   220.4      18.4 12
                         2002 14.451 14.821 18.693 19.8   21.322 21.916 20.096 20.387 21.083 18.435 14.266 11.58    216.9      18.1 12
                         2003 12.887 14.267 17.467 20.816 22.919 22.466 21.451 21.225 21.016 19.871 19.583 13.29    227.3      18.9 12
                         2004 12.435 14.931 20.258 18.666 19.741 19.016 18.451 17.629 17.95  19.112 16.716 12.967   207.9      17.3 12
                         2005 16.467 17.16  16.58  18.216 19.096 18.966 19.919 22.419 16.616 16.193 14.483 14.064   210.2      17.5 12
                         2006 13.645 13.517 16.612 16.933 17.887 17.716 16     16.612 16.4   15.983 12.583 10.532   184.4      15.4 12
                         2007 10.887 13.41  14.967 15.75  15.387 14.85  15.677 16.645 16.95  13.451 12.7   10.887   171.6      14.3 12
                         2008 10.838 12.241 13.145 14.75  20.838 22.7   22.209 21.854 21.233 17.543 16.45  13.29    207.1      17.3 12
                         2009 11.209 14.892 19.241 20.85  21.387 22.075 21.362 22.145 19.958 19.963                 193.1      19.3 10
                         2010 11.246 13.797 16.774 21.383 22.29  22.466               19.416 18.822 16.933 13.935   177.1      17.7 10
                         2011 14.08  16.892 18.58  22.316 22.403 22.216 19.826 21.183 19.038 17.557 15.733 14.774   224.6      18.7 12
                         2012 13.596 14.603 17.79  19.333 21.625 21.41  19.5   19.709 18.083 19.016 15.2   15.064   214.9      17.9 12
                         2013 13.371 18.25  17     20.738 21.58  21.966                      17.822 16.983 12.75    160.5      17.8  9
                         2014 16     17.625 20.338 20.15  21.629 20.616 18.887 19.548 19.183 17.903 15.275 14.645   221.8      18.5 12
                         2015                      19.266 20.983 19.963 19.145 20.532 19.816 17.745 17.833 14.193   169.5      18.8  9
                         2016 12.629                                           19.112 18.875 17.322 14.866 16.209    99.0      16.5  6
                         2017 13.656               18.533 22     21.2   20.58  20.677 18.233 18.564 20.416 17.112   191.0      19.1 10
                         2018        19.696 20.258 18.933 21.693 21.553                      13.822        13.58    129.5      18.5  7
                         2019 14.596        20.451        22.532        18.919 21.854        17.612        14.048   130.0      18.6  7
                         2020                             20.403 20.1   18.935 21.854 19.683 18.548 17.683          137.2      19.6  7

MINIMA                        10.371 11.362 12.41  14.75  15.387 14.85  15.677 15.741 15.908 13.451 12.583 9.1048    13.5      13.5
MAXIMA                        17     19.696 20.451 23.866 23.564 23.133 22.871 22.419 21.233 19.963 24.65  25.29    232.2      19.6
MEDIA                         13.13  14.573 17.074 19.048 20.661 20.381 19.212 19.211 18.367 17.124 15.476 13.711   180.2      17.3
DESV. ESTANDAR                1.5719 1.8047 1.7538 1.8278 1.8167 1.7051 1.6265 1.6456 1.2672 1.3329 2.1264 2.2796    45.07      1.3


TEMP MINIMA EXT.
                         1962                                                         11     3.5    0.5              15.0       5.0  3
                         1963 1.5    0      2.5    13     13     10            10     9      4      1      -6        58.0       5.3 11
                         1964 -3     0      2      9      10     9      10     10     10     2      4      1         64.0       5.3 12
                         1965 -2     -3     5      7      13     11     10     8      8      2      7      12        78.0       6.5 12
                         1966 -4     1      0      7      8      9      10     11     8      1      0      -2        49.0       4.1 12
                         1967 -5     -2     7      8      10     10     11     9      10                             58.0       6.4  9
                         1968                                    10     9      9      9      1      0                38.0       6.3  6
                         1969        -3     5      8      7.5    9.5    11     11     9.5                  -3        55.5       6.2  9
                         1970 -4     -1                                                             -3     -4       -12.0      -3.0  4
                         1971 3      -4     2      3      7      7      8      9      9      7      4      0         55.0       4.6 12
                         1972 -2     -4     3      6      9      9      10     7      9      7      4      -3        55.0       4.6 12
                         1973 -5     -2     4      7      9      9      9      10     8      4      -2     -4        47.0       3.9 12
                         1974 3      -3     3      8      9      7      8      8      8      7      8      0         66.0       5.5 12
                         1975 -3     2      1      8.5    10     9.5    9      9.5    3.5    5      -2     -3        50.0       4.2 12
                         1976 -3     -5     4      4.5    8      9      8      9      8.5    7      0      3         53.0       4.4 12
                         1977 1.5    0      1      3.5    8.5    9.5    8.5    10     8.5    3      0.5    0         54.5       4.5 12
                         1978 -1            0      5      8      10     9.5    9      9             5      4         58.5       5.9 10
                         1979 0      2      3      8      7      8      11.5   9      2                              50.5       5.6  9
                         1980               3.5    0      5.5    10     10                   5      1      0.5       35.5       4.4  8
                         1981 1                           7.5           10                   7      4      2         31.5       5.3  6
                         1982 0.5    4.5    3.5    9      9.5    10     10.5   10     9      5.5    1                73.0       6.6 11
                         1983                                                                              -3        -3.0      -3.0  1
                         1984 0.5    -1.5   5      7      7      9      10     10     8.5    5      1      0.5       62.0       5.2 12
                         1985 1.5    2                    11     8      9      10     10     6      1      6         64.5       6.5 10
                         1986 1      1      1      6      10     10     10     10     10.5   3      1      -1        62.5       5.2 12
                         1987        0      1.5    7      9      10     10     11     10     3      1      3         65.5       6.0 11
                         1988 -5     1      1      6      9      10     11     10     10                   5         58.0       5.8 10
                         1989 7      3.5    0      8      10     9      8      8      6      7             -2        64.5       5.9 11
                         1990 4      0.5    4      7      13     11.5   9.5    9.5    9      2      1      -1        70.0       5.8 12
                         1991 2      -2     -2     2      9      8      9      7      6      3      -2     0         40.0       3.3 12
                         1992 1      -2     3      2      5      6      5      4      8      8.5    -2.5   2         40.0       3.3 12
                         1993 0      1      -2     4      4      9      8.5    7      9      6      0      -2        44.5       3.7 12
                         1994 -2.5   -1     0      1      6      8      8      8.5    6      4      0.5    -2        36.5       3.0 12
                         1995 -1.5   9      9      8      10     10     10     10     10     10     10     8        102.5       8.5 12
                         1996 9      8      8      8.5    9.5    10     10     9      9      8      9      7        105.0       8.8 12
                         1997 7.5    8      8.5    6.5    8.5    9      10     10     9      9      5.5    -8        83.5       7.0 12
                         1998 9.5    9.5    10     7      10     10     10     10     10.5   8      8      7        109.5       9.1 12
                         1999 -1     4.5    9      6.5    7      8.5    10     9.5    7.5    4      -1     -2.5      62.0       5.2 12
                         2000 -2     1      3      7.5    8      9      8      8      5      2      1      -2        48.5       4.0 12
                         2001 1      4      3      9.5    8      10     10     8      8      5      3      -2        67.5       5.6 12
                         2002 1      2      6      7.5    10     11     9      9      11     7      -1     -3        69.5       5.8 12
                         2003 -1     -1     4      10     11     12     11     12     11     8      3      -2        78.0       6.5 12
                         2004 -1     -2     8      6      6      6      4      5      6      8      2      -1        47.0       3.9 12
                         2005 4      4      4      4      6      5      8      13     2      2      1      1         54.0       4.5 12
                         2006 -2     -1     3      3      5      5      3      3      3      3      -3     -3        19.0       1.6 12
                         2007 -2     2      3      3      3      3      5      8      8      1      3      1         38.0       3.2 12
                         2008 -4     2      2      3      10     13     12     11     11     5      1      2         68.0       5.7 12
                         2009 -2     2      6      8      10     12     12     12     11     7                       78.0       7.8 10
                         2010 -2     -2     5      10     9      11                   5      5      1      -2        40.0       4.0 10
                         2011 -4     1      6      8      8      10     9      9      7      4      -6     3         55.0       4.6 12
                         2012 -1     3      4      1      8      11     7      10     8      7      4      1         63.0       5.3 12
                         2013 0      2      -1     4      9      5                           4      7      0.5       30.5       3.4  9
                         2014 5      6      7      6      6      6      11     11     11     7      2      -1.5      76.5       6.4 12
                         2015                      11     9      11     12     12     10     8      8      -1        80.0       8.9  9
                         2016 -1                                               11     10     8      6      7         41.0       6.8  6
                         2017 1                    3      9      12     11     11     9      5      8      -4        65.0       6.5 10
                         2018        5      7      6      9      11                          3             4         45.0       6.4  7
                         2019 -7     -8     8      9      10     13     7      11     8      6      5      2         64.0       5.3 12
                         2020                             9      8      7      11     9      7      7                58.0       8.3  7

MINIMA                        -7     -8     -2     0      3      3      3      3      2      1      -6     -8       -12.0      -3.0
MAXIMA                        9.5    9.5    10     13     13     13     12     13     11     10     10     12       109.5       9.1
MEDIA                         -0.11  0.8979 3.7449 6.2843 8.5277 9.1944 9.1568 9.3529 8.3207 5.1826 2.3039 0.2788    55.7       5.2
DESV. ESTANDAR                3.5732 3.6256 2.9582 2.7645 2.059  2.0659 1.93   1.906  2.2384 2.3347 3.5539 3.8045    21.87      2.2


TEMP MINIMA PROM
                         1962                                                         12.483 10.58  3.9333           27.0       9.0  3
                         1963 3.129  2.1428 8.2419 15.133 14.709 12.15         12.112 11.383 7.0806 6.9333 5.3225    98.3       8.9 11
                         1964 5.2083 6.7931 10     11.766 12.935 12.633 11.903 12.29  12.266 8.2903 7.4666 4.5806   116.1       9.7 12
                         1965 3.5483 5.9642 9.9677 12.4   16.225 14.233 14.58  10.338 10.833 8.129  17.433 16.741   140.4      11.7 12
                         1966 3.5483 4.1785 5.3871 10.3   11.935 12.233 12.645 14.29  10.566 8.0322 3.9    3.258    100.3       8.4 12
                         1967 1.4354 3.4285 10.741 10.766 11.935 14.1   13.516 12.258 12.833                         91.0      10.1  9
                         1968                                    13.066 11.709 11.741 11.133 9.6129 4.1333           61.4      10.2  6
                         1969        3.1785 7.9354 10.1   10.75  13.466 12.58  12.516 13.2                 3.7419    87.5       9.7  9
                         1970 1.258  5.1785                                                         3.6    3.3871    13.4       3.4  4
                         1971 5.6129 3.4821 7.4193 7.8666 12     10.733 12.096 11.483 11.866 10.161 6.7666 6.1935   105.7       8.8 12
                         1972 4.7741 1.1034 7.8064 11.133 11.774 12.5   12.58  11.161 11.333 10.516 8.4666 4.1612   107.3       8.9 12
                         1973 2.1935 5.5357 9.4193 10.6   12.806 12.266 11.838 12.935 11.466 9.5806 6.2666 1.5483   106.5       8.9 12
                         1974 4.4193 3.9285 7.1612 10.9   12.258 11.833 11.451 11.193 10.85  10.129 11.033 5.4096   110.6       9.2 12
                         1975 4.3548 6.75   6.3225 11.883 12.79  13.216 11.596 11.725 10.066 8.4677 5.3666 3.0967   105.6       8.8 12
                         1976 2.8871 2.7069 8.6612 9.4833 11.871 12.616 12.112 11.483 11.416 9.6451 6.9    7.258    107.0       8.9 12
                         1977 5.7419 4.9464 8.9838 8.3333 12.612 12.183 11.58  12.032 11.516 9.5    6.0833 5.2903   108.8       9.1 12
                         1978 3.9193        4.7321 10.55  12.645 12.416 12.371 11.677 12.016        7.6166 7.3064    95.3       9.5 10
                         1979 6.3709 6.125  8.7096 11.166 11.725 12.733 13.693 11.854 8.7                            91.1      10.1  9
                         1980               9.6612 9.2666 13.064 12.266 11.758               10.048 5.55   4.629     76.2       9.5  8
                         1981 4.6451                      12.838        12.387               11.467 6.7666 5.7096    53.8       9.0  6
                         1982 5.0967 6.375  9.629  12.4   13.225 13.266 12.5   12.258 11.7   9.3064 6.6             112.4      10.2 11
                         1983                                                                              5.7258     5.7       5.7  1
                         1984 5.8387 5.3793 7.7096 8.8    10.29  12.516 11.822 12.145 11.5   8.9516 6.5166 4.8548   106.3       8.9 12
                         1985 5.9838 6.9285               13.795 13.216 11.903 12.048 11.766 10.725 5.8    10.854   103.0      10.3 10
                         1986 4.1612 3.9642 6.6451 9.8833 13.919 13.05  12.177 12.58  12.45  9.6935 7.8333 5.3548   111.7       9.3 12
                         1987        4.9285 6.8387 11.916 12.371 13.2   13.225 13.177 12.483 7.3548 5.9666 10.177   111.6      10.1 11
                         1988 1.9354 5.6896 6.3709 11.133 12.774 13.066 13.032 12.887 11.9                 8.0967    96.9       9.7 10
                         1989 8.9354 8.5535 5.8064 10.966 12.483 13.016 11.435 10.854 10.533 10.241        1.7741   104.6       9.5 11
                         1990 7.6451 6.0535 8.4516 9.9833 15.177 13.416 12.419 12.177 10.833 8.8387 5.2833 5.2903   115.6       9.6 12
                         1991 5.6451 5.875  7.4838 9.8333 14.387 11.733 12.419 11.58  10.866 7.8064 4.3833 5.0322   107.0       8.9 12
                         1992 4.9032 3.0344 7.7096 7.15   10.29  10.9   11.451 9.5161 10.666 11.241 4.4833 5.5967    96.9       8.1 12
                         1993 3.3871 4.0357 5.2258 7.7    8      13.016 11.29  10.564 11.166 10.871 4.7333 2.4516    92.4       7.7 12
                         1994 2.7903 3.1785 4.2741 6.3666 10.225 11     10.58  10.387 9.55   8.7096 4.8    3.0322    84.9       7.1 12
                         1995 2.758  10.535 10.548 11.983 10.725 10.783 10.532 10.516 10.633 10.435 10.333 9.9193   119.7      10.0 12
                         1996 10.935 10.724 10.677 10.85  11.274 11.5   11.274 10.645 10.8   11.177 10.7   9.8225   130.4      10.9 12
                         1997 11.161 10.785 10.629 10.433 10.58  10.516 10.596 10.596 10.683 10.403 8.5    3.2096   118.1       9.8 12
                         1998 10.516 10.66  10.5   9.8166 11.806 11.616 11.419 11.645 11.866 10.725 10.333 9.5      130.4      10.9 12
                         1999 4.4354 8.5892 10.693 9.6    9.1129 10.783 11.709 12.29  10.15  7.6612 4.5833 0.5161   100.1       8.3 12
                         2000 4.9677 4.5517 6.7419 10.133 10.112 11.666 10.693 11.693 9.2666 7.4838 5.4333 3.4516    96.2       8.0 12
                         2001 3.4516 6.5357 7.1935 11.25  12.193 16.083 12.129 10.838 10.033 7.3871 5.6666 3.8387   106.6       8.9 12
                         2002 4.5161 4.6785 9.2903 10.8   12.58  14.133 11.387 12.548 14.4   10.451 5.8    1.9032   112.5       9.4 12
                         2003 2.5483 3.9285 6.4838 13.35  14.774 15.233 13.871 13.774 13.166 11.483 10.566 3.4193   122.6      10.2 12
                         2004 4.258  4.5172 11.387 9.0333 9.9677 8.9666 8.2258 7.1612 7.6666 10.064 7.0333 3.7419    92.0       7.7 12
                         2005 6.5483 6.5357 6.3548 7.6333 8.7096 8.2    12.129 16.064 5.6    5.0322 3.6    3.6774    90.1       7.5 12
                         2006 3.4838 3.8571 5.7741 5.4666 7.2258 7.5666 4.7096 5.9032 5.0666 4.7741 2.8333 2.258     58.9       4.9 12
                         2007 2.3871 3.6428 4.5161 5      4.8387 5.3666 7.0967 8.9354 9.1    4.0322 4.8333 3.2903    63.0       5.3 12
                         2008 1.0967 3.5172 4.4193 4.8333 12.096 15.3   13.58  13.741 13.2   9.0869 7.7666 4.5161   103.2       8.6 12
                         2009 1.5483 4.0714 10.419 11     12.709 13.6   13.758 14.709 13.483 11.148                 106.4      10.6 10
                         2010 2.3214 5.3095 9.4838 12.133 12.354 14.333               12.266 9.3871 7.6    4.3871    89.6       9.0 10
                         2011 5.258  7.5357 8.8709 12.133 13.096 13.033 12.217 12.633 11.23  9.7307 7.4    6.9032   120.0      10.0 12
                         2012 5.6451 7.7931 8.4516 9.0333 11.428 12.607 11.516 11.741 10.833 9.3871 7.1333 6.7419   112.3       9.4 12
                         2013 5.0645 8.6785 7.129  10.809 11.774 12.066                      10.225 10.166 6.6612    82.6       9.2  9
                         2014 9.258  10.285 11.483 10.266 11.741 10.566 12.645 12.58  12.866 10.5   8.8833 7.9677   129.0      10.8 12
                         2015                      12.766 13.677 14.133 14.032 14.29  13.6   11.29  10.733 6.9032   111.4      12.4  9
                         2016 3.8387                                           13.258 13.55  11.032 9.5333 9.6451    60.9      10.1  6
                         2017 5.1923               9.6    13.064 13.666 13.677 13.709 11.833 9.1612 10.933 6.129    107.0      10.7 10
                         2018        9.4285 11.322 8.8    12.322 13.541                      6.5483        5.6451    67.6       9.7  7
                         2019 5.7419 7.7407 10.29  13.5   13.032 16.566 9.2903 12.516 10.833 8.9677 6.2666 4.8709   119.6      10.0 12
                         2020                             11.064 10.766 9.1935 12.838 10.9   9.1935 8.2333           72.2      10.3  7

MINIMA                        1.0967 1.1034 4.2741 4.8333 4.8387 5.3666 4.7096 5.9032 5.0666 4.0322 2.8333 0.5161     5.7       3.4
MAXIMA                        11.161 10.785 11.483 15.133 16.225 16.566 14.58  16.064 14.4   11.483 17.433 16.741   140.4      12.4
MEDIA                         4.726  5.7825 8.1624 10.157 11.927 12.382 11.771 11.88  11.177 9.2645 7.0486 5.4768    96.2       9.1
DESV. ESTANDAR                2.3676 2.4348 2.0429 2.1011 1.9576 1.9542 1.7224 1.704  1.7519 1.6987 2.6499 2.8746    26.60      1.5


