COMISIÓN NACIONAL DEL AGUA
COORDINACIÓN GENERAL DEL SERVICIO METEOROLÓGICO NACIONAL
PROYECTO DE BASES DE DATOS CLIMATOLÓGICOS
    
                         AÑO  ENE    FEB    MAR    ABR    MAY    JUN    JUL    AGO    SEP    OCT    NOV    DIC  ACUMULADO  MEDIA  MESES
00001045
EL TULE (DGE), ASIENTOS 
DIAS CON GRANIZO
                         1974 0      0      1      0      0      0      0      0      0      0      0      0          1.0       0.1 12
                         1975        0      0      0      0      0      0      0      0      0      0      0          0.0       0.0 11
                         1976 0      0      0      0      0      0      0      0      0      0      0      0          0.0       0.0 12
                         1977 0      0      0      0      0      0      0      0      0      0      0      0          0.0       0.0 12
                         1978 0      0      0      0      0      0      0      0      0      0      0      0          0.0       0.0 12
                         1979 0      0      0      0      0      0      0      0      0      0      0      0          0.0       0.0 12
                         1980 0      0      0      0      0      0      0      0      0      0      0      0          0.0       0.0 12
                         1981 0      0      0      0      0      0      0      0      0      1      0      0          1.0       0.1 12
                         1982 0      0      0      0      0      0      0      0      0      0      0      0          0.0       0.0 12
                         1983 0      0      0      0      0      0      0      0      0      0      0      0          0.0       0.0 12
                         1984 0      0      0      0      0      0      0      0      0      0      0      0          0.0       0.0 12
                         1985 0      0      0      0      0      0      0      0      0      0      0      0          0.0       0.0 12
                         1986 0      0      0      0      0      0      0      0      0      0      0      0          0.0       0.0 12
                         1987 0      0      0      0      0      0      0      0      0      0      0      0          0.0       0.0 12
                         1988 0      0      0      0      0      0      0      0      0      0      0      0          0.0       0.0 12
                         1989 0      0      0      0      0      0      0      0      0      0      0      0          0.0       0.0 12
                         1990 0      0      0      0      0      0      0      0      0      0      0      0          0.0       0.0 12
                         1991 0      0      0      0      0      0      0      0      0      0      0      0          0.0       0.0 12
                         1992 0      0      0      0      0      0      0      0      0      0      0      0          0.0       0.0 12
                         1993 0      0             0      0      0      0      0      0      0      0      0          0.0       0.0 11
                         1994 1      0      0      0      0      0      0      0      0      0      0      0          1.0       0.1 12
                         1995 0      0      0      0      1      0      0      0      0      0      0      0          1.0       0.1 12
                         1996 0      0      0      0      0      0      0      0      0      0      0      0          0.0       0.0 12
                         1997 0      0      0      0      0      0      0      0      0      0      0      0          0.0       0.0 12
                         1998 0      0      0      0      0      0      0      0      0      0      0      0          0.0       0.0 12
                         1999 0      0      0      0      0      0      0      0      0      0      0      0          0.0       0.0 12
                         2000 0      0      0      0      0      0      0      0      0      0                        0.0       0.0 10
                         2001 0      0      0      0      0      0      0      0      0      0      0      0          0.0       0.0 12
                         2002 0      0      0      0      0      0      0      0      0      0      0      0          0.0       0.0 12
                         2003 0      0      0      0      0      0      0      0      0      0      0      0          0.0       0.0 12
                         2004 0      0      0      0      0      0      1      0      0      0      0      0          1.0       0.1 12
                         2005 0      0      0      0      0      0      0      0      0      0      0      0          0.0       0.0 12
                         2006 0      0      0      0      0      0      0      0      0      0      0      0          0.0       0.0 12
                         2007 0      0      0      0      0      0      1      0      0      0      0      0          1.0       0.1 12
                         2008 0      0      0      0      0      0      0      0      0      0      0      0          0.0       0.0 12
                         2009 0      0      0      0      0      1      0      1      0      0      0      0          2.0       0.2 12
                         2010 0      0      0      0      0      0      1      2      2      0      0      0          5.0       0.4 12
                         2011 0      0      0             0      0      1      5      4      1      0      0         11.0       1.0 11
                         2012 0      0      0      0      0      1      4      0      1      0      0      0          6.0       0.5 12
                         2013 0      0      0      0      0      0      0      0      0      0      0      0          0.0       0.0 12
                         2014 0      0      0      0      0      0      0      0      0      0      0      0          0.0       0.0 12
                         2015 0      0      0      0      0      0      0      0      0      0             0          0.0       0.0 11
                         2016 0      0      0      0      0      0      0      0      0      0      0      0          0.0       0.0 12
                         2017 0      0      0      0      0      0      0      0      0      0      0      0          0.0       0.0 12
                         2018 0             0      0             0      0      0      0      0                        0.0       0.0  8
                         2019               0      0      0      0      0      0      0      0                        0.0       0.0  8
                         2020               0      0      0      0      0      0      0      0      0      0          0.0       0.0 10
                         2021 0      0      0      0      0      0      0      0      0                               0.0       0.0  9

MINIMA                        0      0      0      0      0      0      0      0      0      0      0      0          0.0       0.0
MAXIMA                        1      0      1      0      1      1      4      5      4      1      0      0         11.0       1.0
MEDIA                         0.0222 0      0.0212 0      0.0212 0.0416 0.1666 0.1666 0.1458 0.0425 0      0          0.6       0.1
DESV. ESTANDAR                0.149  0      0.1458 0      0.1458 0.2019 0.6302 0.7809 0.6519 0.204  0      0          1.92      0.2


DIAS CON NIEBLA 
                         1974 0      0      0      0      0      0      0      0      0      0      0      0          0.0       0.0 12
                         1975        0      0      0      0      0      0      0      0      0      0      0          0.0       0.0 11
                         1976 0      0      0      0      0      0      0      0      0      0      0      0          0.0       0.0 12
                         1977 0      0      0      0      0      0      0      0      0      0      0      0          0.0       0.0 12
                         1978 0      0      0      0      0      0      0      0      0      0      0      0          0.0       0.0 12
                         1979 0      0      0      0      0      0      0      0      0      0      0      0          0.0       0.0 12
                         1980 0      0      0      0      0      0      0      0      0      0      0      0          0.0       0.0 12
                         1981 0      0      0      0      0      0      0      0      0      1      0      0          1.0       0.1 12
                         1982 0      0      0      0      0      0      0      0      0      0      0      0          0.0       0.0 12
                         1983 0      0      0      0      0      0      0      0      0      0      0      1          1.0       0.1 12
                         1984 0      0      0      0      0      0      0      0      0      0      0      0          0.0       0.0 12
                         1985 0      0      0      0      0      0      0      0      1      1      0      1          3.0       0.3 12
                         1986 0      0      0      0      0      0      0      1      0      0      0      0          1.0       0.1 12
                         1987 0      0      0      0      0      0      0      0      0      0      0      0          0.0       0.0 12
                         1988 0      0      0      0      0      0      0      0      0      0      0      0          0.0       0.0 12
                         1989 0      0      0      0      0      0      0      0      0      0      0      0          0.0       0.0 12
                         1990 1      0      0      0      0      0      0      0      0      0      0      0          1.0       0.1 12
                         1991 0      0      0      0      0      0      0      0      0      1      0      0          1.0       0.1 12
                         1992 1      0      0      0      0      0      0      0      0      0      0      0          1.0       0.1 12
                         1993 0      0             0      0      0      0      0      0      0      0      0          0.0       0.0 11
                         1994 0      0      0      0      0      0      1      0      0      0      0      0          1.0       0.1 12
                         1995 0      0      0      0      0      0      0      0      0      0      0      0          0.0       0.0 12
                         1996 1      0      0      0      0      0      0      0      0      2      0      0          3.0       0.3 12
                         1997 0      0      0      0      0      0      0      0      0      0      0      0          0.0       0.0 12
                         1998 0      0      0      0      0      0      0      0      0      0      0      0          0.0       0.0 12
                         1999 0      0      0      0      0      0      0      0      0      0      0      0          0.0       0.0 12
                         2000 0      0      0      0      0      0      0      0      0      0                        0.0       0.0 10
                         2001 0      0      0      0      0      0      0      0      0      0      0      0          0.0       0.0 12
                         2002 0      0      0      0      0      0      0      0      0      0      0      0          0.0       0.0 12
                         2003 0      0      0      0      0      0      0      0      0      0      0      0          0.0       0.0 12
                         2004 0      0      0      0      0      0      0      0      0      1      0      0          1.0       0.1 12
                         2005 0      0      0      0      0      0      0      0      0      0      0      0          0.0       0.0 12
                         2006 0      0      0      0      0      0      0      0      0      0      2      0          2.0       0.2 12
                         2007 1      0      0      0      0      0      0      0      0      0      0      0          1.0       0.1 12
                         2008 0      0      0      0      0      0      0      0      0      0      0      0          0.0       0.0 12
                         2009 0      0      0      0      0      0      0      0      0      0      0      0          0.0       0.0 12
                         2010 0      0      0      0      0      0      0      0      0      0      0      0          0.0       0.0 12
                         2011 0      0      0             0      0      0      0      0      0      0      0          0.0       0.0 11
                         2012 0      0      0      0      0      0      0      0      0      0      0      0          0.0       0.0 12
                         2013 0      0      0      0      0      0      1      0      0      0      0      0          1.0       0.1 12
                         2014 0      0      0      0      0      0      0      0      0      0      0      0          0.0       0.0 12
                         2015 0      0      0      0      0      0      0      0      0      0             0          0.0       0.0 11
                         2016 2      0      0      0      0      0      0      0      0      0      0      0          2.0       0.2 12
                         2017 0      0      0      0      0      0      0      0      0      0      0      0          0.0       0.0 12
                         2018 0             0      0             0      0      0      0      0                        0.0       0.0  8
                         2019               0      0      0      0      0      0      0      0                        0.0       0.0  8
                         2020               0      0      0      0      0      0      0      0      0      0          0.0       0.0 10
                         2021 0      0      0      0      0      0      0      0      0                               0.0       0.0  9

MINIMA                        0      0      0      0      0      0      0      0      0      0      0      0          0.0       0.0
MAXIMA                        2      0      0      0      0      0      1      1      1      2      2      1          3.0       0.3
MEDIA                         0.1333 0      0      0      0      0      0.0416 0.0208 0.0208 0.1276 0.0465 0.0454     0.4       0.0
DESV. ESTANDAR                0.4045 0      0      0      0      0      0.2019 0.1443 0.1443 0.3965 0.305  0.2107     0.77      0.1


DIAS CON TORMEN.
                         1974 0      0      1      0      0      1      0      0      3      0      0      0          5.0       0.4 12
                         1975        0      0      0      0      0      6      0      0      0      0      0          6.0       0.5 11
                         1976 0      0      0      0      0      0      17     5      0      0      0      0         22.0       1.8 12
                         1977 1      0      0      0      0      0      0      0      0      0      0      0          1.0       0.1 12
                         1978 0      0      0      0      0      0      0      0      0      0      0      0          0.0       0.0 12
                         1979 0      0      0      0      0      0      0      0      0      0      0      0          0.0       0.0 12
                         1980 0      0      0      0      0      0      0      0      0      0      0      0          0.0       0.0 12
                         1981 0      0      0      0      0      0      0      0      0      0      0      0          0.0       0.0 12
                         1982 0      0      0      0      3      0      0      0      0      0      0      0          3.0       0.3 12
                         1983 0      0      0      0      0      0      0      0      0      0      0      0          0.0       0.0 12
                         1984 0      0      0      0      0      0      0      0      0      0      0      0          0.0       0.0 12
                         1985 0      0      0      0      0      0      0      0      0      0      0      0          0.0       0.0 12
                         1986 0      0      0      0      0      0      0      0      0      0      0      0          0.0       0.0 12
                         1987 0      0      0      0      0      0      0      0      0      0      0      0          0.0       0.0 12
                         1988 0      0      0      0      0      0      0      0      0      0      0      0          0.0       0.0 12
                         1989 0      0      0      0      0      0      0      0      0      0      0      0          0.0       0.0 12
                         1990 0      0      0      1      0      0      0      0      0      0      0      0          1.0       0.1 12
                         1991 0      0      0      0      0      0      0      0      0      0      0      0          0.0       0.0 12
                         1992 0      0      0      0      0      0      0      0      0      0      0      0          0.0       0.0 12
                         1993 0      0             0      0      0      0      0      0      0      0      0          0.0       0.0 11
                         1994 0      0      0      0      0      0      0      0      0      0      0      0          0.0       0.0 12
                         1995 0      0      0      0      0      0      0      0      0      0      0      0          0.0       0.0 12
                         1996 0      0      0      0      0      0      0      0      0      0      0      0          0.0       0.0 12
                         1997 0      0      0      0      0      0      0      0      0      0      0      0          0.0       0.0 12
                         1998 0      0      0      0      0      0      0      0      0      0      0      0          0.0       0.0 12
                         1999 0      0      0      0      0      0      0      0      0      1      0      0          1.0       0.1 12
                         2000 0      0      0      0      0      0      0      0      0      0                        0.0       0.0 10
                         2001 0      0      0      0      0      0      0      0      0      0      0      0          0.0       0.0 12
                         2002 0      0      0      0      0      0      0      0      0      0      0      0          0.0       0.0 12
                         2003 0      0      0      0      0      0      0      0      0      0      0      0          0.0       0.0 12
                         2004 0      0      0      0      0      0      1      0      0      0      0      0          1.0       0.1 12
                         2005 0      0      0      0      0      0      0      0      0      0      0      0          0.0       0.0 12
                         2006 0      0      0      0      0      0      0      0      0      0      0      0          0.0       0.0 12
                         2007 0      0      0      0      0      1      2      0      0      0      0      0          3.0       0.3 12
                         2008 0      0      0      0      0      0      0      0      0      0      0      0          0.0       0.0 12
                         2009 0      0      0      0      0      1      0      0      0      0      0      0          1.0       0.1 12
                         2010 1      0      0      0      0      0      0      0      0      0      0      0          1.0       0.1 12
                         2011 0      0      0             0      0      0      2      1      1      0      0          4.0       0.4 11
                         2012 0      0      0      0      0      0      0      0      0      1      0      0          1.0       0.1 12
                         2013 0      0      0      0      3      2      4      4      0      0      0      0         13.0       1.1 12
                         2014 0      0      0      0      0      0      0      0      0      0      0      0          0.0       0.0 12
                         2015 0      0      0      0      0      0      0      0      0      0             0          0.0       0.0 11
                         2016 0      0      0      0      0      0      0      1      0      0      0      0          1.0       0.1 12
                         2017 0      0      0      0      1      0      0      0      1      0      0      0          2.0       0.2 12
                         2018 0             0      0             0      0      0      0      0                        0.0       0.0  8
                         2019               0      0      0      1      0      0      0      0                        1.0       0.1  8
                         2020               0      0      0      0      0      0      0      0      0      0          0.0       0.0 10
                         2021 0      0      0      0      0      0      0      0      0                               0.0       0.0  9

MINIMA                        0      0      0      0      0      0      0      0      0      0      0      0          0.0       0.0
MAXIMA                        1      0      1      1      3      2      17     5      3      1      0      0         22.0       1.8
MEDIA                         0.0444 0      0.0212 0.0212 0.1489 0.125  0.625  0.25   0.1041 0.0638 0      0          1.4       0.1
DESV. ESTANDAR                0.2084 0      0.1458 0.1458 0.6248 0.3927 2.6387 0.9565 0.4721 0.247  0      0          3.77      0.3


EVAPORACION MEN.
                         1991                                                                              92.01     92.0      92.0  1
                         1992 52.46  66.4   165.23 115.55 137.42 150.41 148.96 123.53 101.85 85.21  84.12  85.55  1,316.7     109.7 12
                         1993 73.05  127.42        145.09 172.9  154.47 131.83 139.86               96.25  83.04  1,123.9     124.9  9
                         1994 83.79  85.89  113.15 210.48 232.16 128.77 146    133.76 109.74 121.06 129.97 85.15  1,579.9     131.7 12
                         1995 75.74  145.84 113.5  147.21 180.23 169.53 162.1  168.39 107.58 122.73 101.56 83.8   1,578.2     131.5 12
                         1996 78.19  121.3  108.49 231.7  168.28 210.73 186.65 143.64 156.69 178.32 81.8   105.04 1,770.8     147.6 12
                         1997 95.04  81.95  118.98 118.32 121.06 141.92 145.6  132.28 119.98 111.74 94.95  75.42  1,357.2     113.1 12
                         1998 129.1  74.28  90.37  222.65 131.86 137.21 120.98 121.31 124.29 110.69 89.46  82.07  1,434.3     119.5 12
                         1999 153.04 154.79 236.71 252.42 148.03 155.67 151.91 144.15 141.28 124.13 149.8  140.77 1,952.7     162.7 12
                         2000 162.56 172.21 234.1  228.03 221.24 204.54 218.74 178.44 129.07 132.94               1,881.9     188.2 10
                         2001 143.48 101.67 131.24 144.46 167.1  164.59 122.78 103.66 130.64 152.31 138.23 143.03 1,643.2     136.9 12
                         2002 155.02 143.44 179.13 192.96 130.99 152.36 155.74 120.34 129.65 158.25 77.41  83.61  1,678.9     139.9 12
                         2003 86.77  83.4   188.45 114.96 136.85 132.36 157.92 121.94 110.2  104.6  89.13  76.31  1,402.9     116.9 12
                         2004 91.11  81.86  122.19 101.2  172.08 190.36 137.41 113.9  112.51 125.23 79.8   63.01  1,390.7     115.9 12
                         2005 77.91  83.23  98.35  104.78 119.6  107.76 119.68 113.78 102.31 95.53  78.9   69.88  1,171.7      97.6 12
                         2006 62.78  77.94  95.94  123.92 143.64 123.92 115.06 111.96 105.09 90.88  83.08  99.54  1,233.8     102.8 12
                         2007 90.92  72.88  97.42  111.02 112.71 133.95 129.08 113.54 96.36  90.74  89.68  92.32  1,230.6     102.6 12
                         2008 70.96  88.64  97.68  120.84 113.4  102.1  143.15 136.59 92.1   95.61  74.64  65.22  1,200.9     100.1 12
                         2009 78.52  88.22  86.74  99.66  116.96 117.03 143.21                                      730.3     104.3  7
                         2011 75     82                   106                                                       263.0      87.7  3

MINIMA                        52.46  66.4   86.74  99.66  106    102.1  115.06 103.66 92.1   85.21  74.64  63.01     92.0      87.7
MAXIMA                        162.56 172.21 236.71 252.42 232.16 210.73 218.74 178.44 156.69 178.32 149.8  143.03 1,952.7     188.2
MEDIA                         96.602 101.75 133.98 154.73 149.07 148.76 146.48 130.65 116.83 118.74 96.173 89.751 1,301.7     121.3
DESV. ESTANDAR                33.952 31.945 48.694 52.648 35.704 30.688 25.288 20.073 17.434 26.587 22.89  22.495   479.55     25.1


LLUVIA MAX 24 H.
                         1974 0      0      5.5    0      4      0      24     20     14.5   14     3.5    9         94.5       7.9 12
                         1975        0      0      0      9.5    14     41     42     60     6.5    0      0        173.0      15.7 11
                         1976 0      0      0      14.5   0      13     47.5   14     22     38.5   17     11       177.5      14.8 12
                         1977 6.5    0      0      0      0      7.5    25     20     28     7.5    3      6        103.5       8.6 12
                         1978 0      2.5    0      4      45     11     25     27     25     45     4      0        188.5      15.7 12
                         1979 0      6.5    0      0      6.5    20     31     22     19     0      0      28       133.0      11.1 12
                         1980 18     15     0      0      0      3      17     23     17.5   12.5   18     11       135.0      11.3 12
                         1981 25.5   9      3      23     10     55     14     30     18     12     9.5    6.5      215.5      18.0 12
                         1982 0      0      0      3      14     0      25     17     0      25     17     19       120.0      10.0 12
                         1983 15     0      0      0      23     67     90     29     32     13.5   4      0        273.5      22.8 12
                         1984 15.5   0      0      0      32     10     28     15     17.5   22     4      7.5      151.5      12.6 12
                         1985 4.5    0      0      4      10     36     22     29.5   14     35     0      9        164.0      13.7 12
                         1986 0      3.5    0      3.5    3      58     16     33     30     13.5   9.5    0        170.0      14.2 12
                         1987 12     20     0      6      23     45     31.5   12     22     0      0      2        173.5      14.5 12
                         1988 20     3      5      17.5   0      29     62     27     16.5   16.5   0      3.5      200.0      16.7 12
                         1989 0      0      0      0      8.5    7      40     37.5   20     6.5    17     13       149.5      12.5 12
                         1990 15     10.5   0      0      48     7.5    40     30     20     40     0      0        211.0      17.6 12
                         1991 0      14     0      0      0      75     65     20     35     39.5   0      11       259.5      21.6 12
                         1992 38.5   5      0      9      5.5    22.5   22.5   23.5   14     43     10     4.5      198.0      16.5 12
                         1993 13     0             0      14     55     30     22     55     24     5      0        218.0      19.8 11
                         1994 18     0      0      8      5      24.5   10.5   12     22     10.5   0      0        110.5       9.2 12
                         1995 0      0      0      0      2      40     28     68     22     0      0      11.5     171.5      14.3 12
                         1996 0      0      0      14     7.5    13.5   20     28     72     33     0      0        188.0      15.7 12
                         1997 40     24.5   12.5   7      0      27     31.5   13     15     46     4      0        220.5      18.4 12
                         1998 0      0      0      0      0      25     7.5    42     30     25     0      0        129.5      10.8 12
                         1999 0      0      0      0      0      20     23     14     10     0      0      0         67.0       5.6 12
                         2000 0      0      5      0      18     24     20     13     10     20                     110.0      11.0 10
                         2001 17     0      18     5.5    20     37     17.5   40     43     10     3.1    0        211.1      17.6 12
                         2002 50     7      0      0      16     25     13     40     27     10     14     0        202.0      16.8 12
                         2003 3      0      0      0      3      28     23     22     55     16     0      0        150.0      12.5 12
                         2004 18     3      23     0      12     24     70     12     32     24     0      0        218.0      18.2 12
                         2005 0      20     0      0      6      20     13     50     15     0      0      0        124.0      10.3 12
                         2006 0      0      0      12     12     43     50     20     70     39     18     13       277.0      23.1 12
                         2007 16     5      0      0      5      40     14     10     35     14     0      0        139.0      11.6 12
                         2008 0      0      0      13     13.5   26     28     45     23     0      0      0        148.5      12.4 12
                         2009 0      0      0      0      5      15     20     25     20     8      0      13       106.0       8.8 12
                         2010 15     35     0      0      0      80     50     30     40     0      0      0        250.0      20.8 12
                         2011 0      0      0             0      15     28     30     120    15     0      0        208.0      18.9 11
                         2012 0      25     13     0      0      36     29     35     10.2   0      0      15       163.2      13.6 12
                         2013 25     0      0      0      25     40     45     40     60     15     16     35       301.0      25.1 12
                         2014 0      0      7      0      20     60     20     27     17     28     15     5        199.0      16.6 12
                         2015 3      9      63     6.5    18     45     60     30     16     30            20       300.5      27.3 11
                         2016 0      10     10     2      0      15     43     38     20     6      12     0        156.0      13.0 12
                         2017 0      0      8      0      6      14     80     60     43     0      0      20       231.0      19.3 12
                         2018 22            0      55            65     24     9      28     25                     228.0      28.5  8
                         2019               0             0             36     32            9                       77.0      15.4  5
                         2020               0      5      10     14     46     20     25     0      0      8        128.0      12.8 10
                         2021 12     0      0      0      16     22     42     40     32                            164.0      18.2  9

MINIMA                        0      0      0      0      0      0      7.5    9      0      0      0      0         67.0       5.6
MAXIMA                        50     35     63     55     48     80     90     68     120    46     18     35       301.0      28.5
MEDIA                         9.3888 5.0555 3.6808 4.6195 10.127 29.223 33.093 27.885 29.621 16.978 4.7348 6.3977   176.8      15.4
DESV. ESTANDAR                12.38  8.3545 10.228 9.4075 11.242 20.055 18.411 12.831 20.954 14.127 6.496  8.3781    56.13      5.0


LLUVIA TOTAL MEN
                         1974 0      0      10     0      4      0      93.5   118    31.5   14     6      17.5     294.5      24.5 12
                         1975        0      0      0      20     24.1   139.5  173    66.5   8.9    0      0        432.0      39.3 11
                         1976 0      0      0      14.5   0      24.5   349    14     99     77     55.8   17       650.8      54.2 12
                         1977 6.5    0      0      0      0      23     75     91.5   65.5   11.5   5.5    6        284.5      23.7 12
                         1978 0      2.5    0      4      50     30     83.5   137.5  112    86.5   4      0        510.0      42.5 12
                         1979 0      12.5   0      0      6.5    31.5   69     92.5   50     0      0      59.5     321.5      26.8 12
                         1980 43     15     0      0      0      3      27.5   112    36.5   30     25     24       316.0      26.3 12
                         1981 52.5   9      3      23     10     64.5   34     59.5   31.5   45.5   11.5   6.5      350.5      29.2 12
                         1982 0      0      0      3      27.5   0      68     37     0      52     30.5   27       245.0      20.4 12
                         1983 24     0      0      0      36.5   70.5   223    116.5  54     23.5   7      0        555.0      46.3 12
                         1984 26.5   0      0      0      44.5   52.5   141.5  58.5   31.5   34     4      7.5      400.5      33.4 12
                         1985 4.5    0      0      4      18.5   143    87     107.5  14     66.5   0      22       467.0      38.9 12
                         1986 0      3.5    0      6.5    3      172    64.5   52.5   78     26.5   15     0        421.5      35.1 12
                         1987 31     45     0      6      55     67.5   84.5   43     39     0      0      2        373.0      31.1 12
                         1988 20     3      8.5    34     0      74.5   220    98     48.3   19.5   0      3.5      529.3      44.1 12
                         1989 0      0      0      0      8.5    10     86     177    53     6.5    27     23       391.0      32.6 12
                         1990 21.5   24     0      0      62.5   14.5   198.5  157.5  78     89.5   0      0        646.0      53.8 12
                         1991 0      14     0      0      0      104    510    24     120    57     0      18       847.0      70.6 12
                         1992 203.5  9      0      12     21.5   22.5   51     74.5   17     110.5  23     4.5      549.0      45.8 12
                         1993 34.5   0             0      22.5   144.5  116    50     98     39     5      0        509.5      46.3 11
                         1994 18     0      0      17     5      106    16     35.5   70     28.5   0      0        296.0      24.7 12
                         1995 0      0      0      0      2      54     124.5  265    87     0      0      14.5     547.0      45.6 12
                         1996 0      0      0      14     12.5   27     40     73     207.5  69     0      0        443.0      36.9 12
                         1997 45     24.5   16     30.5   0      55     80     39.5   32     60.5   13.5   0        396.5      33.0 12
                         1998 0      0      0      0      0      77     17     144.5  83     62     0      0        383.5      32.0 12
                         1999 0      0      0      0      0      57.5   87.1   22     48     0      0      0        214.6      17.9 12
                         2000 0      0      5      0      41     68.5   53     50.5   18     28                     264.0      26.4 10
                         2001 17     0      24     10.5   29     59.5   34.5   106.5  148    10     4.4    0        443.4      37.0 12
                         2002 50     18     0      0      26     52     87     184    87     39     33     0        576.0      48.0 12
                         2003 3      0      0      0      5      68     121    88     126    23     0      0        434.0      36.2 12
                         2004 30     3      35     0      36     197    140    36     102    37     0      0        616.0      51.3 12
                         2005 0      23     0      0      12     20     80     146    35     0      0      0        316.0      26.3 12
                         2006 0      0      0      12     38     61     119    95     184    72     18     13       612.0      51.0 12
                         2007 20     9      0      0      9      212    82     18     90     14     0      0        454.0      37.8 12
                         2008 0      0      0      13     20.5   45     117    237    75     0      0      0        507.5      42.3 12
                         2009 0      0      0      0      8      77     26     106    58     21     0      18       314.0      26.2 12
                         2010 38     125    0      0      0      95     217    63     160    0      0      0        698.0      58.2 12
                         2011 0      0      0             0      30     41     83     192    30     0      0        376.0      34.2 11
                         2012 0      69     13     0      0      92.8   115    87     37.2   0      0      15       429.0      35.8 12
                         2013 55     0      0      0      68     87     276    101    185    25     65.5   112      974.5      81.2 12
                         2014 0      0      7      0      49     135    75.5   43.5   39.5   40     20.8   5        415.3      34.6 12
                         2015 6      26.5   96     6.5    34     169    200    69     74     105           20       806.0      73.3 11
                         2016 0      20     12     2      0      46     107    168    51     9      26     0        441.0      36.8 12
                         2017 0      0      8      0      11     33     160    226    185    0      0      20       643.0      53.6 12
                         2018 22            0      55            254    96     35     165    81                     708.0      88.5  8
                         2019               0             0             122    152           26                     300.0      60.0  5
                         2020               0      5      24     45     261    28     67     0      0      8        438.0      43.8 10
                         2021 12     0      0      0      30     140    204    128    195                           709.0      78.8  9

MINIMA                        0      0      0      0      0      0      16     14     0      0      0      0        214.6      17.9
MAXIMA                        203.5  125    96     55     68     254    510    265    207.5  110.5  65.5   112      974.5      88.5
MEDIA                         17.411 10.122 5.0531 5.9239 18.095 73.178 121.24 96.333 83.5   33.572 9.3139 10.534   476.0      42.0
DESV. ESTANDAR                33.135 22.253 15.255 11.034 19.051 58.463 92.5   60.157 55.574 30.728 15.228 19.545   165.91     16.2


TEMP MAXIMA EXT.
                         1974 27     29     32     34.5   35.2   36.5   31     31     31     30     30     28       375.2      31.3 12
                         1975        28.5   32     36     34     36     30     31     31     31     29.5   28.5     347.5      31.6 11
                         1976 26     30     31.5   33     34.8   34     31     30     30.2   28.5   26     24       359.0      29.9 12
                         1977 27     28.5   34.5   32     35     33     31     32.5   32     33     28     28.5     375.0      31.3 12
                         1978 28     28     34     38     38.5   34     34     34     31     28     29     27.5     384.0      32.0 12
                         1979 27.5   28     34     35     36     37     36     32     32.5   33     30     25.5     386.5      32.2 12
                         1980 28     28     33     35.5   38     38     35     34     32     32     28     27       388.5      32.4 12
                         1981 26     28.5   34     34.5   36     39     34     32.5   32     30.5   29     28       384.0      32.0 12
                         1982 30     30.5   36     37     36.5   37     34     32.5   33     33     29     28       396.5      33.0 12
                         1983 25     29     32     38     40     36     33     32     33     32     31     30.5     391.5      32.6 12
                         1984 29     30     34     37     36.5   36.5   30     31     31     33     32     29       389.0      32.4 12
                         1985 29     30     33     31     39     35     31     34     33     33     31     29       388.0      32.3 12
                         1986 28     33     26.5   38     38.5   35     33.5   34     32     33     33     29       393.5      32.8 12
                         1987 29     29.5   31     36     37     35     33     33     34     30.5   29     28       385.0      32.1 12
                         1988 27     31     34     36     38     37.5   32     30.5   33     30.5   32     29       390.5      32.5 12
                         1989 28     32     33     34     38     39     37     32     32     32.5   32.5   26.5     396.5      33.0 12
                         1990 28     28.5   34.5   34.5   39     32.5   32     32     30     30     30     29       380.0      31.7 12
                         1991 27     29     33     38     39     35     31     28     32     30     29.5   23       374.5      31.2 12
                         1992 24     27.5   30.5   30     31     33     33     30     30     26     26.5   26       347.5      29.0 12
                         1993 25     30            31     31     35     30     31     29     27     29     29       327.0      29.7 11
                         1994 27.5   29.5   32     32     34.5   34     32     30     28     29     27     27       362.5      30.2 12
                         1995 26     28     35.5   34     38     38     34     33     32     32     32     29       391.5      32.6 12
                         1996 30     32.5   31     34     37.5   34     34     38     30     30     30     28       389.0      32.4 12
                         1997 26     30     32     33.5   34.5   36     33     34     33     31     30     27       380.0      31.7 12
                         1998 27     30     33     37     38     38     35     33     30     29     29     29       388.0      32.3 12
                         1999 26.5   29     33     37     37     36     33     33     33     31     28     27       383.5      32.0 12
                         2000 27     30     32     34     35     31     32     31     33     31                     316.0      31.6 10
                         2001 28     32     32     37     36     35     35     36     33     33     28     28       393.0      32.8 12
                         2002 30     31     35     37     38     35     34     33     32     32     33     28       398.0      33.2 12
                         2003 28     32     32     37     39.5   36     33     33     32     31     32     27       392.5      32.7 12
                         2004 26     30     35     36     37     33     34     32     33     33     30     27       386.0      32.2 12
                         2005 29     30     33     37     36     39     34     33     31     33     30     28       393.0      32.8 12
                         2006 28.4   33     35     37     38     35     34     32     31     33     30     29       395.4      33.0 12
                         2007 28     33     34     35     36     38     32     32     33     33     29     29       392.0      32.7 12
                         2008 29     33     36     38     38     36     33     33     31     30     29     27       393.0      32.8 12
                         2009 29     33     33     36     38     37     35     35     32     35     29     26       398.0      33.2 12
                         2010 27     28     33     38     38     38     32     33     33     31     30     26       387.0      32.3 12
                         2011 27     33     34            39     36     33     33     33     30     28     28       354.0      32.2 11
                         2012 27     29     35     35     37     37     31     32     32     33     29     27       384.0      32.0 12
                         2013 27     30     33     36     35     36     34     34     29     30     26     25       375.0      31.3 12
                         2014 25     30     31     38     35     33     31     37     31     29     27     27       374.0      31.2 12
                         2015 27     32     29     32     33     34     29     34     32     31            27       340.0      30.9 11
                         2016 26     30     32     35     37     32     32     30     31     30     30     27       372.0      31.0 12
                         2017 30     30     31     34     36     35     31     31     29     27     30     28       372.0      31.0 12
                         2018 25            33     30            33     31     30     28     27                     237.0      29.6  8
                         2019               33            33            31     32            29                     158.0      31.6  5
                         2020               33     33     34     32     31     29     29     29     28     27       305.0      30.5 10
                         2021 27     28     30     31     34     32     29     29     26                            266.0      29.6  9

MINIMA                        24     27.5   26.5   30     31     31     29     28     26     26     26     23       158.0      29.0
MAXIMA                        30     33     36     38     40     39     37     38     34     35     33     30.5     398.0      33.2
MEDIA                         27.375 30.1   32.829 35.054 36.446 35.383 32.572 32.333 31.355 30.819 29.488 27.522   367.4      31.8
DESV. ESTANDAR                1.4721 1.6706 1.8126 2.3386 2.1146 2.0594 1.8012 1.966  1.6743 2.0092 1.744  1.4425    45.29      1.0


TEMP MAXIMA PROM
                         1974 25.193 26     28.354 30.48  32.003 30.29  27.129 28.419 27.35  26.467 25.106 22.596   329.4      27.4 12
                         1975        25.517 29.725 33.433 32.177 30.333 26.99  26.032 26.016 27.6   26.216 22.629   306.7      27.9 11
                         1976 23.08  25.317 28.935 29.233 30.241 29.983 25.125 26.335 26.523 25     20.566 21.225   311.6      26.0 12
                         1977 22.935 24.821 29.193 28.066 32.29  29.55  28.322 28.774 27.416 26.871 24.516 24.483   327.2      27.3 12
                         1978 23.516 22.303 27.596 32.25  33.758 30.5   30.435 27.548 26.233 23.854 25.566 24.258   327.8      27.3 12
                         1979 23.451 24.125 29.177 32.316 33.532 31.25  31.354 27.725 27.316 30.306 25.45  22.709   338.7      28.2 12
                         1980 23.193 24.224 29.887 31.05  34     33.266 31.612 29.096 28.5   27.741 24.166 21.967   338.7      28.2 12
                         1981 20.241 25.089 27.29  29.966 32.5   31.7   29.209 28.596 28.133 28     26.4   23.935   331.1      27.6 12
                         1982 25.935 27.678 30.354 33.666 32.387 33.033 28.435 29.161 28.116 26.274 25.583 22.516   343.1      28.6 12
                         1983 20.177 25.392 28.177 31.666 34.016 31.616 27.451 28.532 28.816 28.322 27.183 27.225   338.6      28.2 12
                         1984 24.274 25.81  30.564 33.85  31.548 31.566 26.08  28.661 26.183 29.79  27.366 24.935   340.6      28.4 12
                         1985 23.758 27.267 30.096 27.5   33.887 29.233 27.274 29.435 30.683 28.064 27.45  24.758   339.4      28.3 12
                         1986 22.854 26.839 24.483 33.4   34.016 29.066 28.645 30.822 30.166 27.08  27.816 24.887   340.1      28.3 12
                         1987 24     24.964 27.709 31.683 32.177 31.366 27.516 29.79  30.116 27.5   25.533 24.209   336.6      28.0 12
                         1988 23.403 26.362 27.29  30.633 34.403 30.75  27.387 27.629 28.066 27.338 28.15  25.209   336.6      28.1 12
                         1989 25.854 26.357 28.935 31.716 34.064 33.5   30.548 27.838 27.316 29.387 26.466 21.725   343.7      28.6 12
                         1990 23.419 23.732 28.951 31.366 33.629 30.2   27.322 27.854 27.1   26     26.3   25.354   331.2      27.6 12
                         1991 24.322 26.25  29.967 33.116 35.338 29.283 25.822 25.854 25.916 24.725 25.6   19.838   326.0      27.2 12
                         1992 19.403 22.965 27.838 26.733 27.241 29.916 26.967 26.338 25.533 23.322 23.366 22.145   301.8      25.1 12
                         1993 22.193 26.785        27.133 28.951 28.433 26.016 27.516 25.6   24.58  26.233 25.919   289.4      26.3 11
                         1994 24.096 25.267 27.354 28.016 31.419 27.85  28.871 27.177 25.9   25.5   25.033 24.112   320.6      26.7 12
                         1995 22.08  25.339 30.419 31.15  35.177 33.183 29.661 27.435 27.433 28.548 26.9   23.29    340.6      28.4 12
                         1996 24.661 27.379 27.403 30.633 34.241 31.066 30.741 29.112 27.166 25.967 24.833 24.725   337.9      28.2 12
                         1997 22.709 25.125 27.274 26.35  31     32.333 29.79  30.854 28.933 26.322 25.633 22.435   328.8      27.4 12
                         1998 23.306 24.66  28.629 32.95  35.516 34.083 30.741 28.629 27.133 25.645 26.6   25.451   343.3      28.6 12
                         1999 24.306 27.035 29.177 33.183 33.29  31.133 28.79  29.387 28.766 26.935 25.983 22.371   340.4      28.4 12
                         2000 24.629 26.793 27.709 30.683 31.79  28.816 30.129 28.774 29.616 28.032                 287.0      28.7 10
                         2001 24.419 27.392 29.58  32.833 31.064 30.466 31.387 30.354 28.333 27.806 24.9   25.096   343.6      28.6 12
                         2002 25.645 25.964 30.838 33.733 33.709 31.366 29.741 29.903 28.6   30.193 25.3   23.806   348.8      29.1 12
                         2003 24.322 27.785 28.935 32.133 35.564 32.133 29.548 29.032 27.5   27.129 27.633 23.806   345.5      28.8 12
                         2004 22.419 25.758 29.709 31.666 32.838 29.333 30.258 29.58  28.466 29.032 26.633 22.419   338.1      28.2 12
                         2005 24.193 24.892 27.483 33.533 33.709 34.333 30.741 28.516 27.6   28.871 26.566 24.161   344.6      28.7 12
                         2006 24.625 29.071 31.516 35.1   33.322 31.566 29.838 27.806 28     27.322 25.533 23       346.7      28.9 12
                         2007 23.064 26.25  30.806 31.6   33.516 31.2   29.741 29.258 27.966 28.483 26.133 26.161   344.2      28.7 12
                         2008 25.29  28.793 30.096 34.033 33.322 31.4   28.451 28.677 26.133 27.451 24.633 24.161   342.4      28.5 12
                         2009 25.258 27.75  30.258 33.366 33.967 33.166 32.161 32.032 29.066 28.871 25.2   22.967   354.1      29.5 12
                         2010 21.709 23.035 28.225 31.233 34.677 33.766 27.29  30.225 28.933 28.161 25.333 23.903   336.5      28.0 12
                         2011 24.709 29.178 31.087        35.709 32.266 29.483 29.806 28.1   26.709 24.9   24.741   316.7      28.8 11
                         2012 23.483 23.344 29.741 32.133 33.387 31.333 28.483 28.806 27.6   29.29  25.3   24.258   337.2      28.1 12
                         2013 23.032 27.464 28.032 33.1   32.58  32.4   29.354 28.483 24.966 26.612 22.6   23.096   331.7      27.6 12
                         2014 21.096 26.214 28.483 33.233 31.741 28.896 27.903 28.612 27.733 27.193 23.433 23.387   327.9      27.3 12
                         2015 23.871 23.964 24.354 27.8   29.612 28.133 26.967 29.419 28.3   26.935        24.322   293.7      26.7 11
                         2016 21.871 25.793 26.645 29.833 32.871 29.733 28.387 26.838 27.833 27.096 22.133 23.225   322.3      26.9 12
                         2017 24.064 25.142 26.871 30.066 32.838 32.5   28.129 27.709 25.566 24.516 26.666 24.419   328.5      27.4 12
                         2018 22.645        27.677 27.7          27.166 27.871 26.935 24.5   23.903                 208.4      26.0  8
                         2019               30.838        30.838        27.806 28.354        25.967                 143.8      28.8  5
                         2020               28.129 30.4   29.096 29.066 27.645 26.741 25.866 26.612 25.266 22.483   271.3      27.1 10
                         2021 23.096 25.035 27.548 29.6   28.871 26.2   24.871 25.709 23.966                        234.9      26.1  9

MINIMA                        19.403 22.303 24.354 26.35  27.241 26.2   24.871 25.709 23.966 23.322 20.566 19.838   143.8      25.1
MAXIMA                        25.935 29.178 31.516 35.1   35.709 34.333 32.161 32.032 30.683 30.306 28.15  27.225   354.1      29.5
MEDIA                         23.462 25.827 28.709 31.202 32.72  30.845 28.634 28.461 27.47  27.092 25.539 23.735   321.6      27.9
DESV. ESTANDAR                1.458  1.5933 1.5709 2.2094 1.9036 1.8607 1.734  1.3666 1.4799 1.6608 1.5138 1.4155    38.38      0.9


TEMP MEDIA MENS.
                         1974 13.395 13.741 16.435 18.66  20.825 21.431 19.756 20.072 19.466 16.943 14.571 13.016   208.3      17.4 12
                         1975        13.526 16.895 21.041 21.096 21.533 19.517 19.274 18.316 17.174 14.258 12.167   194.8      17.7 11
                         1976 12.048 12.644 16.911 18.3   19.712 21.266 19.285 18.929 19.043 16.793 13.033 14       202.0      16.8 12
                         1977 12.959 13.348 16.919 17.625 22.153 21.216 20.516 21.088 19.808 18.056 14.25  12.806   210.7      17.6 12
                         1978 12.266 11.946 15.975 20.358 22.411 22.25  22.056 20.266 19.725 16.491 15.491 14.177   213.4      17.8 12
                         1979 12.451 13.758 17.572 20.083 21.306 22.575 22.943 20.403 19.433 18.403 14.133 13.629   216.7      18.1 12
                         1980 12.564 14.146 17.79  19.4   22.959 23.425 22.774 21.362 20.741 18.532 14.775 13.201   221.7      18.5 12
                         1981 11.475 14.866 16.645 19.983 21.435 23.258 21.177 20.927 20.183 19.379 15.516 13.403   218.3      18.2 12
                         1982 13.967 15.187 18.016 21.8   22.879 23.958 21.112 20.911 20.141 17.669 14.625 12.822   223.1      18.6 12
                         1983 11.967 12.625 15.266 18.95  22.75  22.583 20     20.621 20.466 18.709 15.691 14.338   214.0      17.8 12
                         1984 13.725 14.172 17.677 20.091 20.75  22.225 19.314 20.346 19.066 19.491 15.725 14.153   216.7      18.1 12
                         1985 12.645 15.392 18.403 17.766 22.58  21.408 19.814 20.661 20.775 19.024 16.008 14.08    218.6      18.2 12
                         1986 11.935 14.125 13.169 21.45  22.895 21.3   20.379 21.411 20.616 18.209 17.1   13.895   216.5      18.0 12
                         1987 12.758 13.428 15.693 19.291 20.846 22.4   20.862 21.435 21.466 17.612 15.091 14.241   215.1      17.9 12
                         1988 12.621 15.836 16.516 19.533 22.548 22.108 20.596 20.572 20.1   17.871 16.383 14.379   219.1      18.3 12
                         1989 15.314 15.491 16.346 20.225 22.58  23.983 21.959 21.024 19.566 18.548 16.333 12.443   223.8      18.7 12
                         1990 14.33  14.357 17.943 20.183 23.451 22.441 20.871 20.846 20.075 18.298 16.075 14.008   222.9      18.6 12
                         1991 13.443 15.589 17.225 20.591 23.112 21.666 20.008 19.346 19.358 16.854 15.558 12.467   215.2      17.9 12
                         1992 12.379 13.301 17.419 16.95  19.427 21.691 20.403 19.758 19.275 16.79  14.191 13.508   205.1      17.1 12
                         1993 12.919 15.008        17.108 19.572 21.783 19.943 20.056 19.1   17.322 16.391 14.814   194.0      17.6 11
                         1994 13.395 15.062 16.782 17.966 22.193 21.141 21.096 20.54  19.641 18.169 16.216 14.677   216.9      18.1 12
                         1995 12.395 15.455 18.056 19.566 23.709 23.975 21.967 21.032 20.141 17.822 16.716 13.306   224.1      18.7 12
                         1996 12.645 15.543 16.177 18.866 24.112 22.4   22.225 21.362 20.008 17.838 14.858 14.169   220.2      18.4 12
                         1997 11.919 14.803 17.016 17.108 20.887 22.991 21.959 21.975 20.75  17.862 16.15  11.362   214.8      17.9 12
                         1998 11.967 12.205 16.387 19.858 22.903 24.675 22.516 21.33  20.9   18.693 16.733 14.048   222.2      18.5 12
                         1999 11.701 15.803 17.621 21.208 21.29  22.683 20.733 21.169 20.333 16.959 15.183 11.516   216.2      18.0 12
                         2000 12.58  14.793 16.298 19.591 21.967 21.258 21.266 20.645 20.591 19.129                 188.1      18.8 10
                         2001 13.774 16.089 17.419 21.65  21.532 21.966 22.241 21.935 20.666 18.016 15.975 14.5     225.8      18.8 12
                         2002 13.516 15.116 18.516 22.45  23.403 22.716 21.322 21.322 20.9   20.564 15.416 12.75    228.0      19.0 12
                         2003 13.524 16.125 18.951 21.316 24.04  23.383 21.419 21.016 20.85  18.129 16.908 11.798   227.5      19.0 12
                         2004 12.806 13.758 18.548 19.683 22.419 21.45  21.371 21.112 20.583 19.661 15.166 12.403   219.0      18.2 12
                         2005 13.354 15.464 15.806 20.733 21.709 23.516 22.403 20.612 19.683 18.717 15.275 13.112   220.4      18.4 12
                         2006 12.796 16.285 18.564 22.366 22.306 22.683 21.467 20.451 20.433 19.129 15.166 12.935   224.6      18.7 12
                         2007 14     14.535 18.483 19.933 22.419 22.566 21.612 21.29  20.133 18.645 15.316 14.338   223.3      18.6 12
                         2008 13.322 15.465 16.806 21.016 22.693 22.716 21.016 21.29  19.583 17.919 13.941 12.774   218.5      18.2 12
                         2009 13.935 15.339 18     19.9   22.741 23.883 22.645 22.741 21.2   20.193 14.45  12.693   227.7      19.0 12
                         2010 11.58  13.321 16.29  19.766 22.935 24.15  21.032 22.145 21.433 17.193 14.033 11.629   215.5      18.0 12
                         2011 12.411 16     18.606        22.741 23.133 21.274 21.338 19.916 16.975 13.883 13.193   199.5      18.1 11
                         2012 12.58  14.137 18.064 19.133 21.467 21.883 20.483 20.435 19.183 18.725 15.566 12.983   214.6      17.9 12
                         2013 12.822 14.91  15.725 18.966 21.306 22.533 20.629 20.403 18.35  18.564 15.316 13.225   212.8      17.7 12
                         2014 11.483 15     16.838 21.25  21.532 21.914 20.871 19.725 19.716 18.241 14.116 13.435   214.1      17.8 12
                         2015 14.129 14.339 15.79  19.166 20.516 20.85  19.774 20.887 20.1   18.145        14.048   197.7      18.0 11
                         2016 11.016 13.965 15.919 18.65  21.532 21.016 20.596 20.29  19.766 17.838 14.4   13.806   208.8      17.4 12
                         2017 13.145 14.392 16.451 18.4   21.516 23.233 20.951 21.032 19.383 17.467 15.916 14.241   216.1      18.0 12
                         2018 12.387        17.838 18.616        20.483 20.661 20.193 18.75  18.258                 147.2      18.4  8
                         2019               21.532        21.5          20.79  20.919        18.935                 103.7      20.7  5
                         2020               18.951 20.283 20.129 20.966 20.532 19.951 19.183 17.693 15.533 13.161   186.4      18.6 10
                         2021 13.016 14.589 16.774 19.116 20.403 19.85  19.193 19.306 18.366                        160.6      17.8  9

MINIMA                        11.016 11.946 13.169 16.95  19.427 19.85  19.193 18.929 18.316 16.491 13.033 11.362   103.7      16.8
MAXIMA                        15.314 16.285 21.532 22.45  24.112 24.675 22.943 22.741 21.466 20.564 17.1   14.814   228.0      20.7
MEDIA                         12.83  14.555 17.171 19.694 21.94  22.309 20.986 20.745 19.942 18.163 15.289 13.356   209.7      18.2
DESV. ESTANDAR                0.8709 1.0783 1.3064 1.3542 1.1448 1.07   0.957  0.7656 0.7826 0.9045 0.9423 0.8847    22.21      0.6


TEMP MINIMA EXT.
                         1974 -3     -3.5   1      1      3.5    6.5    8.5    7      6.5    4      -4     0         27.5       2.3 12
                         1975        -4     0      4      5.5    10     8      10.5   3      -1     -3.5   -6        26.5       2.4 11
                         1976 -5     -7     0      3      6      8      10.5   8      9      5      0      4         41.5       3.5 12
                         1977 -1     -1.5   -1     2      5.5    8.5    10     11     8      2.5    0      -2        42.0       3.5 12
                         1978 -4     -4     -2     2.5    5      11.5   11.5   11     9      4      1      1         46.5       3.9 12
                         1979 -3     -2     1.5    2.5    3      8      12     10     4.5    2      -4     0         34.5       2.9 12
                         1980 -2     0      0      1      7      10     11     11     10     6      1      0         55.0       4.6 12
                         1981 0      1      2      5      5      10.5   8      10     8      5.5    0      -2        53.0       4.4 12
                         1982 -2.5   -2     1      6      8      12.5   10.5   9.5    8.5    3.5    -1     -3        51.0       4.3 12
                         1983 -3     -3     -2     0      6.5    9      10     10     9      3      -1     -3        35.5       3.0 12
                         1984 -2.5   0      0      1      4.5    8      9      8      7      5      -2     -2        36.0       3.0 12
                         1985 -5.5   -1     2.5    3      8      9      9      9      8      3      0      -2.5      42.5       3.5 12
                         1986 -2     -3.5   -3     3.5    5      11     9      10     8      0      -2     -4        32.0       2.7 12
                         1987 -3     -3     -2.5   1.5    3      10     10.5   10.5   10     5      0      -1        41.0       3.4 12
                         1988 -3     1      0      3.5    6      8.5    11     9.5    6      5.5    2      1         51.0       4.3 12
                         1989 1      -1     -1     5      6      10.5   11     10.5   5      2.5    1.5    -2        49.0       4.1 12
                         1990 1.5    0      2      3      4.5    11.5   11.5   10.5   10     2      0      -2.5      54.0       4.5 12
                         1991 -4.5   0      0      1      5.5    10     12.5   10.5   7      3.5    -1.5   0         44.0       3.7 12
                         1992 1      -2     1      2.5    7.5    9      10.5   11     10     5      -1     2.5       57.0       4.8 12
                         1993 -1     -2            1      4      11     11     8      9      4.5    2.5    0         48.0       4.4 11
                         1994 -2     -1     3      4      7      11     10     11     10     7      2      -2        60.0       5.0 12
                         1995 -2     1      1      4      6      8      12     11     10     1      -2     1         51.0       4.3 12
                         1996 -2     -1     0      3      10     11     10     11     11     5      -2     0         56.0       4.7 12
                         1997 -5     -1     2      3      6      11     11     11     8      2      1      -7        42.0       3.5 12
                         1998 -3     -4     -2     3      4      12     12     11     12     6      3      -2        52.0       4.3 12
                         1999 -4     0      4      6      5      10     9      9      7      1      2.5    -3        46.5       3.9 12
                         2000 -4     -3     -1     4.5    7      11     9.5    11     4      5                       44.0       4.4 10
                         2001 -2     0      0      5      9      10     10     11     8      2      1      -2.5      51.5       4.3 12
                         2002 -3     -2     1      6      9      11     11     10     9      7      -2     -3        54.0       4.5 12
                         2003 -3     -1     4      5      10     12     10     11     9      2      0      -5        54.0       4.5 12
                         2004 -2     -4     0      3      8      10     10     10     10     6      -2     -5        44.0       3.7 12
                         2005 -1     0      0      4      5      8      10     10     7      1      -2     -3        39.0       3.3 12
                         2006 -9     -3     3      6      6      11     11     6      10     3      -3     -4        37.0       3.1 12
                         2007 0      -1     2      3      7      9      10     10     9      0      1      -2        48.0       4.0 12
                         2008 -3     -1     -2     2      7      12     10     10     6      4      -2.5   -3        39.5       3.3 12
                         2009 -1     0      2      2      5      11     10     10     10     6      0      -3        52.0       4.3 12
                         2010 -2     -2     -1     3      5      9      10     10     7      1      -3     -4.5      32.5       2.7 12
                         2011 -4     -1     1             4      10     10     10     6      1      -8     -3        26.0       2.4 11
                         2012 -4     -1     2      1      1      8      10     8      7      5      2      -3        36.0       3.0 12
                         2013 -2     -2     -4     1      2      10     10     9      8      4      0      -2        34.0       2.8 12
                         2014 -4     0      -2     5      3      11     10     8      8      4      -4     -3        36.0       3.0 12
                         2015 0      1      3      6      6      10     9      8      8      7             -2        56.0       5.1 11
                         2016 -4     -4     -1     3      6      10     10     10     9      4      0      -3        40.0       3.3 12
                         2017 -3     -1     0      1      6      10     12     12     10     5      -2     -6        44.0       3.7 12
                         2018 -3            4      5             12     11     12     12     9                       62.0       7.8  8
                         2019               9      5      9      12     12     11     11     7                       76.0       9.5  8
                         2020               6      7      9      8      11     11     6      4      2      -1        63.0       6.3 10
                         2021 -2     -1     4      5      7      12     12     10     11                             58.0       6.4  9

MINIMA                        -9     -7     -4     0      1      6.5    8      6      3      -1     -8     -7        26.0       2.3
MAXIMA                        1.5    1      9      7      10     12.5   12.5   12     12     9      3      4         76.0       9.5
MEDIA                         -2.566 -1.544 0.7978 3.351  5.9148 10.062 10.364 9.9479 8.302  3.8191 -0.697 -2.102    45.9       4.0
DESV. ESTANDAR                1.8877 1.7083 2.4353 1.7505 2.0144 1.4203 1.0705 1.2684 2.0072 2.178  2.2337 2.2088    10.44      1.3


TEMP MINIMA PROM
                         1974 1.5967 1.4821 4.5161 6.84   9.6483 12.573 12.383 11.725 11.583 7.4193 4.0366 3.4354    87.2       7.3 12
                         1975        1.5357 4.0645 8.65   10.016 12.733 12.045 12.516 10.616 6.7483 2.3    1.7064    82.9       7.5 11
                         1976 1.0161 -0.027 4.8871 7.3666 9.1838 12.55  13.445 11.522 11.563 8.5871 5.5    6.7741    92.4       7.7 12
                         1977 2.9838 1.875  4.6451 7.1833 12.016 12.883 12.709 13.403 12.2   9.2419 3.9833 1.129     94.3       7.9 12
                         1978 1.0161 1.5892 4.3548 8.4666 11.064 14     13.677 12.983 13.216 9.129  5.4166 4.0967    99.0       8.3 12
                         1979 1.4516 3.3928 5.9677 7.85   9.0806 13.9   14.532 13.08  11.55  6.5    2.8166 4.5483    94.7       7.9 12
                         1980 1.9354 4.0689 5.6935 7.75   11.919 13.583 13.935 13.629 12.983 9.3225 5.3833 4.4354   104.6       8.7 12
                         1981 2.7096 4.6428 6      10     10.371 14.816 13.145 13.258 12.233 10.758 4.6333 2.8709   105.4       8.8 12
                         1982 2      2.6964 5.6774 9.9333 13.371 14.883 13.79  12.661 12.166 9.0645 3.6666 3.129    103.0       8.6 12
                         1983 3.758  -0.142 2.3548 6.2333 11.483 13.55  12.548 12.709 12.116 9.0967 4.2    1.4516    89.4       7.4 12
                         1984 3.1774 2.5344 4.7903 6.3333 9.9516 12.883 12.548 12.032 11.95  9.1935 4.0833 3.3709    92.8       7.7 12
                         1985 1.5322 3.5178 6.7096 8.0333 11.274 13.583 12.354 11.887 10.866 9.9838 4.5666 3.4032    97.7       8.1 12
                         1986 1.0161 1.4107 1.8548 9.5    11.774 13.533 12.112 12     11.066 9.3387 6.3833 2.9032    92.9       7.7 12
                         1987 1.5161 1.8928 3.6774 6.9    9.5161 13.433 14.209 13.08  12.816 7.7258 4.65   4.2741    93.7       7.8 12
                         1988 1.8387 5.3103 5.7419 8.4333 10.693 13.466 13.806 13.516 12.133 8.4032 4.6166 3.5483   101.5       8.5 12
                         1989 4.7741 4.625  3.758  8.7333 11.096 14.466 13.371 14.209 11.816 7.7096 6.2    3.1612   103.9       8.7 12
                         1990 5.2419 4.9821 6.9354 9      13.274 14.683 14.419 13.838 13.05  10.596 5.85   2.6612   114.5       9.5 12
                         1991 2.5645 4.9285 4.4838 8.0666 10.887 14.05  14.193 12.838 12.8   8.9838 5.5166 5.0967   104.4       8.7 12
                         1992 5.3548 3.6379 7      7.1666 11.612 13.466 13.838 13.177 13.016 10.258 5.0166 4.8709   108.4       9.0 12
                         1993 3.6451 3.2321        7.0833 10.193 15.133 13.871 12.596 12.6   10.064 6.55   3.7096    98.7       9.0 11
                         1994 2.6935 4.8571 6.2096 7.9166 12.967 14.433 13.322 13.903 13.383 10.838 7.4    5.2419   113.2       9.4 12
                         1995 2.7096 5.5714 5.6935 7.9833 12.241 14.766 14.274 14.629 12.85  7.0967 6.5333 3.3225   107.7       9.0 12
                         1996 0.629  3.7069 4.9516 7.1    13.983 13.733 13.709 13.612 12.85  9.7096 4.8833 3.6129   102.5       8.5 12
                         1997 1.129  4.4821 6.758  7.8666 10.774 13.65  14.129 13.096 12.566 9.4032 6.6666 0.2903   100.8       8.4 12
                         1998 0.629  -0.25  4.1451 6.7666 10.29  15.266 14.29  14.032 14.666 11.741 6.8666 2.6451   101.1       8.4 12
                         1999 -0.903 4.5714 6.0645 9.2333 9.2903 14.233 12.677 12.951 11.9   6.9838 4.3833 0.6612    92.0       7.7 12
                         2000 0.5322 2.7931 4.8871 8.5    12.145 13.7   12.403 12.516 11.566 10.225                  89.3       8.9 10
                         2001 3.129  4.7857 5.258  10.466 12     13.466 13.096 13.516 13     8.2258 7.05   3.9032   107.9       9.0 12
                         2002 1.3871 4.2678 6.1935 11.166 13.096 14.066 12.903 12.741 13.2   10.935 5.5333 1.6935   107.2       8.9 12
                         2003 2.7258 4.4642 8.9677 10.5   12.516 14.633 13.29  13     14.2   9.129  6.1833 -0.209   109.4       9.1 12
                         2004 3.1935 1.7586 7.3871 7.7    12     13.566 12.483 12.645 12.7   10.29  3.7    2.3871    99.8       8.3 12
                         2005 2.5161 6.0357 4.129  7.9333 9.7096 12.7   14.064 12.709 11.766 8.5645 3.9833 2.0645    96.2       8.0 12
                         2006 0.9677 3.5    5.6129 9.6333 11.29  13.8   13.096 13.096 12.866 10.935 4.8    2.8709   102.5       8.5 12
                         2007 4.9354 2.8214 6.1612 8.2666 11.322 13.933 13.483 13.322 12.3   8.8064 4.5    2.5161   102.4       8.5 12
                         2008 1.3548 2.1379 3.5161 8      12.064 14.033 13.58  13.903 13.033 8.3871 3.25   1.3871    94.6       7.9 12
                         2009 2.6129 2.9285 5.7419 6.4333 11.516 14.6   13.129 13.451 13.333 11.516 3.7    2.4193   101.4       8.4 12
                         2010 1.4516 3.6071 4.3548 8.3    11.193 14.533 14.774 14.064 13.933 6.2258 2.7333 -0.645    94.5       7.9 12
                         2011 0.1129 2.8214 6.125         9.7741 14     13.064 12.871 11.733 7.2419 2.8666 1.6451    82.3       7.5 11
                         2012 1.6774 4.931  6.3871 6.1333 9.5483 12.433 12.483 12.064 10.766 8.1612 5.8333 1.7096    92.1       7.7 12
                         2013 2.6129 2.3571 3.4193 4.8333 10.032 12.666 11.903 12.322 11.733 10.516 8.0333 3.3548    93.8       7.8 12
                         2014 1.8709 3.7857 5.1935 9.2666 11.322 14.933 13.838 10.838 11.7   9.2903 4.8    3.4838   100.3       8.4 12
                         2015 4.3871 4.7142 7.2258 10.533 11.419 13.566 12.58  12.354 11.9   9.3548        3.7741   101.8       9.3 11
                         2016 0.1612 2.1379 5.1935 7.4666 10.193 12.3   12.806 13.741 11.7   8.5806 6.6666 4.3871    95.3       7.9 12
                         2017 2.2258 3.6428 6.0322 6.7333 10.193 13.966 13.774 14.354 13.2   10.419 5.1666 4.0645   103.8       8.6 12
                         2018 2.129         8      9.5333        13.8   13.451 13.451 13     12.612                  86.0      10.7  8
                         2019               12.225 8.4333 12.161 15.133 13.774 13.483 12.933 11.903                 100.0      12.5  8
                         2020               9.7741 10.166 11.161 12.866 13.419 13.161 12.5   8.7741 5.8    3.8387   101.5      10.1 10
                         2021 2.9354 4.1428 6      8.6333 11.935 13.5   13.516 12.903 12.766                         86.3       9.6  9

MINIMA                        -0.903 -0.25  1.8548 4.8333 9.0806 12.3   11.903 10.838 10.616 6.2258 2.3    -0.645    82.3       7.3
MAXIMA                        5.3548 6.0357 12.225 11.166 13.983 15.266 14.774 14.629 14.666 12.612 8.0333 6.7741   114.5      12.5
MEDIA                         2.1985 3.2835 5.6323 8.1919 11.161 13.801 13.338 13.029 12.424 9.2339 5.0396 2.9772    98.5       8.5
DESV. ESTANDAR                1.3925 1.5275 1.8042 1.3569 1.2018 0.7779 0.7186 0.7708 0.8586 1.4737 1.3505 1.4916     7.51      0.9


