COMISIÓN NACIONAL DEL AGUA
COORDINACIÓN GENERAL DEL SERVICIO METEOROLÓGICO NACIONAL
PROYECTO DE BASES DE DATOS CLIMATOLÓGICOS
    
                         AÑO  ENE    FEB    MAR    ABR    MAY    JUN    JUL    AGO    SEP    OCT    NOV    DIC  ACUMULADO  MEDIA  MESES
00001076
LOS NEGRITOS, AGUASCALIE
DIAS CON GRANIZO
                         1979                                                                              0          0.0       0.0  1
                         1980 0      0      0      0      0      0      0      0      0      0      0      0          0.0       0.0 12
                         1981 0      0      0      0      0      0      0      0      0      0      0      0          0.0       0.0 12
                         1982 0      0      0      0      0      0      0      0      0      0      0      0          0.0       0.0 12
                         1983 0      0      0      0      0      0      0      0      0      0      0      0          0.0       0.0 12
                         1984 0      0      0      0      0      0      0      0      0      0      0      0          0.0       0.0 12
                         1985 0      0      0      0      0      0      0      0      0      0      0      0          0.0       0.0 12
                         1986 0      0      0      0      0      0      0      0      0      0      0      0          0.0       0.0 12
                         1987 0      0      0      0      0      0      0      0      0      0      0      0          0.0       0.0 12
                         1988 0      0      0      0      0      0      0      0      0      0      0      0          0.0       0.0 12
                         1989 0      0      0      0      0      0      0      0      0      0      0      0          0.0       0.0 12
                         1990 0      0      0      0      0      0      0      0      0      0      0      0          0.0       0.0 12
                         1991 0      0      0      0      0      0      0      0      0      0      0      0          0.0       0.0 12
                         1992 0      0      0      0      0      0      0      0      0      0      0      0          0.0       0.0 12
                         1993 0      0      0      0      0      0      0      0      0      0      0      0          0.0       0.0 12
                         1994 0      0      0      0      0      0      0      0      0      0      0      0          0.0       0.0 12
                         1995 0      0      0      0             0             0      0      0      0      0          0.0       0.0 10
                         1996 0      0      0      0      0      0      0      0      0      0      0      0          0.0       0.0 12
                         1997 0      0      0      0      0      0      0      0      0      0      0      0          0.0       0.0 12
                         1998 0      0      0      0      0      0      0      0      0      0      0      0          0.0       0.0 12
                         1999 0      0      0      0      0      0      0      0      0      0      0      0          0.0       0.0 12
                         2000 0      0      0      0      0      0      0      0      0      0      0      0          0.0       0.0 12
                         2001 0      0      0      0      0      0      0      0      0      0      0      0          0.0       0.0 12
                         2002 0      0      0      0      0      0      0      0      0      0      0      0          0.0       0.0 12
                         2003 0      0      0      0      0      0      0      0      0      0      0      0          0.0       0.0 12
                         2004 0      0      0      0      0      0      0      0      0      0      0      0          0.0       0.0 12
                         2005 0      0      0      0      0      0      0      0      0      0      0      0          0.0       0.0 12
                         2006 0      0      0      0      0      0      0      0      0      0      0      0          0.0       0.0 12
                         2007 0      0      0      0      0      0      0      0      0      0      0      0          0.0       0.0 12
                         2008 0      0      0      0      0      0      0      0      0      0      0      0          0.0       0.0 12
                         2009 0      0      0      0      0      0      0      0      0      0      0      0          0.0       0.0 12
                         2010 0      0      0      0      0      0      0      0      0      0      0      0          0.0       0.0 12
                         2011 0      0      0      0             0      0      0      0      0      0      0          0.0       0.0 11
                         2012 0      0      0      0      1      0      0      0      0      0      0      0          1.0       0.1 12
                         2013 0      0      0      0      0             0                    0      0      0          0.0       0.0  9
                         2014 0      0      0      0             1      0      0      0      0      0      0          1.0       0.1 11
                         2015 0      0      0      0      0      0      0      0      0      0      0      0          0.0       0.0 12
                         2016 0      0      1      1      0      0      0      1      0      0      0      0          3.0       0.3 12
                         2017 0      0      0      0      0      0      2      0      0      0      0      0          2.0       0.2 12

MINIMA                        0      0      0      0      0      0      0      0      0      0      0      0          0.0       0.0
MAXIMA                        0      0      1      1      1      1      2      1      0      0      0      0          3.0       0.3
MEDIA                         0      0      0.0263 0.0263 0.0285 0.027  0.054  0.027  0      0      0      0          0.2       0.0
DESV. ESTANDAR                0      0      0.1622 0.1622 0.169  0.1644 0.3288 0.1644 0      0      0      0          0.60      0.1


DIAS CON NIEBLA 
                         1979                                                                              0          0.0       0.0  1
                         1980 0      1      0      0      0      0      0      0      0      0      1      0          2.0       0.2 12
                         1981 1      0      0      0      0      0      0      0      0      0      0      0          1.0       0.1 12
                         1982 0      0      0      0      0      0      0      0      0      0      0      0          0.0       0.0 12
                         1983 0      0      0      0      0      0      0      0      0      0      0      0          0.0       0.0 12
                         1984 0      0      0      0      0      0      0      0      0      0      0      0          0.0       0.0 12
                         1985 0      0      0      0      0      1      1      1      0      1      0      0          4.0       0.3 12
                         1986 0      0      0      0      0      0      1      0      0      0      1      0          2.0       0.2 12
                         1987 0      1      0      0      0      1      0      0      0      0      0      0          2.0       0.2 12
                         1988 0      0      0      0      0      0      0      0      0      0      0      0          0.0       0.0 12
                         1989 0      0      0      0      0      0      0      0      0      0      0      0          0.0       0.0 12
                         1990 0      0      0      0      0      0      0      0      0      0      0      0          0.0       0.0 12
                         1991 0      0      0      0      0      0      0      0      0      0      0      0          0.0       0.0 12
                         1992 4      1      0      0      0      0      0      0      0      0      0      0          5.0       0.4 12
                         1993 0      0      0      0      0      0      0      0      0      0      0      0          0.0       0.0 12
                         1994 0      0      0      0      0      0      0      0      0      0      0      0          0.0       0.0 12
                         1995 0      0      0      0             0             0      0      0      0      0          0.0       0.0 10
                         1996 0      0      0      0      0      0      0      0      0      0      0      0          0.0       0.0 12
                         1997 0      0      0      0      0      0      0      0      0      0      1      0          1.0       0.1 12
                         1998 0      0      0      0      0      2      0      0      0      0      0      0          2.0       0.2 12
                         1999 0      0      0      0      0      0      0      0      0      0      0      0          0.0       0.0 12
                         2000 0      0      0      0      0      0      0      0      0      0      0      0          0.0       0.0 12
                         2001 0      0      0      0      0      0      0      0      0      0      0      0          0.0       0.0 12
                         2002 0      0      0      0      0      0      0      0      0      0      0      0          0.0       0.0 12
                         2003 0      0      0      0      0      0      0      0      0      0      0      0          0.0       0.0 12
                         2004 0      0      0      0      0      0      0      0      0      0      0      0          0.0       0.0 12
                         2005 0      0      0      0      0      0      0      0      0      0      0      0          0.0       0.0 12
                         2006 0      0      0      0      0      0      0      0      0      0      0      0          0.0       0.0 12
                         2007 1      0      0      0      0      0      0      0      0      0      0      0          1.0       0.1 12
                         2008 0      0      0      0      0      0      0      0      0      0      0      0          0.0       0.0 12
                         2009 0      0      0      0      0      0      0      0      0      0      0      0          0.0       0.0 12
                         2010 0      0      0      0      0      0      0      0      0      0      0      0          0.0       0.0 12
                         2011 0      0      0      0             0      0      0      0      0      0      0          0.0       0.0 11
                         2012 0      0      0      0      0      0      0      0      0      1      2      0          3.0       0.3 12
                         2013 1      0      0      0      0             0                    15     12     2         30.0       3.3  9
                         2014 8      0      0      0             0      0      0      0      0      0      0          8.0       0.7 11
                         2015 0      0      0      0      0      2      3      2      5      9      1      1         23.0       1.9 12
                         2016 1      1      0      0      0      4      5      5      4      6      1      1         28.0       2.3 12
                         2017 0      0      0      0      0      1      2      5      8      8      4      2         30.0       2.5 12

MINIMA                        0      0      0      0      0      0      0      0      0      0      0      0          0.0       0.0
MAXIMA                        8      1      0      0      0      4      5      5      8      15     12     2         30.0       3.3
MEDIA                         0.421  0.1052 0      0      0      0.2973 0.3243 0.3513 0.4594 1.0526 0.6052 0.1538     3.6       0.3
DESV. ESTANDAR                1.445  0.311  0      0      0      0.8118 1.0015 1.1836 1.643  3.1446 2.0472 0.4887     8.47      0.8


DIAS CON TORMEN.
                         1979                                                                              0          0.0       0.0  1
                         1980 0      0      0      0      0      0      0      0      0      0      0      0          0.0       0.0 12
                         1981 0      0      0      0      0      0      0      0      0      0      0      0          0.0       0.0 12
                         1982 0      0      0      0      0      0      0      2      0      0      0      0          2.0       0.2 12
                         1983 0      0      0      0      0      0      0      0      0      0      0      0          0.0       0.0 12
                         1984 0      0      0      0      0      0      0      0      0      0      0      0          0.0       0.0 12
                         1985 0      0      0      0      0      2      0      2      0      0      0      0          4.0       0.3 12
                         1986 0      0      0      0      0      0      2      0      0      0      0      0          2.0       0.2 12
                         1987 0      0      0      0      0      0      0      0      0      0      0      0          0.0       0.0 12
                         1988 0      0      0      0      0      0      0      0      0      0      0      0          0.0       0.0 12
                         1989 0      0      0      0      0      0      0      0      0      0      0      0          0.0       0.0 12
                         1990 0      0      0      0      0      0      0      0      0      0      0      0          0.0       0.0 12
                         1991 0      0      0      0      0      0      0      0      0      0      0      0          0.0       0.0 12
                         1992 0      0      0      0      0      0      0      0      0      0      0      0          0.0       0.0 12
                         1993 0      0      0      0      0      0      0      0      0      0      0      0          0.0       0.0 12
                         1994 0      0      0      0      0      0      0      0      0      0      0      0          0.0       0.0 12
                         1995 0      0      0      0             0             0      0      0      0      0          0.0       0.0 10
                         1996 0      0      0      0      0      0      0      0      0      0      0      0          0.0       0.0 12
                         1997 0      0      0      0      0      0      0      0      0      0      0      0          0.0       0.0 12
                         1998 0      0      0      0      0      0      0      0      0      0      0      0          0.0       0.0 12
                         1999 0      0      0      0      0      0      0      0      0      0      0      0          0.0       0.0 12
                         2000 0      0      0      0      0      0      0      0      0      0      0      0          0.0       0.0 12
                         2001 0      0      0      0      0      0      0      0      0      0      0      0          0.0       0.0 12
                         2002 0      0      0      0      0      0      0      0      0      0      0      0          0.0       0.0 12
                         2003 0      0      0      0      0      0      1      0      0      0      0      0          1.0       0.1 12
                         2004 0      0      0      0      0      0      0      0      0      0      0      0          0.0       0.0 12
                         2005 0      0      0      0      0      0      0      0      0      0      0      0          0.0       0.0 12
                         2006 0      0      0      0      0      0      0      0      0      0      0      0          0.0       0.0 12
                         2007 0      0      0      0      0      0      0      0      0      0      0      0          0.0       0.0 12
                         2008 0      0      0      0      0      0      0      0      0      0      0      0          0.0       0.0 12
                         2009 0      0      0      0      0      0      0      0      0      0      0      0          0.0       0.0 12
                         2010 0      0      0      0      0      0      0      0      0      0      0      0          0.0       0.0 12
                         2011 0      0      0      0             0      0      0      3      0      0      0          3.0       0.3 11
                         2012 0      0      0      0      0      0      2      3      2      0      0      0          7.0       0.6 12
                         2013 0      0      0      0      1             0                    3      1      1          6.0       0.7  9
                         2014 1      0      0      0             0      0      0      0      0      0      0          1.0       0.1 11
                         2015 0      0      0      0      0      0      0      2      0      2      0      1          5.0       0.4 12
                         2016 0      0      0      0      0      5      15     5      3      1      0      0         29.0       2.4 12
                         2017 0      0      1      0      0      0      8      2      0      0      0      0         11.0       0.9 12

MINIMA                        0      0      0      0      0      0      0      0      0      0      0      0          0.0       0.0
MAXIMA                        1      0      1      0      1      5      15     5      3      3      1      1         29.0       2.4
MEDIA                         0.0263 0      0.0263 0      0.0285 0.1891 0.7567 0.4324 0.2162 0.1579 0.0263 0.0512     1.8       0.2
DESV. ESTANDAR                0.1622 0      0.1622 0      0.169  0.8768 2.7729 1.0939 0.7503 0.5939 0.1622 0.2234     5.07      0.4


EVAPORACION MEN.
                         1979                                                                              94.6      94.6      94.6  1
                         1980 110.13 128.41 230    242.8  287.5  264.9  209.1  134.34 120.9  128.4  106.9  82.9   2,046.3     170.5 12
                         1981 85.5   127.59 201.2  215.56 252.5  227.78 184.3  167.9  139.42 141.6  124.3  101.8  1,969.5     164.1 12
                         1982 128.72 161.1  220    253    258.1  266.2  189    174.7  167.9  112.2  136.5  91.98  2,159.4     180.0 12
                         1983 104.5  162.5  254.7  216.2  290.2  232.8  143.1  159.5  118.2  146.7  127.9  134.1  2,090.4     174.2 12
                         1984 118.3  164.2  267    218.6  264.6  197.3  126.5  136.1  131.9  131.3  128.5  105.4  1,989.7     165.8 12
                         1985 133.7  165.9  136.4  119.1  278.2  194.3  158.4  133    151    139.3  116.1  115.3  1,840.7     153.4 12
                         1986 128.4  162.2  226.7  155.8  174.7  168.4  132.5  188.9  124.7  108.1  115    117    1,802.4     150.2 12
                         1987 116.7  132.6  224.4  221.4  237.4  158.9  159    168.8  193.6  169.3  135.6  120.2  2,037.9     169.8 12
                         1988 123    148.3  203.5  239.6  274.6  193    181.4  138.6  133.8  157.68 162.54 153.8  2,109.8     175.8 12
                         1989 148.6  142.8  226.4  210.7  239.6  204.8  175.9  114.5  109.9  118.5  124.9  112.2  1,928.8     160.7 12
                         1990 109    102.1  200.8  235.5  216.6  222.1  152.9  134.8  138.2  105.58 114.93 115.08 1,847.6     154.0 12
                         1991 108.78 161.89 278.15 288.61 293.25 215.32 111.96 160.37 97.39  118.66 109.83 76.19  2,020.4     168.4 12
                         1992 64.64  138.53 179.49 186.4  148.23 152.39 153    146.56 133.13 117.11 108.2  100.23 1,627.9     135.7 12
                         1993 89.63  181.99 242.95 231.42 238.59 148.09 148.42 161.61 116.67 123.81 109.13 96.36  1,888.7     157.4 12
                         1994 110.24                      207.91 155.13 189.99 115.11 111.66 116.08 104.69 109.85 1,220.7     135.6  9
                         1995 100.95 99.07  212.52 289.78                      217.28 144.89 172.83 147.47 119.32 1,504.1     167.1  9
                         1996 146.36 164.43 170.83 220.69 234.41 201.55 205.28 189.75 200.94 168.72 123.8  126.07 2,152.8     179.4 12
                         1997 135.29 121.5  167.68 166.58 191.08 186.93 195.55 208.99 165.25 157.73 130.07 116.28 1,942.9     161.9 12
                         1998 148.61 190.88 262.1  294.08 236.38 228.11 176.11 167.9  115.12 180.84 161.3  156.25 2,317.7     193.1 12
                         1999 197.37 184.8  233    247.42 253.9  186.93 182.53 195.35 175.43 207.87 165.22 165.61 2,395.4     199.6 12
                         2000 159.53 181.14 234.06 255.59 240.38 212.5  217.82 160.16 171.1  164.34 156.49 133.58 2,286.7     190.6 12
                         2001 152.18 160.22 210.18 191.49 247.37 178.84 189.91 155.35 148.44 173.87 142.09 155.04 2,105.0     175.4 12
                         2002 160.9  163.07 252.74 218.22 207.17 181.71 123.07 151.55 132.58 156.62 133.18 108.22 1,989.0     165.8 12
                         2003 159.63 180.57 201.87 214.47                                           106.91 121.59   985.0     164.2  6
                         2004 163.95 196.16 178.93 205.85 190.67 135.4  171.4  163.21 117.2  114.13 137.91 93.77  1,868.6     155.7 12
                         2005 135.32 100.76 226.2  213.26 230.24 263.6  170.75 132.15 142.62 174.24 136.2  128.27 2,053.6     171.1 12
                         2006 133.5  161.19 226.15 255.58 253.84 176.06 181.58 154.49 103.45 131.95 113.2  85.45  1,976.4     164.7 12
                         2007 86.01  141.3  212.46 232.65 279.18 192.02 146.13 154.05 162.8  148.15 118.12 137.12 2,010.0     167.5 12
                         2008 141.12 159.25 209.3  286.88 254.18 178.26 170.74 122.77 136.18 144.58 131.59 110.05 2,044.9     170.4 12
                         2009 133.15 158.73 222.37 223.82 262.23 210.65 171.17 187.58 131.54 155.47 124.5  111.17 2,092.4     174.4 12
                         2010 88.94  128.37 210.87 205.74 285.07 190.36 191.5  207.88 166.89 169.25 131.2         1,976.1     179.6 11
                         2011 146.77 168.83 222.4                250.91 106.03 136.13 163.62 161.59 146.2  145.55 1,648.0     164.8 10
                         2012 130.63 120.45 210.53 227.72 251.13 209.43 162.45 129.85 166.92 185.77 152.71 152.19 2,099.8     175.0 12
                         2013 160    188.9  191.67 184.43 266.27        143.85               99.9   73.43  96.64  1,405.1     156.1  9
                         2014 86.31  124.56 188.89 233.92        191    175.54 184.33 143.74 118.61 92.79  93.99  1,633.7     148.5 11
                         2015 91.55  93.02  130.52 170.1  227.5  158.8  165.68 168.49 139.84 119.5  85.3   79.5   1,629.8     135.8 12
                         2016 90.64  124.54 180.77 210.71 270.81 214.68 193.97 154.42 130.77 103.51 83.8   88.58  1,847.2     153.9 12
                         2017 108.73 129.42 168.9  193.38 262.66 220.26 167.45 138.9  106.23 84.63  72.09  75.02  1,727.7     144.0 12

MINIMA                        64.64  93.02  130.52 119.1  148.23 135.4  106.03 114.5  97.39  84.63  72.09  75.02     94.6      94.6
MAXIMA                        197.37 196.16 278.15 294.08 293.25 266.2  217.82 217.28 200.94 207.87 165.22 165.61 2,395.4     199.6
MEDIA                         124.66 149.22 211.26 221.58 244.3  199.12 167.33 158.76 140.38 141.3  123.43 113.84 1,855.6     163.3
DESV. ESTANDAR                28.755 27.661 33.005 37.712 34.012 33.256 26.569 26.369 25.14  28.702 23.284 24.006   405.88     18.4


LLUVIA MAX 24 H.
                         1979                                                                              34        34.0      34.0  1
                         1980 24.8   13.2   0      6.7    3      20     15.2   81     43.2   17     22.5   13.3     259.9      21.7 12
                         1981 20.5   12     2.8    28.3   9      24.9   16.2   24.7   6.3    11.3   0      7.9      163.9      13.7 12
                         1982 0      0      3      1.8    8.5    5.3    31.1   22.5   8      27.5   26.5   12.1     146.3      12.2 12
                         1983 10.4   0      0.7    4      38.5   32.1   46.3   46.9   23.5   17.2   6.8    0        226.4      18.9 12
                         1984 9.2    2.3    0      0      18.5   26     40     14     14     7      3      3        137.0      11.4 12
                         1985 2      1      0      1      12     26     20     23     6      13     0      6        110.0       9.2 12
                         1986 0      7      0      0      4      36     43     14     13     51     25     3        196.0      16.3 12
                         1987 12     17     0      10     16     11     43     25     22     0      0      0        156.0      13.0 12
                         1988 11     0      4      16     0      20     29     30     26     0      0      0        136.0      11.3 12
                         1989 0      0      0      0      32     18     13     33     22.6   8      12     21       159.6      13.3 12
                         1990 6      7      0      1      8      8      26     37     26     22.6   0      0        141.6      11.8 12
                         1991 0      3      0      0      0      5      48     44     42     8      0      9        159.0      13.3 12
                         1992 36     1.2    1      2      12     24     48     40     23     48     11     7        253.2      21.1 12
                         1993 8.5    0      0      0.6    3.5    24     26     21.5   12.4   6      0      0        102.5       8.5 12
                         1994 5.5    0      0      21     2.4    30     22.6   15     13.5   20     1.2    0        131.2      10.9 12
                         1995 2      0      0      0             2             78.5   42.5   0      5.9    14       144.9      14.5 10
                         1996 0      7      9      17.5   1.5    16.6   13     25     38     29     2      0        158.6      13.2 12
                         1997 33.5   0      5      14     4.5    20     32     5.2    14.4   22     5.2    0        155.8      13.0 12
                         1998 0      0      0      0      0      36     30.5   34.5   33     22     0      0        156.0      13.0 12
                         1999 0      0      0      0      2      18.2   33.6   59.5   58     4.8    0      0        176.1      14.7 12
                         2000 0      0      0      5      62.5   41     23.5   12     29     8.5    0      17       198.5      16.5 12
                         2001 0      5      25     9.5    14     30     35     47.5   42     13.5   0      3.5      225.0      18.8 12
                         2002 43     7      0      1      25     18     40     33     18     13.5   19     0        217.5      18.1 12
                         2003 8      0      0      1.5    26.5   40     53     20     45.5   20     0      0        214.5      17.9 12
                         2004 11.8   0      10.5   0      13     45     41     32     41     8      6      0        208.3      17.4 12
                         2005 0      26     4.5    0      0      41.4   18     30.6   18     13     0      0        151.5      12.6 12
                         2006 3      0      0      0      33     20     29     16     40.1   36     32     12.5     221.6      18.5 12
                         2007 16.5   13     0      0      2      63     17     20     20.6   12     1      4        169.1      14.1 12
                         2008 0      4      0      18     1.5    50     33     54.2   10     0      0      0        170.7      14.2 12
                         2009 0      0      0      2      6      24     20     96     59     25     12     0        244.0      20.3 12
                         2010 23     38     0      0      18     22     46     20     43.5   0      0               210.5      19.1 11
                         2011 0      0      0      0             35     10     34.8   56.8   14.5   0      0        151.1      13.7 11
                         2012 15.6   15.3   0      0      7.5    24.2   52.5   24.5   26.7   3.8    2.2    21.6     193.9      16.2 12
                         2013 51.8   0      0      0      10.3          29.5                 16     20     21.3     148.9      16.5  9
                         2014 1.3    0      3      0             27     29     36.5   43     13     10     8        170.8      15.5 11
                         2015 0      11     50     7      5      42.5   45.5   14     55     34     4.5    26.5     295.0      24.6 12
                         2016 0      8      10     12     3.5    30     48.5   53.5   26     3      21     0        215.5      18.0 12
                         2017 0      1      4.5    0      0      40     28     31     50     12.5   0      36       203.0      16.9 12

MINIMA                        0      0      0      0      0      2      10     5.2    6      0      0      0         34.0       8.5
MAXIMA                        51.8   38     50     28.3   62.5   63     53     96     59     51     32     36       295.0      34.0
MEDIA                         9.3526 5.2368 3.5    4.7342 11.52  26.924 31.756 33.781 30.043 15.281 6.5473 7.3868   177.3      15.8
DESV. ESTANDAR                13.279 8.2657 9.0934 7.2753 13.599 13.14  12.271 20.102 15.734 12.444 9.1889 10.06     48.68      4.6


LLUVIA TOTAL MEN
                         1979                                                                              56.3      56.3      56.3  1
                         1980 53.4   21.7   0      14.3   7      37     86.5   180.9  102.9  39.5   43.3   30.8     617.3      51.4 12
                         1981 54.3   16     5.7    33     25.6   77     70.1   67.1   14.5   27.5   0      10.1     400.9      33.4 12
                         1982 0      0      3      1.8    19.4   8.5    112.5  63.7   16.6   64.9   42.5   32.5     365.4      30.5 12
                         1983 32.6   0      0.7    4      52.7   58.3   186.6  121.6  99.1   49.4   18.5   0        623.5      52.0 12
                         1984 20.2   3.8    0      0      29.9   120.1  136    67     49     11     3      8        448.0      37.3 12
                         1985 2.2    1      0      1      21     169    74     76     16     16     0      12       388.2      32.4 12
                         1986 0      7      0      0      4      160    97     45     72     103    39     3        530.0      44.2 12
                         1987 16     45     0      25     42.4   29     152    63     76     0      0      0        448.4      37.4 12
                         1988 11     0      6      23     0      80     140.5  119.5  63     0      0      0        443.0      36.9 12
                         1989 0      0      0      0      32     54     44     183    95.9   10     12.1   58       489.0      40.8 12
                         1990 11.1   28     0      1      14     22     107    272    74     57.8   0      0        586.9      48.9 12
                         1991 0      5      0      0      0      16     373    91     109.7  11     0      20       625.7      52.1 12
                         1992 179.5  2.2    1      2      35.5   38     102    98.2   40     88.5   17     7        610.9      50.9 12
                         1993 16.8   0      0      1      4.1    121.9  103.4  72     53     12     0      0        384.2      32.0 12
                         1994 5.5    0      0      21     2.7    113    44.1   108.7  72.5   33     1.7    0        402.2      33.5 12
                         1995 4.1    0      0      0             2             216.2  121    0      17.2   15.8     376.3      37.6 10
                         1996 0      7      9      19     2.7    39.6   22.5   128.6  126.1  70.3   2      0        426.8      35.6 12
                         1997 34.5   0      9      43     7.5    48.5   95     10.7   31.9   41.5   9.7    0        331.3      27.6 12
                         1998 0      0      0      0      0      104.5  81.4   96.2   140.6  37.3   0      0        460.0      38.3 12
                         1999 0      0      0      0      2      59.7   110.7  102.6  82     8      0      0        365.0      30.4 12
                         2000 0      0      0      5      120.8  123.5  81.4   56.5   57     10.5   0      28.7     483.4      40.3 12
                         2001 0      5      25     9.5    23.8   126.5  121.7  135.5  113.5  26     0      3.5      590.0      49.2 12
                         2002 43     18.8   0      1      28     70.5   198.3  118.8  99.7   26     19     0        623.1      51.9 12
                         2003 15     0      0      1.5    27.5   138    351    127.3  189.2  69     0      0        918.5      76.5 12
                         2004 31.3   0      26     0      44.6   252.6  142.5  131    158    12.5   6      0        804.5      67.0 12
                         2005 0      51.4   7.7    0      0      46.4   100.5  143.9  51.5   29.5   0      0        430.9      35.9 12
                         2006 5      0      0      0      76     41.5   140    119    168.3  95.7   32     12.5     690.0      57.5 12
                         2007 23.5   24     0      0      2.5    219.1  131.8  58     76.9   18     1.5    4        559.3      46.6 12
                         2008 0      6      0      18     2.5    98     207.4  314.9  50     0      0      0        696.8      58.1 12
                         2009 0      0      0      2      9      109.5  54     139    140    56     16     0        525.5      43.8 12
                         2010 51     63.5   0      0      23     36     247.5  90     148.5  0      0               659.5      60.0 11
                         2011 0      0      0      0             75     23     95.2   86     31.4   0      0        310.6      28.2 11
                         2012 18     40.2   0      0      9      77.4   158.5  77.7   86.3   10.2   2.2    21.6     501.1      41.8 12
                         2013 58.9   0      0      0      13.1          227                  34.4   32     75.9     441.3      49.0  9
                         2014 1.8    0      3      0             85.8   109.2  101    123.5  26.8   10     17.9     479.0      43.5 11
                         2015 0      21     101.5  9      19     220.5  135    42.5   105    109    5.5    26.5     794.5      66.2 12
                         2016 0      14.5   14.8   12     6      119.5  202.5  238    92     3      28.6   0        730.9      60.9 12
                         2017 0      1      7      0      0      55.9   170.5  128    168    15.5   0      36       581.9      48.5 12

MINIMA                        0      0      0      0      0      2      22.5   10.7   14.5   0      0      0         56.3      27.6
MAXIMA                        179.5  63.5   101.5  43     120.8  252.6  373    314.9  189.2  109    43.3   75.9     918.5      76.5
MEDIA                         18.123 10.055 5.7736 6.5026 20.208 87.94  133.51 116.19 91.059 33.005 9.4421 12.634   518.0      45.2
DESV. ESTANDAR                32.492 16.249 17.174 10.64  24.865 60.194 77.533 63.813 44.656 30.445 13.41  18.776   160.43     11.8


TEMP MAXIMA EXT.
                         1979                                                                              26        26.0      26.0  1
                         1980 24     26     30     31     35     35     31     30     28     30     27     26       353.0      29.4 12
                         1981 30     26     29     31     33     35     29     30     29     29     28     26       355.0      29.6 12
                         1982 28     28     33     34     35     35     29     30     30     30     25     23       360.0      30.0 12
                         1983 23     23     26     33     34     32     28     28     28     28     26     26       335.0      27.9 12
                         1984 24     28     28     31     30     28     28     27     27     28     28     29       336.0      28.0 12
                         1985 27     27     25     25     31     29     29     26     29     30     26     26       330.0      27.5 12
                         1986 26     28.5   29     31     32     28     28     30     27     27     25     28       339.5      28.3 12
                         1987 24     26     27     29     32     28     29     29     31.5   27     28     27       337.5      28.1 12
                         1988 25     29.5   31     32     33     33     29     28     27.5   28.5   27     27       350.5      29.2 12
                         1989 26     27.5   29     30     33.5   33.5   31.5   29     27.5   28     27.5   27       350.0      29.2 12
                         1990 26     25     30     32     34     32     27     27.5   27.5   28     28     27       344.0      28.7 12
                         1991 25     27     31     33     34     34     27     29     30     29     28     27       354.0      29.5 12
                         1992 21     25     30     30     30     34     27     29     29     27     27     26       335.0      27.9 12
                         1993 27     27     28     32     31     35     30     30     28     30.5   30.5   28.5     357.5      29.8 12
                         1994 27     25.5   26     26     34     34     32     30     30     31     29     28       352.5      29.4 12
                         1995 27     27.5   33.5   31.5          32            37     33     30     29     28       308.5      30.9 10
                         1996 28     28     26     27     30     27     28     29     29     28     27     25       332.0      27.7 12
                         1997 25     27     25     26     30     34     31     30     30     27     25     24       334.0      27.8 12
                         1998 23     24     31     33     40     36     35     32     32     29     29.5   25       369.5      30.8 12
                         1999 25     28     30     35     34     35     32     31     32     29     31     26.5     368.5      30.7 12
                         2000 25     29.5   31     33     36     35     34     33     33     35     30     30       384.5      32.0 12
                         2001 27     33     30     37     33     31     32     35     33     35     30     30       386.0      32.2 12
                         2002 30     29     32     34     38     36     32     32     34     35     34     25       391.0      32.6 12
                         2003 28     31     32     36     34     35     32     32     30     30     30     28       378.0      31.5 12
                         2004 25     32     34     37     36     36     33     32     31     32     30     28       386.0      32.2 12
                         2005 28     29     31     35     36     39     35     32     32     33     30     28       388.0      32.3 12
                         2006 30     32     33     36     37     37     35     32     31     32     29     28       392.0      32.7 12
                         2007 26     32     33     37     35     37     34     33     32     32     28     27       386.0      32.2 12
                         2008 27     31     32     35     37     36     33     32     31     30     28     27       379.0      31.6 12
                         2009 28     31     33     35     38     40     34     33     29     34     28     28       391.0      32.6 12
                         2010 26     25     29     32     36     35     31     32     31     30     29              336.0      30.5 11
                         2011 26     30     32     34            36     32     32     32     32     30     28       344.0      31.3 11
                         2012 29     32     33     36     36     36     33     33     33     33     32     30       396.0      33.0 12
                         2013 28     32     33     34     36            34                   28     27     27       279.0      31.0  9
                         2014 34     29     32     35            33     30     36.5   31     32     28     29       349.5      31.8 11
                         2015 30     34     32     32     35     35     29     31     31     30     29     27       375.0      31.3 12
                         2016 25     31     31     32.5   38     33     32     31     31     30     30     27.5     372.0      31.0 12
                         2017 29     30     32.5   34     35.5   36     31.5   32     31     30     31.5   27.5     380.5      31.7 12

MINIMA                        21     23     25     25     30     27     27     26     27     27     25     23        26.0      26.0
MAXIMA                        34     34     34     37     40     40     35     37     34     35     34     30       396.0      33.0
MEDIA                         26.631 28.578 30.342 32.552 34.342 33.932 31     30.945 30.297 30.184 28.552 27.131   349.3      30.2
DESV. ESTANDAR                2.4541 2.7051 2.5097 3.0663 2.5517 2.9911 2.4352 2.3943 1.9201 2.2969 1.9686 1.5539    58.99      1.8


TEMP MAXIMA PROM
                         1979                                                                              20.774    20.8      20.8  1
                         1980 21.677 21.931 25.467 26.966 30.451 29.75  27.112 25.516 25.766 24.806 23.1   20.967   303.5      25.3 12
                         1981 18.645 22.928 24.419 26.733 29.08  27.383 26.032 26.548 26.4   27     26.066 23.645   304.9      25.4 12
                         1982 24.887 25.535 28.58  31.033 29.419 31.8   25.935 26.419 26.666 24.148 21.033 18.871   314.3      26.2 12
                         1983 16.777 20.321 21.806 25.683 28.261 28.4   23.483 24.064 24.266 24     23.533 22.967   283.6      23.6 12
                         1984 20.741 22.069 24.903 27.6   25.548 24.933 22.903 22.064 23.533 25.29  24     21.29    284.9      23.7 12
                         1985 19.193 22.142 22.774 20.366 26.58  26.666 25.451 24.193 24.7   25.193 22.133 22.483   281.9      23.5 12
                         1986 23.322 23.607 20.129 25.366 25.612 24.133 22.548 27.645 25.45  21.161 20.233 21.096   280.3      23.4 12
                         1987 16.096 19.964 22.741 25.45  27.354 25.666 25.354 27.629 27.433 24.838 24.25  24.371   291.2      24.3 12
                         1988 21.935 24.724 25.096 26.5   29.838 28.416 26.161 25.548 25.35  25.322 24.866 24       307.8      25.6 12
                         1989 23.225 24.41  26.354 27.666 30     28.862 26.693 25.758 24.883 25.822 24.133 19.871   307.7      25.6 12
                         1990 21.338 20.642 26.677 28.7   30.322 28.6   25.064 24.274 24.2   24.419 23.333 23.903   301.5      25.1 12
                         1991 21.774 23.75  28.645 29.466 31.241 28.966 23.983 26.322 25.183 25.451 24.566 22.709   312.1      26.0 12
                         1992 16.774 21.051 26.548 26.433 27.516 25.766 22.612 24.677 25.433 23.483 23.8   23.516   287.6      24.0 12
                         1993 22.903 24.25  25.258 28.433 28.5   29.966 26.725 27.354 26.016 26.967 27.066 23.806   317.2      26.4 12
                         1994 24.161 22.5   24.387 23.033 32.387 29.033 29.419 27.322 26.766 26.612 27.066 24.612   317.3      26.4 12
                         1995 22.677 23.41  30.387 27.216        28.978        27.645 26.1   25.129 23.7   20.096   255.3      25.5 10
                         1996 21.677 21.724 21.451 23.216 24.967 20.5   22.741 23.838 26.6   25.935 22.533 22.129   277.3      23.1 12
                         1997 21.871 22.214 22.58  24.566 24.967 29.366 26.677 27.903 25.7   22.483 20.95  18.677   288.0      24.0 12
                         1998 19.967 19.107 25.903 29.833 35.096 32.5   29.677 28.451 28.8   26     26.95  21.516   323.8      27.0 12
                         1999 22.758 25.125 27.451 31.383 31.693 30.7   28.806 28.709 28.166 26.903 26.416 24.048   332.2      27.7 12
                         2000 20.596 26.413 28.435 30.8   33.016 30.033 30.741 29.58  29.85  31     27.4   23.29    341.2      28.4 12
                         2001 24.129 28.25  27.483 34     29.274 28.9   29.354 30.193 28.333 29.322 26.6   24.709   340.6      28.4 12
                         2002 24.096 25.892 29.645 31.4   34     32.4   28.322 28.645 28.766 29.483 25.966 21.193   339.8      28.3 12
                         2003 23.258 27.392 29.419 32.6   29.258 31.6   30.677 28.967 27.466 27.516 28.133 25.032   341.3      28.4 12
                         2004 20.967 27.172 29.774 30.3   33.903 30.766 30.387 29.161 28.233 29.2   28.166 23.741   341.8      28.5 12
                         2005 24.322 26.107 27.483 32.533 33.387 36.366 31.516 29.225 29.166 29.387 27.533 25.774   352.8      29.4 12
                         2006 24.612 28.142 30.161 34.6   34.064 32.433 30.451 28.806 28.925 29.142 25.642 22.807   349.8      29.1 12
                         2007 23.692 26.464 29.709 31.533 33.709 32.566 30.129 30.032 29.433 28.387 25.566 24.645   345.9      28.8 12
                         2008 24.354 27.862 29.177 31.566 33.161 31.566 28.935 27.548 26.8   26.483 24.633 25.064   337.2      28.1 12
                         2009 25     27.107 29.193 31.733 33.516 34.7   30.903 30.096 27.433 29.354 25.566 23.064   347.7      29.0 12
                         2010 20.785 20.74  25.612 29.5   33.096 33.681 28     29.258 29.133 26.903 25.23           301.9      27.4 11
                         2011 23.354 26.321 29.58  32.318        33.866 30.612 29.296 29.3   28.58  25.533 26.258   315.0      28.6 11
                         2012 25.193 24.551 29.709 32.283 33.806 31.413 27.416 27.76  27.033 29.193 25.133 25.774   339.3      28.3 12
                         2013 23.225 28.107 27.892 28.818 31.645        25.961               23.467 22.966 21.871   234.0      26.0  9
                         2014 21.193 27.035 27.709 30.776        28.966 27.548 28.825 26.766 27.612 23.1   24.548   294.1      26.7 11
                         2015 24.258 24.535 23.419 28.733 31.322 29     26.322 28.838 27.8   25.354 25.683 22.403   317.7      26.5 12
                         2016 20.903 24.879 26.064 29.633 34.032 30.433 28.419 26.871 27.5   27.564 23.283 24.806   324.4      27.0 12
                         2017 24.758 26.357 28.596 30.133 30.822 30.8   27.887 28.887 26.083 24.919 26.233 21.048   326.5      27.2 12

MINIMA                        16.096 19.107 20.129 20.366 24.967 20.5   22.548 22.064 23.533 21.161 20.233 18.677    20.8      20.8
MAXIMA                        25.193 28.25  30.387 34.6   35.096 36.366 31.516 30.193 29.85  31     28.166 26.258   352.8      29.4
MEDIA                         22.134 24.335 26.595 28.918 30.595 29.726 27.323 27.402 26.903 26.417 24.792 22.931   304.7      26.3
DESV. ESTANDAR                2.3547 2.5885 2.7676 3.2043 2.9506 3.0963 2.614  2.0309 1.6586 2.23   1.9928 1.9208    54.07      2.1


TEMP MEDIA MENS.
                         1979                                                                              12.177    12.2      12.2  1
                         1980 11.435 12.715 14.733 17.016 20.451 20.858 19.862 18.854 18.616 16.709 13.666 11.983   196.9      16.4 12
                         1981 10.225 13.089 14.693 17.1   20.588 20.308 19.08  18.983 18.516 19.653 14.116 12.887   199.2      16.6 12
                         1982 12.75  14     17.209 19.691 20.483 21.533 19.258 19.048 18.766 16.314 12.683 11.241   203.0      16.9 12
                         1983 10.033 10.607 12.443 15.608 19.679 20.183 18.258 18.306 18.066 16.354 13.8   12.583   185.9      15.5 12
                         1984 11.048 12.189 15.08  16.85  17.58  18.8   17.822 16.612 17.741 17.532 13.766 12.403   187.4      15.6 12
                         1985 10.927 13.053 14.467 14.183 18.774 19.15  18.129 17.193 17.3   17.758 12.933 13.161   187.0      15.6 12
                         1986 12.548 14.133 11.177 17.116 18.112 18.4   17.08  19.983 18.275 15.064 13.116 12.177   187.2      15.6 12
                         1987 9.2741 11.875 13.887 16.225 18.258 19.1   18.838 20.685 20.5   16.225 15.016 14.862   194.7      16.2 12
                         1988 12.524 14.974 16.217 17.733 20.274 19.975 19.274 18.596 18.425 17.524 14.733 13.919   204.2      17.0 12
                         1989 14.056 15.58  16.387 19.133 21.838 21.681 20.048 19.427 17.915 17.201 15.783 12.435   211.5      17.6 12
                         1990 13.798 12.535 18.314 19.35  22.741 20.833 19.096 18.346 18.708 18.258 15.266 13.822   211.1      17.6 12
                         1991 12.758 14.544 18.338 20.433 22.596 21.375 18.83  19.854 18.8   17.596 15.366 14.29    214.8      17.9 12
                         1992 11.612 13.06  16.621 18.2   20.032 18.516 17     17.032 18.6   16.241 15.466 14.5     196.9      16.4 12
                         1993 12.677 14.928 15.887 18.716 20.524 22.383 19.862 20.33  19.491 18.233 16.541 13.725   213.3      17.8 12
                         1994 14.201 15.758 17.032 16.883 22.451 21.95  21.112 20.516 19.516 18.709 16.85  14.903   219.9      18.3 12
                         1995 12.822 14.669 20.846 19.275        19.902        19.983 18.583 16.145 14.941 11.419   168.6      16.9 10
                         1996 12.919 13.103 13.161 15.608 18.935 17.166 17.822 18.387 19.566 17.33  13.133 12.451   189.6      15.8 12
                         1997 13.532 12.767 14.032 15.991 17.612 21.716 20.08  20.532 18.816 15.5   13.241 9.7903   193.6      16.1 12
                         1998 11.161 10.553 15.338 18.716 22.871 22.916 21     20.419 20.266 17.951 16.416 11.435   209.0      17.4 12
                         1999 10.725 14     16.524 20.333 20.927 21.741 20.225 20.121 19.608 18.177 13.925 11.717   208.0      17.3 12
                         2000 10.217 15.31  17.709 20.291 23.072 20.816 21.104 19.58  19.425 18.951 15.333 11.709   213.5      17.8 12
                         2001 12.79  15.75  16.483 21.716 21.516 22.025 22.064 20.935 19.15  18.371 14.233 13.177   218.2      18.2 12
                         2002 12.419 15.535 20.258 22.25  22.532 22.033 19.241 19.645 19.783 17.693 14.508 9.8548   215.8      18.0 12
                         2003 12.225 14.223 19.129 20.7   20.016 21.683 21.032 20.403 19.35  16.258 14.7   11       210.7      17.6 12
                         2004 11.121 14.293 16.193 18.783 21.645 21.358 20.129 19.483 19.166 18.293 14.733 12.209   207.4      17.3 12
                         2005 12.016 14.767 14.967 19.866 20.693 23.516 21.677 20.241 20.483 18.354 14.883 12.661   214.1      17.8 12
                         2006 11.129 14.946 17.596 21.033 21.629 22.316 21.258 19.241 19.277 18.293 13.553 11.211   211.5      17.6 12
                         2007 13.106 13.892 17.177 19.4   21.709 21.75  20.774 21.112 20.283 17.774 14.3   13.209   214.5      17.9 12
                         2008 11.871 15.12  18.612 20.15  23.064 21.691 20.225 19.725 18.516 15.935 12.95  12.241   210.1      17.5 12
                         2009 13.016 14.803 17.064 19.116 22.467 23.916 22.225 21.354 19.216 20.161 13.833 12.08    219.3      18.3 12
                         2010 10.5   10.781 14.887 17.95  21.145 22.25  20.45  20.548 20.45  15.564 12.673          187.2      17.0 11
                         2011 10.79  13.928 16.919 20.09         22.95  21.258 20.777 19.766 17.419 14.383 13.774   192.1      17.5 11
                         2012 13.854 15.569 19.08  20.325 23.548 23.086 20.688 21.067 19.5   19.5   16.45  14.967   227.6      19.0 12
                         2013 14.064 16.571 16.196 19.05  22.129        20.221               17.645 17.45  16.814   160.1      17.8  9
                         2014 11.701 15.696 16.387 20.096        21.941 20.717 21.291 20.35  19.403 15.183 14.871   197.6      18.0 11
                         2015 15.766 16.535 16.58  20.008 21.887 22.133 20.564 21.564 20.8   18.241 17.675 13.669   225.4      18.8 12
                         2016 11.032 14.284 16.33  19.516 23.983 22.583 21.532 21.177 20.616 19.371 15.816 15.225   221.5      18.5 12
                         2017 14.185 15.401 18.733 19.625 21.653 23.341 21.274 21.943 19.483 17.653 15.475 12.266   221.0      18.4 12

MINIMA                        9.2741 10.553 11.177 14.183 17.58  17.166 17     16.612 17.3   15.064 12.673 9.7903    12.2      12.2
MAXIMA                        15.766 16.571 20.846 22.25  23.983 23.916 22.225 21.943 20.8   20.161 17.675 16.814   227.6      19.0
MEDIA                         12.18  14.093 16.387 18.793 21.069 21.294 19.976 19.819 19.235 17.615 14.707 12.864   199.0      17.2
DESV. ESTANDAR                1.4298 1.5527 2.0469 1.8329 1.6955 1.5672 1.3495 1.2774 0.8713 1.2454 1.3085 1.5189    34.19      1.2


TEMP MINIMA EXT.
                         1979                                                                              0          0.0       0.0  1
                         1980 0      1      0      1      5      7      9      9      9      4      0      0         45.0       3.8 12
                         1981 -3     0      1      3      9      8      8      9      6      8      1      -5        45.0       3.8 12
                         1982 -5     -5     0      4      6      8      9      8      6      3      1      -1        34.0       2.8 12
                         1983 -4     -2     0      0      7      8      10     10     9      4      0      -2        40.0       3.3 12
                         1984 -2     0      1      3      5      7      10     8      10     6      0      0         48.0       4.0 12
                         1985 -3     1      4      6      8      9      9      8      8      8      0      0         58.0       4.8 12
                         1986 0      1      0      5      6      8      10     10     8      1      0      -1        48.0       4.0 12
                         1987 0      0      1      3      2      9      10     12     10.5   4      2.5    1         55.0       4.6 12
                         1988 -2     0      2      5      5      9      11     10     5      6.5    3      1         55.5       4.6 12
                         1989 2      1      0      7      9.5    10.5   11     11.5   5      4      3      1         65.5       5.5 12
                         1990 1      0      5      6      9      10     10     9      12     5      2      0         69.0       5.8 12
                         1991 -2     -1     4      5      11     8      10     11     7      5      1      1         60.0       5.0 12
                         1992 2      0      1      5      10     10     10     8      10     4      0      3         63.0       5.3 12
                         1993 -2     1      0      4      9      12     10     11.5   10     5      2      -4        58.5       4.9 12
                         1994 0      7      7      8      8      12     9      12     8      6      1      -1        77.0       6.4 12
                         1995 -1     3      7      7.5           10            8      7      1      -0.5   0         42.0       4.2 10
                         1996 0      0      0      4      9      11     10     10     10     5      1      1         61.0       5.1 12
                         1997 3      0      3      5      8      12     12     10     9      3      1      -7        59.0       4.9 12
                         1998 1      0      3      5      4      10     9      10     10.5   5      3      -1        59.5       5.0 12
                         1999 -4     0      3      6      7.5    10     9      9      8.5    5      -2     -4        48.0       4.0 12
                         2000 -4     -2     4.5    7.5    10     10     10     7      3      5      -1     -5        45.0       3.8 12
                         2001 -5     0      0      6      11     13     12.5   10     6      5      -2     -4        52.5       4.4 12
                         2002 -3     2      8      10     8      9      8      8      7      1      -5     -4        49.0       4.1 12
                         2003 -4     -3     4      4      10     10     10     10     8      0      -3     -7        39.0       3.3 12
                         2004 -3     -3     -4     4      6      10     8      4      7      5      -3     -4        27.0       2.3 12
                         2005 -3     0      -1     3      5      8      10     10     8      1      -2     -4        35.0       2.9 12
                         2006 -8     -3     3      5      7      10     10     7      7      2      -4     -6        30.0       2.5 12
                         2007 0      -2     1      4      8      8      9      10     9      0      0      -1        46.0       3.8 12
                         2008 -4     -1     3      5      10     1      9      10     6      2      -3     -5        33.0       2.8 12
                         2009 -2     -2     0      2      8      11     11     9      5      9      0      -4        47.0       3.9 12
                         2010 -3     -3     1      3      5      3      11     10     8      1      -4               32.0       2.9 11
                         2011 -4     0      1      5             8      8      7      6      2      -6     -4        23.0       2.1 11
                         2012 -1     2      4      5      10     12     13     12     9      6      5      1         78.0       6.5 12
                         2013 2      2      -3     5      7             13                   8      10     0         44.0       4.9  9
                         2014 -6     1      -1     4             0      10     11     11     5      -3     1         33.0       3.0 11
                         2015 2      3      4      8      9      10     12     11     9      8      7      0         83.0       6.9 12
                         2016 -8     -1     1      5      8      11     12     13     11     7      3.5    0         62.5       5.2 12
                         2017 0      2      3      2.5    7      12     9      12     8.5    3.5    -1     -1        57.5       4.8 12

MINIMA                        -8     -5     -4     0      2      0      8      4      3      0      -6     -7         0.0       0.0
MAXIMA                        3      7      8      10     11     13     13     13     12     9      10     3         83.0       6.9
MEDIA                         -1.921 -0.026 1.8552 4.75   7.6285 9.0405 10.04  9.5946 8.027  4.2894 0.1973 -1.71     48.9       4.1
DESV. ESTANDAR                2.7151 2.137  2.5965 1.9753 2.1259 2.7997 1.3456 1.8136 2.0136 2.4067 3.1847 2.6088    16.31      1.3


TEMP MINIMA PROM
                         1979                                                                              3.5806     3.6       3.6  1
                         1980 1.1935 3.5    4      7.0666 10.451 11.966 12.612 12.193 11.466 8.6129 4.2333 3         90.3       7.5 12
                         1981 1.8064 3.25   4.9677 7.4666 12.096 13.233 12.129 11.419 10.633 12.306 2.1666 2.129     93.6       7.8 12
                         1982 0.6129 2.4642 5.8387 8.35   11.548 11.266 12.58  11.677 10.866 8.4814 4.3333 3.6129    91.6       7.6 12
                         1983 3.2903 0.8928 3.0806 5.5333 11.096 11.966 13.032 12.548 11.866 8.7096 4.0666 2.2       88.3       7.4 12
                         1984 1.3548 2.3103 5.258  6.1    9.6129 12.666 12.741 11.161 11.95  9.7741 3.5333 3.5161    90.0       7.5 12
                         1985 2.6612 3.9642 6.1612 8      10.967 11.633 10.806 10.193 9.9    10.322 3.7333 3.8387    92.2       7.7 12
                         1986 1.7741 4.6607 2.2258 8.8666 10.612 12.666 11.612 12.322 11.1   8.9677 6      3.258     94.1       7.8 12
                         1987 2.4516 3.7857 5.0322 7      9.1612 12.533 12.322 13.741 13.566 7.6129 5.7833 5.3548    98.3       8.2 12
                         1988 3.1129 5.2241 7.3387 8.9666 10.709 11.533 12.387 11.645 11.5   9.7258 4.6    3.8387   100.6       8.4 12
                         1989 4.8871 6.75   6.4193 10.6   13.677 14.5   13.403 13.096 10.946 8.5806 7.4333 5        115.3       9.6 12
                         1990 6.258  4.4285 9.9516 10     15.161 13.066 13.129 12.419 13.216 12.096 7.2    3.7419   120.7      10.1 12
                         1991 3.7419 5.3392 8.0322 11.4   13.951 13.783 13.677 13.387 12.416 9.7419 6.1666 5.8709   117.5       9.8 12
                         1992 6.4516 5.0689 6.6935 9.9666 12.548 11.266 11.387 9.3871 11.766 9      7.1333 5.4838   106.2       8.8 12
                         1993 2.4516 5.6071 6.5161 9      12.548 14.8   13     13.306 12.966 9.5    6.0166 3.6451   109.4       9.1 12
                         1994 4.2419 9.0178 9.6774 10.733 12.516 14.866 12.806 13.709 12.266 10.806 6.6333 5.1935   122.5      10.2 12
                         1995 2.9677 5.9285 11.306 11.333        10.826        12.322 11.066 7.1612 6.1833 2.7419    81.8       8.2 10
                         1996 4.1612 4.4827 4.8709 8      12.903 13.833 12.903 12.935 12.533 8.7258 3.7333 2.7741   101.9       8.5 12
                         1997 5.1935 3.3214 5.4838 7.4166 10.258 14.066 13.483 13.161 11.933 8.5161 5.5333 0.9032    99.3       8.3 12
                         1998 2.3548 2      4.7741 7.6    10.645 13.333 12.322 12.387 11.733 9.9032 5.8833 1.3548    94.3       7.9 12
                         1999 -1.306 2.875  5.5967 9.2833 10.161 12.783 11.645 11.532 11.05  9.4516 1.4333 -0.612    83.9       7.0 12
                         2000 -0.161 4.2069 6.9838 9.7833 13.129 11.6   11.467 9.5806 9      6.9032 3.2666 0.129     85.9       7.2 12
                         2001 1.4516 3.25   5.4838 9.4333 13.758 15.15  14.774 11.677 9.9666 7.4193 1.8666 1.6451    95.9       8.0 12
                         2002 0.7419 5.1785 10.871 13.1   11.064 11.666 10.161 10.645 10.8   5.9032 3.05   -1.483    91.7       7.6 12
                         2003 1.1935 1.0535 8.8387 8.8    10.774 11.766 11.387 11.838 11.233 5      1.2666 -3.032    80.1       6.7 12
                         2004 1.2741 1.4137 2.6129 7.2666 9.3871 11.95  9.8709 9.8064 10.1   7.3871 1.3    0.6774    73.0       6.1 12
                         2005 -0.29  3.4285 2.4516 7.2    8      10.666 11.838 11.258 11.8   7.3225 2.2333 -0.451    75.5       6.3 12
                         2006 -2.354 1.75   5.0322 7.4666 9.1935 12.2   12.064 9.6774 9.6296 7.4444 1.4642 -0.384    73.2       6.1 12
                         2007 2.52   1.3214 4.6451 7.2666 9.7096 10.933 11.419 12.193 11.133 7.1612 3.0333 1.7741    83.1       6.9 12
                         2008 -0.612 2.3793 8.0483 8.7333 12.967 11.816 11.516 11.903 10.233 5.3871 1.2666 -0.58     83.1       6.9 12
                         2009 1.0322 2.5    4.9354 6.5    11.419 13.133 13.548 12.612 11     10.967 2.1    1.0967    90.8       7.6 12
                         2010 0.2142 0.8214 4.1612 6.4    9.1935 10.818 12.9   11.838 11.766 4.2258 0.1153           72.5       6.6 11
                         2011 -1.774 1.5357 4.258  7.8636        12.033 11.903 12.259 10.233 6.258  3.2333 1.2903    69.1       6.3 11
                         2012 2.5161 6.5862 8.4516 8.3666 13.29  14.758 13.96  14.375 11.966 9.8064 7.7666 4.1612   116.0       9.7 12
                         2013 4.9032 5.0357 4.5    9.2826 12.612        14.481               11.822 11.933 11.758    86.3       9.6  9
                         2014 2.2096 4.3571 5.0645 9.4166        14.916 13.887 13.758 13.933 11.193 7.2666 5.1935   101.2       9.2 11
                         2015 7.2741 8.5357 9.7419 11.283 12.451 15.266 14.806 14.29  13.8   11.129 9.6666 4.9354   133.2      11.1 12
                         2016 1.1612 3.6896 6.5967 9.4    13.935 14.733 14.645 15.483 13.733 11.177 8.35   5.6451   118.6       9.9 12
                         2017 3.6129 4.4464 8.8709 9.1166 12.483 15.883 14.661 15     12.883 10.387 4.7166 3.4838   115.5       9.6 12

MINIMA                        -2.354 0.8214 2.2258 5.5333 8      10.666 9.8709 9.3871 9      4.2258 0.1153 -3.032     3.6       3.6
MAXIMA                        7.2741 9.0178 11.306 13.1   15.161 15.883 14.806 15.483 13.933 12.306 11.933 11.758   133.2      11.1
MEDIA                         2.2256 3.8516 6.1782 8.6674 11.542 12.861 12.629 12.236 11.566 8.8129 4.6235 2.7969    93.3       8.0
DESV. ESTANDAR                2.2262 1.9774 2.3182 1.6576 1.7076 1.49   1.2523 1.4682 1.2205 2.0068 2.6446 2.6627    21.49      1.5


