COMISIÓN NACIONAL DEL AGUA
COORDINACIÓN GENERAL DEL SERVICIO METEOROLÓGICO NACIONAL
PROYECTO DE BASES DE DATOS CLIMATOLÓGICOS
    
                         AÑO  ENE    FEB    MAR    ABR    MAY    JUN    JUL    AGO    SEP    OCT    NOV    DIC  ACUMULADO  MEDIA  MESES
00001074
CIENEGUILLA, AGUASCALIEN
DIAS CON GRANIZO
                         1979                                                         0      0      0      0          0.0       0.0  4
                         1980 0      0      0      0      0      0      0      0      0      0      0      0          0.0       0.0 12
                         1981 0      0      0      0      0      0      0      0      0      0      0      0          0.0       0.0 12
                         1982 0      0      0      0      0      0      0      0      0      0      0      0          0.0       0.0 12
                         1983 0      0      0      0      0      0      0      0      0      0      0      0          0.0       0.0 12
                         1984 0      0      0      0      0      0      0      0      0      0      0      0          0.0       0.0 12
                         1985 0      0      0      0      0      0      0      0      0      0      0      0          0.0       0.0 12
                         1986 0      0      0      0      0      0      0      0      0      0      0      0          0.0       0.0 12
                         1987 0      0      0      0      0      0      0      0      0      0      0      0          0.0       0.0 12
                         1988 0      0      0      0      0      0      0      0      0      0             0          0.0       0.0 11
                         1989 0      0      0      0      0      0      0      0      0      0      0      0          0.0       0.0 12
                         1990 0      0      0      0      0      0      0      0      0      0      0      0          0.0       0.0 12
                         1991 0      0      0      0      0      0      0      0      0      0      0      0          0.0       0.0 12
                         1992 0      0      0      0      0      0      0      0      0      0      0      0          0.0       0.0 12
                         1993 0      0      0      0      0      0      0      0      0      0      0      0          0.0       0.0 12
                         1994 0      0      0      0      0      0      0      0      0      0      0      0          0.0       0.0 12
                         1995 0      0      0             0      0      0      0      0      0      0      0          0.0       0.0 11
                         1996 0      0      0      0      0      0      0      0      0      0      0      0          0.0       0.0 12
                         1997 0      0      0      0      0      0      0      0      0      0      0      0          0.0       0.0 12
                         1998 0      0      0      0      0      0      0      0      0      0      0      0          0.0       0.0 12
                         1999 0      0      0      0      0      0      0      0      0      0      0      0          0.0       0.0 12
                         2000 0      0      0      0      0      0      0      0      0      0      0      0          0.0       0.0 12
                         2001 0      0      0      0      0      0      0      0      0      0      0      0          0.0       0.0 12
                         2002 0      0      0      0      0      0      0      0      0      0      0      0          0.0       0.0 12
                         2003 0      0      0      0      0      0      0      0      0      0      0      0          0.0       0.0 12
                         2004 0      0      0      0      0      0      0      0      0      0      0      0          0.0       0.0 12
                         2005 0      0      0      0      0      0      0      0      0      0      0      0          0.0       0.0 12
                         2006 0      0      0      0      0      0      0      0      0      0      0      0          0.0       0.0 12
                         2007 0      0      0      0      0      0      0      0      0      0      0      0          0.0       0.0 12
                         2008 0      0      0      0      0      0      0      0      0      0      0      0          0.0       0.0 12
                         2009 0      0      0      0      0      0             0      0      0      0      0          0.0       0.0 11
                         2010 0      0      0      0      0      0      0      0      0      0      0      0          0.0       0.0 12
                         2011 0      0      0      0      0      0      0      0      0      0      0      0          0.0       0.0 12
                         2012 0      0      0      0      0      0      0      0      0      0      0      0          0.0       0.0 12
                         2013 0      0      0      0             0      0      0      0      0      0      0          0.0       0.0 11
                         2014 0      0      0      0      0      0      0      0      0      0      0      0          0.0       0.0 12
                         2015 0      0      0      0      0      0      0      0      0      0      0      0          0.0       0.0 12
                         2016 0      0      0      0      0      0      0      0      0      0      0      0          0.0       0.0 12
                         2017 0      0      0      0      0      0      0      0      0      0      0      0          0.0       0.0 12
                         2018 0      0      0      0      0      0      0      0      0      0      0      0          0.0       0.0 12
                         2019 0      0      0      0      0      0      0      0      0      0      0      0          0.0       0.0 12
                         2020 0             0      0      0      0      0      0      0      0      0      0          0.0       0.0 11
                         2021 0      0      0      0      0      0      0      0      0      0                        0.0       0.0 10

MINIMA                        0      0      0      0      0      0      0      0      0      0      0      0          0.0       0.0
MAXIMA                        0      0      0      0      0      0      0      0      0      0      0      0          0.0       0.0
MEDIA                         0      0      0      0      0      0      0      0      0      0      0      0          0.0       0.0
DESV. ESTANDAR                0      0      0      0      0      0      0      0      0      0      0      0          0.00      0.0


DIAS CON NIEBLA 
                         1979                                                         0      0      0      0          0.0       0.0  4
                         1980 0      0      0      0      0      0      0      0      0      0      0      0          0.0       0.0 12
                         1981 0      0      0      0      0      0      0      0      0      0      0      0          0.0       0.0 12
                         1982 0      0      0      0      0      0      0      0      0      0      0      0          0.0       0.0 12
                         1983 0      0      0      0      0      0      0      0      0      0      0      0          0.0       0.0 12
                         1984 0      0      0      0      0      0      0      0      0      0      0      0          0.0       0.0 12
                         1985 0      0      0      0      0      0      0      0      0      0      0      1          1.0       0.1 12
                         1986 0      0      0      0      0      0      2      0      0      2      0      0          4.0       0.3 12
                         1987 0      2      0      0      0      0      0      0      0      0      0      0          2.0       0.2 12
                         1988 0      0      0      0      0      0      0      0      0      0             0          0.0       0.0 11
                         1989 0      0      0      0      0      0      0      0      0      0      0      0          0.0       0.0 12
                         1990 0      0      0      0      0      0      0      0      0      0      0      0          0.0       0.0 12
                         1991 0      0      0      0      0      0      0      0      0      0      0      0          0.0       0.0 12
                         1992 0      0      0      0      0      0      0      0      0      0      0      0          0.0       0.0 12
                         1993 0      0      0      0      0      0      0      0      0      0      0      0          0.0       0.0 12
                         1994 0      0      0      0      0      0      0      0      0      0      0      0          0.0       0.0 12
                         1995 0      0      0             0      0      0      0      0      0      0      0          0.0       0.0 11
                         1996 0      0      0      0      0      0      0      0      0      0      0      0          0.0       0.0 12
                         1997 0      0      0      0      0      0      0      0      0      0      0      0          0.0       0.0 12
                         1998 0      0      0      0      0      0      0      0      0      0      0      0          0.0       0.0 12
                         1999 0      0      0      0      0      0      0      0      0      0      0      0          0.0       0.0 12
                         2000 0      0      0      0      0      0      0      0      0      0      0      0          0.0       0.0 12
                         2001 0      0      0      0      0      0      0      0      0      0      0      0          0.0       0.0 12
                         2002 0      0      0      0      0      0      0      0      0      0      0      0          0.0       0.0 12
                         2003 0      0      0      0      0      0      0      0      0      0      0      0          0.0       0.0 12
                         2004 0      0      0      0      0      0      0      0      0      0      0      0          0.0       0.0 12
                         2005 0      0      0      0      0      0      0      0      0      0      0      0          0.0       0.0 12
                         2006 0      0      0      0      0      0      0      0      0      0      0      0          0.0       0.0 12
                         2007 0      0      0      0      0      0      0      0      0      0      0      0          0.0       0.0 12
                         2008 0      0      0      0      0      0      0      0      0      0      0      0          0.0       0.0 12
                         2009 0      0      0      0      0      0             0      0      0      0      0          0.0       0.0 11
                         2010 0      0      0      0      0      0      0      0      0      0      0      0          0.0       0.0 12
                         2011 0      0      0      0      0      0      0      0      0      0      0      0          0.0       0.0 12
                         2012 0      0      0      0      0      0      0      0      0      0      0      0          0.0       0.0 12
                         2013 0      0      0      0             0      0      0      0      0      0      0          0.0       0.0 11
                         2014 0      0      0      0      0      0      0      0      0      0      0      0          0.0       0.0 12
                         2015 0      0      0      0      0      0      0      0      0      0      0      0          0.0       0.0 12
                         2016 0      0      0      0      0      0      0      0      0      0      0      0          0.0       0.0 12
                         2017 0      0      0      0      0      0      0      0      0      0      0      0          0.0       0.0 12
                         2018 0      0      0      0      0      0      0      0      0      0      0      0          0.0       0.0 12
                         2019 0      0      0      0      0      0      0      0      0      0      0      0          0.0       0.0 12
                         2020 0             0      0      0      0      0      0      0      0      0      0          0.0       0.0 11
                         2021 0      0      0      0      0      0      0      0      0      0                        0.0       0.0 10

MINIMA                        0      0      0      0      0      0      0      0      0      0      0      0          0.0       0.0
MAXIMA                        0      2      0      0      0      0      2      0      0      2      0      1          4.0       0.3
MEDIA                         0      0.0487 0      0      0      0      0.0487 0      0      0.0465 0      0.0238     0.2       0.0
DESV. ESTANDAR                0      0.3123 0      0      0      0      0.3123 0      0      0.305  0      0.1543     0.69      0.1


DIAS CON TORMEN.
                         1979                                                         0      0      0      0          0.0       0.0  4
                         1980 0      0      0      0      0      0      0      0      0      0      0      0          0.0       0.0 12
                         1981 0      0      0      0      0      0      0      0      0      0      0      0          0.0       0.0 12
                         1982 0      0      0      0      0      0      0      1      3      0      0      0          4.0       0.3 12
                         1983 0      0      0      0      0      0      0      0      0      0      0      0          0.0       0.0 12
                         1984 0      0      0      0      0      0      0      0      0      0      0      0          0.0       0.0 12
                         1985 0      0      0      0      0      0      0      0      0      0      0      0          0.0       0.0 12
                         1986 0      0      0      0      0      0      0      0      0      3      0      0          3.0       0.3 12
                         1987 0      0      0      0      0      1      0      0      0      0      0      0          1.0       0.1 12
                         1988 0      0      0      0      0      0      0      0      0      0             0          0.0       0.0 11
                         1989 0      0      0      0      0      0      0      0      0      0      0      0          0.0       0.0 12
                         1990 0      0      0      0      0      0      0      0      0      0      0      0          0.0       0.0 12
                         1991 0      0      0      0      0      0      0      0      0      0      0      0          0.0       0.0 12
                         1992 0      0      0      0      0      0      0      0      0      0      0      0          0.0       0.0 12
                         1993 0      0      0      0      0      0      0      0      0      0      0      0          0.0       0.0 12
                         1994 0      0      0      0      0      0      0      0      0      0      0      0          0.0       0.0 12
                         1995 0      0      0             0      0      0      0      0      0      0      0          0.0       0.0 11
                         1996 0      0      0      0      0      0      0      0      0      0      0      0          0.0       0.0 12
                         1997 0      0      0      0      0      0      0      23     21     0      0      7         51.0       4.3 12
                         1998 0      0      0      0      0      0      0      0      0      0      0      0          0.0       0.0 12
                         1999 0      0      0      0      0      0      0      0      0      0      0      0          0.0       0.0 12
                         2000 0      0      0      0      0      0      0      0      0      0      0      0          0.0       0.0 12
                         2001 0      0      0      0      0      0      0      0      0      0      0      0          0.0       0.0 12
                         2002 0      0      0      0      0      0      0      0      0      0      0      0          0.0       0.0 12
                         2003 0      0      0      0      0      0      0      0      0      0      0      0          0.0       0.0 12
                         2004 0      0      0      0      0      0      0      0      0      0      0      0          0.0       0.0 12
                         2005 0      0      0      0      0      0      0      0      0      0      0      0          0.0       0.0 12
                         2006 0      0      0      0      0      0      0      0      0      0      0      0          0.0       0.0 12
                         2007 0      0      0      0      0      0      0      0      0      0      0      0          0.0       0.0 12
                         2008 0      0      0      0      0      0      0      0      0      0      0      0          0.0       0.0 12
                         2009 0      0      0      0      0      0             0      0      0      0      0          0.0       0.0 11
                         2010 0      0      0      0      0      0      0      0      0      0      0      0          0.0       0.0 12
                         2011 0      0      0      0      0      0      0      0      0      0      0      0          0.0       0.0 12
                         2012 0      0      0      0      0      0      0      0      0      0      0      0          0.0       0.0 12
                         2013 0      0      0      0             0      0      0      0      0      0      0          0.0       0.0 11
                         2014 1      0      0      0      0      1      0      0      0      0      0      0          2.0       0.2 12
                         2015 0      0      0      0      0      0      0      0      0      0      0      0          0.0       0.0 12
                         2016 0      0      0      0      0      0      0      0      0      0      0      0          0.0       0.0 12
                         2017 0      0      0      0      0      0      0      0      0      0      0      0          0.0       0.0 12
                         2018 0      0      0      0      0      0      0      0      0      0      0      0          0.0       0.0 12
                         2019 0      0      0      0      0      0      0      0      0      0      0      0          0.0       0.0 12
                         2020 0             0      0      0      0      0      0      0      0      0      0          0.0       0.0 11
                         2021 0      0      0      0      0      0      0      0      0      0                        0.0       0.0 10

MINIMA                        0      0      0      0      0      0      0      0      0      0      0      0          0.0       0.0
MAXIMA                        1      0      0      0      0      1      0      23     21     3      0      7         51.0       4.3
MEDIA                         0.0238 0      0      0      0      0.0476 0      0.5714 0.5581 0.0697 0      0.1666     1.4       0.1
DESV. ESTANDAR                0.1543 0      0      0      0      0.2155 0      3.5485 3.2241 0.4575 0      1.0801     7.78      0.6


EVAPORACION MEN.
                         1979                                                         134.5  183.7  144.7  85.3     548.2     137.1  4
                         1980 92.56  130.98 223.1  247.6  276.5  237.2  213.5  149.9  136.85 152.3  141.4  84.8   2,086.7     173.9 12
                         1981 89.5   153.41 205.3  217.25 233.1  236.22 160.7  178.6  140.11 134.5  113.5  88.1   1,950.3     162.5 12
                         1982 116.57 153.1  247.4  179.8  247.8  263    182.5  145.7  134.6  123.4  132.7  89.03  2,015.6     168.0 12
                         1983 60.1   139.9  209    257.2  240.9  228.1  154.8  144.9  132.5  138.6  102.5  101.1  1,909.6     159.1 12
                         1984 97.6   128    209.3  255.9  236.1  179    113.4  126.5  143.5  140.2  115.4  91.3   1,836.2     153.0 12
                         1985 103.7  135.6  194.5  226    262.8  169.9  141.1  151.5  147.4  158.5  118    96.6   1,905.6     158.8 12
                         1986 110.3  146.4  206.2  235.3  222.1  99.8   180.4  168.4  123.7  96.2   71     124.3  1,784.1     148.7 12
                         1987 90.4   82.6   173.2  249.5  238.9  208.5  197.3  199.5  148.5  171.6  80.6   77.3   1,917.9     159.8 12
                         1988 82.2                 206.8  302.1  225.9  124.7  108.1  66.9   128.84        108.2  1,353.7     150.4  9
                         1989 94.8   154.2  201.4  198.7  250    246.6  167    147.6  129.7  129.6  91     126.2  1,936.8     161.4 12
                         1990 140    102.7  179.7  240.8  268.9  214.1  138.4  119.3  109.5  172.3  164.3  146.9  1,996.9     166.4 12
                         1991 129.11 163.29 279.98 234.79 258.06 202.17 105.36 196.64 108.52 104.26 130.42 123.15 2,035.8     169.6 12
                         1992 80.74  90.94                                                                 92.85    264.5      88.2  3
                         1993 128.86 168.34 170.25 219.4  231.22 150.64 131.96 132.45 107.94 120.21 105.7  97.21  1,764.2     147.0 12
                         1994 94.03  118.67 199.59 212.79 232.14 124.77 173.3  205.29 176.94 124.44 116.23 101.65 1,879.8     156.7 12
                         1995 105.36 132.69 213.85        211.19 197.39 207.11 171.67 105.52 136.6  140.89 142.9  1,765.2     160.5 11
                         1996 97.1   69.19  236.21 211.28 249.85 217.16 201.96 186.16 209.99 167.57 152.44 153.35 2,152.3     179.4 12
                         1997 180.11 125.6  187.88 192.1  209.02 181.44 221.32 190.71 205.13 143.48 153.47 164.55 2,154.8     179.6 12
                         1998 157.05 181.92 231.16 153.64 164.54 158.9  181.4  158.7  150.26 156.37 146.04 148.45 1,988.4     165.7 12
                         1999 179.49 163.92 230.38 264.5  251.21 227.87 209.48 234.93 226.71 249.69 202.49 181.12 2,621.8     218.5 12
                         2000 183.86 182.33 239.15 212.89 242.39 181.31 229.31 231.38 236.6  182.31 163.5  141.76 2,426.8     202.2 12
                         2001 188.57 190.45 212.39 205.2  232.3  183.06 150.75 151    179.37 219.85 218.42 190.25 2,321.6     193.5 12
                         2002 175.58 191.22 218.8  240.72 254.79 211.3  163.58 208.95 170.31 196.73 155.25 156.07 2,343.3     195.3 12
                         2003 163.52 160.43 189.28 218.59 203.19 183.57 151.16 147.58 124.02 192.65 198.46 189.07 2,121.5     176.8 12
                         2004 142.94 157.97 168.89 214.77 191.11 168.02 152.86 159.61 162.87 187.3  172.32 203.76 2,082.4     173.5 12
                         2005 184.56 140.43 182.65 272.36 269.11 205.7  177.17 149.91 208.06 229.31 169.46 207.29 2,396.0     199.7 12
                         2006 167.04 208.93 270.09 259.45 185.46 248.26 223.98 144.39 149.18 170.73 151.22 146.76 2,325.5     193.8 12
                         2007 163.05 171    259    254.57 185.29 133.52 163.96 168.82 147.12 158.39 176    186.93 2,167.7     180.6 12
                         2008 156.32 198.12 179.11 170.98 212.58 182.5  157.7  137.16 153.5  164.48 170.56 137.77 2,020.8     168.4 12
                         2009 148.86 186.77 227.35 234.2  269.92 139.15        196.52 179.67 164.64 136.66 125.82 2,009.6     182.7 11
                         2010 132.56 144.57 243.41 258.72 277.05 273.41 156.47 180.98 155.56 176.93 162.02 139.52 2,301.2     191.8 12
                         2011 152.92 169.97 237.61 275.89 307.49 268.99 204.2  189.48 200.44 189.49 146.49 168.79 2,511.8     209.3 12
                         2012 145.01 154.9  236.08 280.73 278.04 231.68 153.52 185.13 154.91 184.8  133.07 139.47 2,277.3     189.8 12
                         2013 126.63 193.57 210.28 297.15        242.23 177.14 213.49 113.53 162.46 97.01  114.25 1,947.7     177.1 11
                         2014 126.21 162.24 223.14 246.75 212.44 192.02 166.86 196.78 153.96 139.96 126.02 133.68 2,080.1     173.3 12
                         2015 17.7   31.7   58.2   32.1   57.6   143.73 65.9   188.11 147.08 148.07 138.9  109.64 1,138.7      94.9 12
                         2016 160.16 152.23 225.26 255.83 219.33 202.8  150.34 161.92 179.05 174.44 107.44 136    2,124.8     177.1 12
                         2017 169.53 155.23 192.6  218.39 279.54 233.36 149.83 164.38 144.67 135.88 142.88 124.69 2,111.0     175.9 12
                         2018 119.35 114.17 219.16 233.97 239.07 196.83 209.54 161.47 195.31 116.33 125.87 101.45 2,032.5     169.4 12
                         2019 123.04 156.03 217.19 229.04 221.96 202.39 160.63 172    166.09 135.2  126.93 116.95 2,027.5     169.0 12
                         2020 114.32        206.96 261.71 267.43 195.57 196.47 150.44 119.24 145.19 129.39 109.72 1,896.4     172.4 11
                         2021 104.45 147.34 263.76 271.6  236.11 156.37 134.91 164.07 107.69 111.39               1,697.7     169.8 10

MINIMA                        17.7   31.7   58.2   32.1   57.6   99.8   65.9   108.1  66.9   96.2   71     77.3     264.5      88.2
MAXIMA                        188.57 208.93 279.98 297.15 307.49 273.41 229.31 234.93 236.6  249.69 218.42 207.29 2,621.8     218.5
MEDIA                         128.47 147.77 211.96 228.72 235.71 198.64 167.54 169.27 152.07 157.59 139.26 131.04 1,958.8     169.8
DESV. ESTANDAR                38.111 36.335 36.896 44.376 42.819 40.362 34.738 28.915 35.972 33.048 31.804 34.711   440.91     24.4


LLUVIA MAX 24 H.
                         1979                                                         23     0.5    0      27        50.5      12.6  4
                         1980 22     14     0      4      2      8      25     27     11     20     18     9        160.0      13.3 12
                         1981 19     16     3      29     5      15.5   20     52.5   10.5   12     0      4        186.5      15.5 12
                         1982 0      2.5    0      4      3      8      24     23     38     21     32     24       179.5      15.0 12
                         1983 10     0      0      0      17     18.5   49     23     19     19     7      0        162.5      13.5 12
                         1984 7      8      0      0      14     53     27     31.5   12.5   10.5   1      6.5      171.0      14.3 12
                         1985 2      0      1      0      4      30     32     26     22     20     7      20       164.0      13.7 12
                         1986 0      5      0      0      26     43.5   49     14     21     49     10     1        218.5      18.2 12
                         1987 8      11     0      2      20     13     61.5   61.5   18     0      0      0        195.0      16.3 12
                         1988 17     0      7      4      1      19     42     24     18     17.5          0        149.5      13.6 11
                         1989 0      0      0      0      42     32     19     42     19     7      16     17       194.0      16.2 12
                         1990 4      7.5    0      0      16.5   40     31     53.5   45     15     0      0        212.5      17.7 12
                         1991 0      9      0      0      0      16.5   56     11     38.5   0      1      8        140.0      11.7 12
                         1992 50.5   0      0      3      26     15     20     34     31.5   43     10     5        238.0      19.8 12
                         1993 12.5   0      0      0      0      47     27     25     21     10     0      0        142.5      11.9 12
                         1994 5      0      0      7      5.5    27     12     26.5   34     17     0      1        135.0      11.3 12
                         1995 2.5    3.5    0             9      20.5   35     25.1   60     0      0      19.5     175.1      15.9 11
                         1996 0      3      0      0      13     18     23.5   30     13     11     5      0        116.5       9.7 12
                         1997 25.5   7.5    5      17.2   4      30     28     24     30     28     5      0        204.2      17.0 12
                         1998 0      0.2    0      0      0      15     8.5    26     24     0      0      0         73.7       6.1 12
                         1999 0      0      0      0      0      18.5   42     43.5   23     0      0      0        127.0      10.6 12
                         2000 0      0      0      0      4      47     22     17     18     0      0      8        116.0       9.7 12
                         2001 0      4.5    19     6      15     24.5   18     35     15.5   0      0      1.6      139.1      11.6 12
                         2002 21.4   10     0      0      15     27.5   22.5   24     39.5   6      10     0        175.9      14.7 12
                         2003 2.3    0      0      0      8      20     21     30     22     17     0      0        120.3      10.0 12
                         2004 10     0      4      0      9      40.4   26     25     21.5   6.1    0      0        142.0      11.8 12
                         2005 0      19     0      0      0      17     38     24     42.5   10     0      0        150.5      12.5 12
                         2006 0      0      0      0      24     2      24     25     26     45     8.5    8        162.5      13.5 12
                         2007 15.5   31     0      0      1.2    39     33     13     10     7      4      13.5     167.2      13.9 12
                         2008 0      0      0      3      17.5   29     64     53     25     0      0      0        191.5      16.0 12
                         2009 0      0      0      2      3.5    13            37     22     22     1      7        107.5       9.8 11
                         2010 13     40     0      0      0      17.5   26     34     46     0      0      0        176.5      14.7 12
                         2011 0      0      0      0      0      22     22     23     23     15     0      0        105.0       8.8 12
                         2012 0      20     0      0      7.5    8.5    38     42     15     9      0      8        148.0      12.3 12
                         2013 48     0      0      0             34     27     21.1   26     11     14     23       204.1      18.6 11
                         2014 2.5    15     0      0      19.5   20.2   28     35     23.5   27.5   18     1        190.2      15.9 12
                         2015 2      9      43     5      15.5   40.5   27     55     28     21.2   3      21       270.2      22.5 12
                         2016 0      6.5    3.5    1      0      21     26.5   31     13     20     15.5   0        138.0      11.5 12
                         2017 0      1      5      0      6      8      20     26.5   66.3   3      0      0        135.8      11.3 12
                         2018 20     30.5   0      0      4.5    100    51     39     49     13.5   31     0        338.5      28.2 12
                         2019 5             0             0             40     37            26            6.5      114.5      16.4  7
                         2020 25            0             11     19     57     13.5   7      0      0      8        140.5      14.1 10
                         2021 2      0      0      0      20     30     52     44     40     32                     220.0      22.0 10

MINIMA                        0      0      0      0      0      2      8.5    11     7      0      0      0         50.5       6.1
MAXIMA                        50.5   40     43     29     42     100    64     61.5   66.3   49     32     27       338.5      28.2
MEDIA                         8.3738 6.8425 2.1547 2.2359 9.4926 26.051 32.061 31.123 26.447 13.762 5.425  5.8952   163.9      14.3
DESV. ESTANDAR                12.248 9.7822 7.2452 5.4455 9.6058 16.986 13.624 12.061 13.44  12.705 8.3147 8.0363    50.50      4.0


LLUVIA TOTAL MEN
                         1979                                                         75.2   0.5    0      49.5     125.2      31.3  4
                         1980 52     18     0      11     2      18.6   80     189.1  51     35     24     18       498.7      41.6 12
                         1981 40     16     3      33     8      49.5   90     121.5  36     15     0      6        418.0      34.8 12
                         1982 0      3.5    0      4      3      8      127.5  52     83     74     46     52.5     453.5      37.8 12
                         1983 22     0      0      0      33     25.5   198    88.5   52.5   22     14     0        455.5      38.0 12
                         1984 16     10     0      0      23     145    196    116    36     27.5   1      9.5      580.0      48.3 12
                         1985 2      0      1      0      9      177    138    91     65     41     11     32       567.0      47.3 12
                         1986 0      5      0      0      32     249.5  121.5  72.5   83.5   123.5  10     1        698.5      58.2 12
                         1987 21     26     0      4      37.5   35     218    234    49     0      0      0        624.5      52.0 12
                         1988 22     0      7      4      1      82     175.6  129.5  77     37            0        535.1      48.6 11
                         1989 0      0      0      0      42     44     69.5   208.5  79.5   21     16     43       523.5      43.6 12
                         1990 7      17.5   0      0      27.5   91     172.5  189.5  129.7  37     0      0        671.7      56.0 12
                         1991 0      14.5   0      0      0      50     374    36.5   156    0      1      21       653.0      54.4 12
                         1992 200    0      0      3      44.5   38     82     107.5  56     81     21     5        638.0      53.2 12
                         1993 20.5   0      0      0      0      159    182.5  70     67.5   23     0      0        522.5      43.5 12
                         1994 5      0      0      7      7.5    94.4   38.5   103    86.8   17     0      1        360.2      30.0 12
                         1995 2.5    6.5    0             9      62.5   75.5   123.6  94     0      0      26.5     400.1      36.4 11
                         1996 0      3      0      0      22     55     77     124.7  83.4   39.5   7      0        411.6      34.3 12
                         1997 25.5   7.5    7      19.2   9.5    52.5   44.5   70.5   59     58.8   5      0        359.0      29.9 12
                         1998 0      0.2    0      0      0      27     22.7   85.3   51     0      0      0        186.2      15.5 12
                         1999 0      0      0      0      0      36     119    63.5   42.5   0      0      0        261.0      21.8 12
                         2000 0      0      0      0      7      149    77.5   51     30.5   0      0      20       335.0      27.9 12
                         2001 0      4.5    19     9.5    15     96.5   155    132.9  81.5   0      0      1.6      515.5      43.0 12
                         2002 26.6   19.5   0      0      30.3   39.5   120.5  60     131    6      15     0        448.4      37.4 12
                         2003 2.3    0      0      0      15     83     161.9  129.5  142.5  39     0      0        573.2      47.8 12
                         2004 22     0      7      0      17     133.4  101.5  126.5  101.5  6.1    0      0        515.0      42.9 12
                         2005 0      34     0      0      0      17     141    135.5  69.2   10     0      0        406.7      33.9 12
                         2006 0      0      0      0      33     2      62     109    111    116    13.5   12       458.5      38.2 12
                         2007 32.5   44     0      0      1.4    180.1  142.5  48.5   35.5   11.5   7      13.5     516.5      43.0 12
                         2008 0      0      0      3      19.5   71     290.1  229.7  59.5   0      0      0        672.8      56.1 12
                         2009 0      0      0      2      11     27            98.5   105.5  52     1      11       308.0      28.0 11
                         2010 16     112    0      0      0      42     160.5  85     132    0      0      0        547.5      45.6 12
                         2011 0      0      0      0      0      49.5   42.5   86     44     26     0      0        248.0      20.7 12
                         2012 0      42     0      0      7.5    33.5   140    71.5   49.5   13     0      8        365.0      30.4 12
                         2013 52.5   0      0      0             68.6   176.2  52.6   133    18.5   17.5   80       598.9      54.4 11
                         2014 8      15     0      0      47     77.7   100.5  79.5   72     39     22     1        461.7      38.5 12
                         2015 2      21.5   86     13     27     191.5  60     113.7  104    63.7   3      21       706.4      58.9 12
                         2016 0      8      4.5    1      0      70.5   173.5  166.9  28.5   26.5   23     0        502.4      41.9 12
                         2017 0      1      5      0      6      23.1   80.8   78.5   128.9  3      0      0        326.3      27.2 12
                         2018 27     32     0      0      9.5    283.2  95.5   145    174.9  38     52.5   0        857.6      71.5 12
                         2019 5             0             0             128.2  140           91.5          6.5      371.2      53.0  7
                         2020 25            0             21     60     190.5  67.1   37.1   0      0      8        408.7      40.9 10
                         2021 2      0      0      0      27     93     234.5  126    132.5  58.5                   673.5      67.3 10

MINIMA                        0      0      0      0      0      2      22.7   36.5   28.5   0      0      0        125.2      15.5
MAXIMA                        200    112    86     33     47     283.2  374    234    174.9  123.5  52.5   80       857.6      71.5
MEDIA                         15.628 11.53  3.3214 2.9153 14.748 80.258 132.61 109.75 81.373 29.56  7.7625 10.657   482.8      42.0
DESV. ESTANDAR                32.603 20.429 13.521 6.5421 14.221 64.999 70.434 48.642 37.974 31.548 12.417 17.663   150.83     12.2


TEMP MAXIMA EXT.
                         1979                                                         29.5   32.5   29.5   27.5     119.0      29.8  4
                         1980 28.5   30     33.5   33.5   35     34     33.5   31.5   31.5   31.5   28.5   26.5     377.5      31.5 12
                         1981 25.5   29.5   31.5   32.5   33.5   34.5   31.5   32     31.5   30.5   29.5   28.5     370.5      30.9 12
                         1982 30     31     35.5   35.5   36.5   38     31.5   32.5   32.5   31.5   30.5   25.5     390.5      32.5 12
                         1983 26     27     31.5   35     38.5   35     31.5   31.5   31.5   32.5   30.5   30.5     381.0      31.8 12
                         1984 28.5   30     33.5   34.5   35.5   34     28.5   30.5   30     30.5   32.5   28.5     376.5      31.4 12
                         1985 28.5   30.5   32.5   32.5   35     34.5   28.5   29     30     30     28.5   28       367.5      30.6 12
                         1986 28.5   29.5   30.5   35     34.5   33.5   29.5   29.5   31     29     29.5   26       366.0      30.5 12
                         1987 26.5   28     31.5   34.5   33.5   33.5   33.5   33.5   30     31     30     29.5     375.0      31.3 12
                         1988 29     31.5   33.5   34.5   34.5   34.6   30     29.5   29.5   28.5          28       343.1      31.2 11
                         1989 28     28.5   32     29.5   35     35.5   32     29     29.5   29.5   29     28       365.5      30.5 12
                         1990 28.5   28.5   31     33.5   34.5   33     30.5   29     27.5   28     28.5   26       358.5      29.9 12
                         1991 28.5   28.5   30     34.5   36.5   34     29.5   30     29     28     27     25       360.5      30.0 12
                         1992 24     27.5   31.5   30.5   33.5   34.5   33.5   32     30     26.5   26.5   28       358.0      29.8 12
                         1993 26     30.5   28     34     32.5   33     31     32     30     29.5   30     28       364.5      30.4 12
                         1994 28     30     30.5   32     35     31.5   28.5   29.5   30     31     29     29.5     364.5      30.4 12
                         1995 27     31     35            35.5   35     34     31     31     29.5   28     28.5     345.5      31.4 11
                         1996 27     29     30.5   30.5   34     34.5   35     30     33     29     28     29       369.5      30.8 12
                         1997 29.5   29.5   31     32.5   32.5   34     35.5   36.5   35.5   31     31.5   25       384.0      32.0 12
                         1998 25.5   27.5   31.5   39.5   39.5   36     29.5   27.5   27.5   29     20.5   19.5     353.0      29.4 12
                         1999 25     24     30     29.5   32     29.5   25.5   24.5   31     32     26.5   22.5     332.0      27.7 12
                         2000 26.5   25     28     29     32     32     33     33     31.5   28.5   25     22       345.5      28.8 12
                         2001 24.5   24.5   29.5   33     35     34.5   33     29.5   28     30     29.5   27       358.0      29.8 12
                         2002 23     24     35     34.5   34     33     32.5   30     30.5   28.5   27     24.5     356.5      29.7 12
                         2003 26.5   27     29.5   37.5   38     35     32     31.5   31     29.5   28     26       371.5      31.0 12
                         2004 26     29.5   32     31     34     33     33     33.5   31     29     27.5   26       365.5      30.5 12
                         2005 26.5   27.5   31.5   34     35     33.5   30.5   29     27.5   27     27.5   25.5     355.0      29.6 12
                         2006 29.5   29.5   29.5   33.5   33     33.5   36     32.5   29.5   28.5   26.5   25       366.5      30.5 12
                         2007 20.5   30.5   29.5   33     32.5   32     33.5   31.5   30     28     28     28       357.0      29.8 12
                         2008 29.5   31     31     37     36     35     31     32.5   30     30     28     27.5     378.5      31.5 12
                         2009 28     30.5   32.5   31.5   35.5   37.5          33.5   30     32     28     28.5     347.5      31.6 11
                         2010 27     27.5   30     31.5   35.5   36     31     31.5   32     30     31     29       372.0      31.0 12
                         2011 28     30     32.5   34.5   38     35     30     32     32     31.5   31     28       382.5      31.9 12
                         2012 28.5   30     32     35     36     35.5   33     32     32.5   32     30     29       385.5      32.1 12
                         2013 28     31     33.5   35.5          35     32.5   33     32     31.5   29.5   29.5     351.0      31.9 11
                         2014 28.5   31.5   34.5   35.5   34     34.5   32     32.5   32     32     28.5   29       384.5      32.0 12
                         2015 29     35     35     34     35.5   34.5   32.5   32.5   35.5   32.5   31.5   31.5     399.0      33.3 12
                         2016 28.5   33.5   33     34     39.5   36.5   33.5   32.5   33     31.5   30.5   30       396.0      33.0 12
                         2017 30.5   33     34     35     37.5   37     33.5   33.5   33.5   33     36.5   30.5     407.5      34.0 12
                         2018 28.5   32.5   35     35.5   35     35     35     33     32.5   30.5   33     28.5     394.0      32.8 12
                         2019 30            36            36.5          33.5   35            32            31.5     234.5      33.5  7
                         2020 28.5          35.5          37     35.5   34.5   33     33     33     35     29       334.0      33.4 10
                         2021 31     33.5   39     36     39     37     32.5   33.5   32.5   33                     347.0      34.7 10

MINIMA                        20.5   24     28     29     32     29.5   25.5   24.5   27.5   26.5   20.5   19.5     119.0      27.7
MAXIMA                        31     35     39     39.5   39.5   38     36     36.5   35.5   33     36.5   31.5     407.5      34.7
MEDIA                         27.488 29.45  32.202 33.692 35.256 34.453 31.963 31.452 30.964 30.325 29.125 27.452   358.4      31.2
DESV. ESTANDAR                2.0879 2.5084 2.3427 2.2437 1.9783 1.6387 2.1862 2.1379 1.8524 1.7143 2.6692 2.4762    45.82      1.4


TEMP MAXIMA PROM
                         1979                                                         25.479 30.322 26.766 23.451   106.0      26.5  4
                         1980 23.48  26.069 30.258 30.333 32.758 30.85  30.241 26.112 27.8   27.983 25.033 22.596   333.5      27.8 12
                         1981 21.5   25.071 27.548 29.716 31.371 30.1   28.161 29     28.466 27.516 27.9   25.629   332.0      27.7 12
                         1982 27.306 28.035 31.161 33.25  32.387 34.3   28.177 29.871 29.166 27.29  26.083 21.871   348.9      29.1 12
                         1983 20.967 24.821 28.354 31.3   32.548 32.7   27.483 28.016 28.416 28.693 26.966 27.129   337.4      28.1 12
                         1984 24.58  25.724 30.016 32.433 31.306 29.616 25.048 27.612 26.5   27     28.8   26.758   335.4      27.9 12
                         1985 24.387 28.25  29.903 30.233 33.193 29.35  25.741 27.741 28.15  28.209 25.833 25.048   336.0      28.0 12
                         1986 25.758 27.16  28.274 31.783 32.677 28.933 27.322 27.58  27.483 27.354 27.1   20.387   331.8      27.7 12
                         1987 22.564 26.125 27.225 30.133 31.177 31.966 29.596 29.532 28.916 28.29  27.15  27.129   339.8      28.3 12
                         1988 25.387 28.62  28.983 30.733 33.887 31.37  28.371 27.967 28.116 26.855        26.435   316.7      28.8 11
                         1989 26.58  27.357 29.193 27.733 32.838 32.716 28.532 27.161 27.316 27.806 27.616 25.274   340.1      28.3 12
                         1990 26.048 26.303 29.29  31.85  33.306 29.95  27.225 27.258 24.85  26.564 26.466 23.548   332.7      27.7 12
                         1991 25.903 26.892 28.241 31.933 32.967 29.4   25.935 28.596 24.233 24.129 24.316 21.709   324.3      27.0 12
                         1992 19.258 22.362 25.161 27.15  31.774 32.416 29.58  27.483 25.366 22.838 23.6   23.871   310.9      25.9 12
                         1993 22.5   26     25.838 30.25  30.548 28.483 27.903 28.516 27.166 27.064 27.083 25.983   327.3      27.3 12
                         1994 25.806 27.696 29     31.133 33.612 28.35  27.258 27.354 26.7   27.371 27.616 26.532   338.4      28.2 12
                         1995 23.548 27.696 31.387        33.571 33.35  29.725 29.338 29.683 27.612 26.7   25.209   317.8      28.9 11
                         1996 23.451 26.689 28.854 29.416 33.016 32.616 29.983 26.129 29.066 25.806 25.05  24.838   334.9      27.9 12
                         1997 25.145 25.517 27.209 29.766 30.064 32.65  33.354 34.725 33.483 28.193 28.6   19.661   348.4      29.0 12
                         1998 20.612 21.392 28.08  34.4   37.177 31.016 26.967 25.741 26.553 23.064 19.116 15.596   309.7      25.8 12
                         1999 20.371 22.035 27.403 27.916 28.838 25.716 21.645 22.693 28.166 28.467 24.75  20.677   298.7      24.9 12
                         2000 23.983 21.758 24.854 26.8   29.822 29.766 30.564 30.564 27.883 23.532 20.5   17.887   307.9      25.7 12
                         2001 20.919 19.946 25.919 29.383 31.758 30.033 30.161 27.016 25.933 26.854 25.416 23.919   317.3      26.4 12
                         2002 20.403 22.267 27.854 29.75  31.064 30.1   29.741 28.516 28.5   25.112 24.233 22.274   319.8      26.7 12
                         2003 23.564 24.214 25.935 31.2   33.161 30     29.161 29.838 28.783 27.467 26.15  23.661   333.1      27.8 12
                         2004 24.15  25.431 29.629 27.6   31.903 30     29.467 31.161 29.35  27.306 24.916 22.564   333.5      27.8 12
                         2005 22.258 25.071 26.354 30.916 31.854 30.35  25.58  25.064 23.516 24.112 21.95  20.274   307.3      25.6 12
                         2006 24.58  25.75  27.306 30.983 30.854 30.933 29.758 29.225 24.116 25.661 22.1   21.838   323.1      26.9 12
                         2007 14.241 25.142 27.596 29.4   29.983 29     29.209 28.193 27.45  26.048 25.216 25.371   316.9      26.4 12
                         2008 25.871 27.413 28.709 31.916 32.58  32.083 27.467 27.951 26.6   27.08  26.65  25.612   339.9      28.3 12
                         2009 26.516 27.678 29.371 30.083 32.225 34.304        30.451 27.45  27.741 25.6   24.629   316.1      28.7 11
                         2010 21.967 22.446 27.274 29.633 33.032 32.733 27.645 29.629 28.783 27.806 26.2   26.048   333.2      27.8 12
                         2011 25.693 27.821 30.5   32.516 34.241 32.516 28.338 30.338 28.833 28.483 26.3   26.177   351.8      29.3 12
                         2012 25.758 24.448 29.516 31.083 32.306 32.091 28.919 29.354 28.066 30.129 27.35  26.693   345.7      28.8 12
                         2013 24.693 28.035 28.971 32.616        31.366 29.177 30.145 28.083 29.225 25.783 25.08    313.2      28.5 11
                         2014 23.983 29.303 30.209 32.133 32.048 31.433 30     30.548 29.233 29.725 25.75  25.29    349.7      29.1 12
                         2015 25.161 26.964 28     30.983 32.532 30.1   30.112 30.645 30.45  28.645 28.45  25.645   347.7      29.0 12
                         2016 24.645 28.472 28.806 31.183 33.79  31.95  30.596 29.371 29.416 28.419 25.25  26.571   348.5      29.0 12
                         2017 25.677 28.142 30.306 32.416 33.645 33.066 30.322 31.387 28.066 29     28.466 25.935   356.4      29.7 12
                         2018 24.467 27.66  32.709 33     31.983 30.65  31.08  30.387 29.783 27.806 26.166 24.483   350.2      29.2 12
                         2019 25            32.725        33.62         31.29  31.338        29.032        26.564   209.6      29.9  7
                         2020 25.306        32.064        33.129 32.333 31.774 30.5   30.033 30.967 29.45  25.306   300.9      30.1 10
                         2021 26.296 29.985 33.766 34.016 34.5   30.75  28.538 30.112 29.466 29.354                 306.8      30.7 10

MINIMA                        14.241 19.946 24.854 26.8   28.838 25.716 21.645 22.693 23.516 22.838 19.116 15.596   106.0      24.9
MAXIMA                        27.306 29.985 33.766 34.4   37.177 34.304 33.354 34.725 33.483 30.967 29.45  27.129   356.4      30.7
MEDIA                         23.816 25.944 28.804 30.745 32.416 31.01  28.711 28.813 27.878 27.394 25.861 24.075   321.6      28.0
DESV. ESTANDAR                2.4994 2.3818 2.0345 1.795  1.4868 1.7455 2.0808 2.0698 1.8871 1.8679 2.1624 2.6278    41.19      1.3


TEMP MEDIA MENS.
                         1979                                                         18.583 18.621 15.275 14.612    67.1      16.8  4
                         1980 12.998 15.37  18.379 19.25  22.467 22.508 22.387 20.064 20.683 18.814 15.433 14.129   222.5      18.5 12
                         1981 12.225 15.178 17.193 19.875 21.016 21.45  21.548 21.572 20.783 19.411 16.516 14.919   221.7      18.5 12
                         1982 15.58  16.017 19.112 21.725 22.758 24.766 21.064 21.161 21.025 18.564 15.508 12.911   230.2      19.2 12
                         1983 12.548 13.053 16.161 18.875 22.346 23.066 20.725 21     20.783 18.959 16.2   15.081   218.8      18.2 12
                         1984 14.25  14.982 18.209 20.483 21.161 20.65  19.217 20.209 19.208 18.604 16.775 15.653   219.4      18.3 12
                         1985 14.129 16.482 19.064 19.65  23.177 20.933 18.685 19.604 19.875 19.169 15.3   14.854   220.9      18.4 12
                         1986 14.25  15.562 16.395 22     24.08  21.466 20.403 20.701 20.041 18.669 17.283 12.532   223.4      18.6 12
                         1987 13.088 15.08  16.508 19.208 20.959 22.241 21.887 21.838 21.533 19.137 15.916 15.983   223.4      18.6 12
                         1988 13.564 17.094 17.677 20.416 23.588 22.568 21.283 20.935 20.416 18.081        14.677   210.3      19.1 11
                         1989 15.024 15.982 17.008 16.041 22.403 23.791 20.435 19.274 19.266 18.258 17.566 13.782   218.8      18.2 12
                         1990 15.322 15.625 18.322 20.85  22.596 20.8   20.338 20.5   19.1   18.782 15.4   13.137   220.8      18.4 12
                         1991 14.758 16.571 17.677 20.666 22     20.7   19.967 20.717 18.141 16.879 15.416 13.637   217.1      18.1 12
                         1992 12.701 13.577 16.169 18.025 21.354 23.983 21.782 19.79  18.991 15.967 14.633 14.725   211.7      17.6 12
                         1993 14.08  15.723 16.395 19.433 21.621 21.283 21.153 20.338 19.941 18.572 16.958 14.524   220.0      18.3 12
                         1994 14.056 16.58  18.919 20.408 24.233 20.9   19.25  19.532 18.708 18.475 17.183 15.822   224.1      18.7 12
                         1995 12.838 17.294 20.911        22.607 23.675 21.354 20.491 20.475 18.354 16.941 14.403   209.3      19.0 11
                         1996 12.798 16.75  18.346 19.083 22.733 22.916 21.443 18.701 20.4   17.733 15.833 14.177   220.9      18.4 12
                         1997 13.919 16.116 17.435 19.716 20.645 23.358 24.177 25.612 24.475 19.121 18.808 11.596   235.0      19.6 12
                         1998 13.411 13.008 18.225 22.283 25.379 20.558 18.669 17.79  18.285 16.064 13.791 10.685   208.2      17.3 12
                         1999 11.58  14.205 18.048 19.083 21.983 20.066 16.217 16.508 18.683 18.798 16.175 11.217   202.6      16.9 12
                         2000 13.274 13.724 16.758 18.208 19.637 19.775 20.991 21.524 19.175 16.354 14.391 12.766   206.6      17.2 12
                         2001 11.967 13.473 17.733 20.841 23.362 22.483 22.596 18.371 17.375 17.854 16.516 14.701   217.3      18.1 12
                         2002 11.83  14.107 18.79  20.416 21.483 21.633 22.064 20.725 20.291 16.798 15.55  12.395   216.1      18.0 12
                         2003 13.233 16.214 17.712 21.116 22.161 19.358 19.806 19.733 19.058 17.991 16.766 13.129   216.3      18.0 12
                         2004 13.155 15.715 19.112 19.691 22.443 20.633 20.419 22.5   21.675 19.838 15.966 13.209   224.4      18.7 12
                         2005 12.145 15.196 16.564 20.575 22.459 19.533 16.927 16.814 15.875 16.451 14.616 13.056   200.2      16.7 12
                         2006 13.871 16.651 18.161 21.25  20.298 21.841 21.193 21.612 18.808 18.29  13.283 11.895   217.2      18.1 12
                         2007 10.29  16.125 18.233 20.941 22.677 21.725 21.814 21.072 19.933 19.088 15.466 15.258   222.6      18.6 12
                         2008 14.193 15.767 18.532 20.933 22.838 22.95  20.685 21.193 19.9   18.209 16.058 14.137   225.4      18.8 12
                         2009 15.435 16.348 18.233 19.083 22.371 24.568        22.201 20.741 20.032 15.633 14.341   209.0      19.0 11
                         2010 12.443 13.312 16.564 19.141 22.129 22.533 20.741 21.717 21.241 17.217 14.975 13.459   215.5      18.0 12
                         2011 13.677 15.785 18.596 20.866 22.58  23.091 21.387 21.935 20.478 18.629 15.741 14.846   227.6      19.0 12
                         2012 14.822 15.448 18.79  19.675 21.862 22.662 21.137 21.354 20.208 19.862 17.425 15.451   228.7      19.1 12
                         2013 14.83  16.223 17.34  20.525        22.116 21.58  21.806 21.191 20.266 17.283 15.024   208.2      18.9 11
                         2014 13.935 17.321 18.717 21.025 22.435 23.183 21.887 22.04  21.441 20.338 15.625 15.103   233.1      19.4 12
                         2015 15.685 16.919 17.741 20.85  22.161 22.075 22.088 21.943 22.166 19.733 19.233 15.532   236.1      19.7 12
                         2016 13.185 16.486 18.048 20.275 23.225 23.083 22.137 21.943 21.425 19.806 17.066 16.656   233.3      19.4 12
                         2017 14.782 16.803 19.532 20.616 23.096 24.283 22.443 23.072 21.075 20.153 17.658 15.754   239.3      19.9 12
                         2018 14.556 18.16  20.758 21.4   22.185 22.008 22.459 21.838 22.2   20.129 16.866 14.475   237.0      19.8 12
                         2019 15.025        20.774        22.19         22.895 22.919        20.838        15.967   140.6      20.1  7
                         2020 15.725        21.483        22.443 23.75  23.338 22.588 21.683 19.661 18.133 15.056   203.9      20.4 10
                         2021 14.704 17.591 21.033 21.983 23.25  22.783 21.696 22.379 22.05  20.54                  208.0      20.8 10

MINIMA                        10.29  13.008 16.161 16.041 19.637 19.358 16.217 16.508 15.875 15.967 13.283 10.685    67.1      16.7
MAXIMA                        15.725 18.16  21.483 22.283 25.379 24.766 24.177 25.612 24.475 20.838 19.233 16.656   239.3      20.8
MEDIA                         13.711 15.69  18.223 20.166 22.351 22.14  21.031 20.896 20.176 18.677 16.179 14.173   214.2      18.6
DESV. ESTANDAR                1.2428 1.2952 1.3563 1.2248 1.0551 1.3849 1.5547 1.6924 1.519  1.2312 1.2592 1.3808    27.66      0.9


TEMP MINIMA EXT.
                         1979                                                         8      2.5    0      1.5       12.0       3.0  4
                         1980 -1.5   1.5    1.5    0.5    7.5    11     12     11.5   11     0      0.5    1         56.5       4.7 12
                         1981 -2     1.5    2.5    6      7      10.5   12.5   11.5   9.5    8      1      -1.5      66.5       5.5 12
                         1982 -1.5   -2     1.5    6.5    8.5    10.5   11     10     9      4.5    2      -2        58.0       4.8 12
                         1983 -2     -2.5   1      2      7.5    10     10     11.5   10.5   4.5    -1     1         52.5       4.4 12
                         1984 -2     1      1.5    3.5    7.5    8      10.5   9      9      7      1      1         57.0       4.8 12
                         1985 -4.5   -2     7      7      9      9      9      10     10     7.5    1      -1        62.0       5.2 12
                         1986 1      -3.5   1      9      12.5   10     9      9.5    11     4      1      1         65.5       5.5 12
                         1987 -1     1      0      3.5    6.5    8.5    10     10     11.5   5      1      -1        55.0       4.6 12
                         1988 -4     1      -1.5   6.5    8.5    10     11.5   12.5   8.5    6             1         60.0       5.5 11
                         1989 1      -1     1      3      9      13     8      9      8      4      5      -3        57.0       4.8 12
                         1990 1      1      2.5    5.5    9      9      9      12     11.5   4      1      1         66.5       5.5 12
                         1991 -3     1      2      5      8      9      10.5   10     8      6.5    1      -1.5      56.5       4.7 12
                         1992 -1     0      1      3      9      10.5   9      9      10     8      -2     1         57.5       4.8 12
                         1993 1.5    -2     1      5      10     10.5   11     9      10     6      2      0         64.0       5.3 12
                         1994 -3     1      7      8      10     9      10     10     9      6      2      -4        65.0       5.4 12
                         1995 -2     1      5             10     12.5   10     10     10     5      3      -2        62.5       5.7 11
                         1996 -1     3      4      5      10     11     9.5    9      10     8      2      1         71.5       6.0 12
                         1997 -5     2      4      5      9      11.5   13.5   15     11     3      3.5    -5.5      67.0       5.6 12
                         1998 3.5    1      3.5    9      9      8      8      8      8.5    7.5    5      3         74.0       6.2 12
                         1999 -1     3      7      8.5    11.5   10.5   8.5    8      7      7      6      -2.5      73.5       6.1 12
                         2000 -1     -1     6.5    8      7.5    8      9.5    10.5   9.5    7.5    5.5    3.5       74.0       6.2 12
                         2001 0      2.5    3      10     12.5   12.5   12.5   7.5    7.5    7      3.5    2         80.5       6.7 12
                         2002 -1     -1     7.5    8.5    9      10     11.5   11     10     6      3      -2        72.5       6.0 12
                         2003 -1     4      5      8.5    8      7      8.5    8      7.5    6.5    3      -2        63.0       5.3 12
                         2004 -2     1      7      8      10     9.5    8.5    11     11.5   9.5    5      -1.5      77.5       6.5 12
                         2005 -2     1      5      8      10     7.5    7      8      7.5    6.5    3      1         62.5       5.2 12
                         2006 -1     4      6      9      8      10     9      11.5   11     7      1      -2.5      73.0       6.1 12
                         2007 1      3      7      10     12.5   13     11     11     10     10.5   3      2         94.0       7.8 12
                         2008 -2     2      5      7.5    9      11.5   10.5   12     6      7      3.5    -1        71.0       5.9 12
                         2009 1      1      2.5    6.5    9.5    11.5          12     12     10     1.5    -1        66.5       6.0 11
                         2010 -2     -2     2      7      7      9      10     11     10     3      -1     -3        51.0       4.3 12
                         2011 -2     1      3      7      8      10     11     11.5   7.5    3      -5     -1        54.0       4.5 12
                         2012 1      1      5      4      9      10     10     11     8.5    5      5      -1        68.5       5.7 12
                         2013 2      1.5    1      4             1.5    11     11.5   11.5   6.5    2.5    1         54.0       4.9 11
                         2014 1      2.5    3      7      8.5    12     11     12     11.5   6.5    -1     -1        73.0       6.1 12
                         2015 2      2      1      7      7      7      12.5   11     10     8      7      -1        73.5       6.1 12
                         2016 -2     -2     2      6.5    7.5    11     11     13     9.5    8      3      -1        66.5       5.5 12
                         2017 1      2      6.5    4      8      12.5   11     12.5   9.5    4      1.5    -4        68.5       5.7 12
                         2018 1      7      4.5    7.5    9      9.5    11.5   10     13     7      0      -2        78.0       6.5 12
                         2019 -1     2      7      7      7      11     13     12     12.5   8.5    7.5    2.5       89.0       7.4 12
                         2020 1             7      7.5    8.5    9      10.5   12     9      5      4      1         74.5       6.8 11
                         2021 -3     2      7      7.5    7.5    12.5   12.5   11.5   12     5.5                     75.0       7.5 10

MINIMA                        -5     -3.5   -1.5   0.5    6.5    1.5    7      7.5    6      0      -5     -5.5      12.0       3.0
MAXIMA                        3.5    7      7.5    10     12.5   13     13.5   15     13     10.5   7.5    3.5       94.0       7.8
MEDIA                         -0.845 0.9634 3.7142 6.378  8.8292 9.9404 10.378 10.619 9.7209 6.0814 2.2073 -0.535    65.6       5.6
DESV. ESTANDAR                1.8756 2.0475 2.4819 2.2186 1.4983 2.0724 1.4949 1.5919 1.612  2.1183 2.4773 2.0072    12.63      0.9


TEMP MINIMA PROM
                         1979                                                         11.687 6.9193 3.7833 5.7741    28.2       7.0  4
                         1980 2.5161 4.6724 6.5    8.1666 12.177 14.166 14.532 14.016 13.566 9.6451 5.8333 5.6612   111.5       9.3 12
                         1981 2.9516 5.2857 6.8387 10.033 10.661 12.8   14.935 14.145 13.1   11.306 5.1333 4.2096   111.4       9.3 12
                         1982 3.8548 4      7.0645 10.2   13.129 15.233 13.951 12.451 12.883 9.8387 4.9333 3.9516   111.5       9.3 12
                         1983 4.129  1.2857 3.9677 6.45   12.145 13.433 13.967 13.983 13.15  9.2258 5.4333 3.0344   100.2       8.4 12
                         1984 3.9193 4.2413 6.4032 8.5333 11.016 11.683 13.387 12.806 11.916 10.209 4.75   4.5483   103.4       8.6 12
                         1985 3.8709 4.7142 8.2258 9.0666 13.161 12.516 11.629 11.467 11.6   10.129 4.7666 4.6612   105.8       8.8 12
                         1986 2.7419 3.9642 4.5161 12.216 15.483 14     13.483 13.822 12.6   9.9838 7.4666 4.6774   115.0       9.6 12
                         1987 3.6129 4.0357 5.7903 8.2833 10.741 12.516 14.177 14.145 14.15  9.9838 4.6833 4.8387   107.0       8.9 12
                         1988 1.7419 5.5689 6.3709 10.1   13.29  13.766 14.196 13.903 12.716 9.3064        2.9193   103.9       9.4 11
                         1989 3.4677 4.6071 4.8225 4.35   11.967 14.866 12.338 11.387 11.216 8.7096 7.5166 2.2903    97.5       8.1 12
                         1990 4.5967 4.9464 7.3548 9.85   11.887 11.65  13.451 13.741 13.35  11     4.3333 2.7258   108.9       9.1 12
                         1991 3.6129 6.25   7.1129 9.4    11.032 12     14     12.838 12.05  9.629  6.5166 5.5645   110.0       9.2 12
                         1992 6.1451 4.7931 7.1774 8.9    10.935 15.55  13.983 12.096 12.616 9.0967 5.6666 5.5806   112.5       9.4 12
                         1993 5.6612 5.4464 6.9516 8.6166 12.693 14.083 14.403 12.161 12.716 10.08  6.8333 3.0645   112.7       9.4 12
                         1994 2.3064 5.4642 8.8387 9.6833 14.854 13.45  11.241 11.709 10.716 9.5806 6.75   5.1129   109.7       9.1 12
                         1995 2.129  6.8928 10.435        11.642 14     12.983 11.645 11.266 9.0967 7.1833 3.5967   100.9       9.2 11
                         1996 2.1451 6.8103 7.8387 8.75   12.451 13.216 12.903 11.274 11.733 9.6612 6.6166 3.5161   106.9       8.9 12
                         1997 2.6935 6.7142 7.6612 9.6666 11.225 14.066 15     16.5   15.466 10.048 9.0166 3.5322   121.6      10.1 12
                         1998 6.2096 4.625  8.3709 10.166 13.58  10.1   10.371 9.8387 10.016 9.0645 8.4666 5.7741   106.6       8.9 12
                         1999 2.7903 6.375  8.6935 10.25  15.129 14.416 10.79  10.322 9.2    9.129  7.6    1.758    106.5       8.9 12
                         2000 2.5645 5.6896 8.6612 9.6166 9.4516 9.7833 11.419 12.483 10.466 9.1774 8.2833 7.6451   105.2       8.8 12
                         2001 3.0161 7      9.5483 12.3   14.967 14.933 15.032 9.7258 8.8166 8.8548 7.6166 5.4838   117.3       9.8 12
                         2002 3.258  5.9464 9.7258 11.083 11.903 13.166 14.387 12.935 12.083 8.4838 6.8666 2.5161   112.4       9.4 12
                         2003 2.9032 8.2142 9.4903 11.033 11.161 8.7166 10.451 9.629  9.3333 8.5161 7.3833 2.5967    99.4       8.3 12
                         2004 2.1612 6      8.5967 11.783 12.983 11.266 11.371 13.838 14     12.371 7.0166 3.8548   115.2       9.6 12
                         2005 2.0322 5.3214 6.7741 10.233 13.064 8.7166 8.2741 8.5645 8.2333 8.7903 7.2833 5.8387    93.1       7.8 12
                         2006 3.1612 7.5535 9.0161 11.516 9.7419 12.75  12.629 14     13.5   10.919 4.4666 1.9516   111.2       9.3 12
                         2007 6.3387 7.1071 8.8709 12.483 15.371 14.45  14.419 13.951 12.416 12.129 5.7166 5.1451   128.4      10.7 12
                         2008 2.5161 4.1206 8.3548 9.95   13.096 13.816 13.903 14.435 13.2   9.3387 5.4666 2.6612   110.9       9.2 12
                         2009 4.3548 5.0178 7.0967 8.0833 12.516 14.833        13.951 14.033 12.322 5.6666 4.0548   101.9       9.3 11
                         2010 2.9193 4.1785 5.8548 8.65   11.225 12.333 13.838 13.806 13.7   6.629  3.75   0.8709    97.8       8.1 12
                         2011 1.6612 3.75   6.6935 9.2166 10.919 13.666 14.435 13.532 12.123 8.7741 5.1833 3.5161   103.5       8.6 12
                         2012 3.8871 6.4482 8.0645 8.2666 11.419 13.233 13.354 13.354 12.35  9.5967 7.5    4.2096   111.7       9.3 12
                         2013 4.9677 4.4107 5.7096 8.4333        12.866 13.983 13.467 14.3   11.306 8.7833 4.9677   103.2       9.4 11
                         2014 3.8871 5.3392 7.2258 9.9166 12.822 14.933 13.774 13.532 13.65  10.951 5.5    4.9161   116.4       9.7 12
                         2015 6.2096 6.875  7.4838 10.716 11.79  14.05  14.064 13.241 13.883 10.822 10.016 5.4193   124.6      10.4 12
                         2016 1.7258 4.5    7.2903 9.3666 12.661 14.216 13.677 14.516 13.433 11.193 8.8833 6.7419   118.2       9.9 12
                         2017 3.8871 5.4642 8.758  8.8166 12.548 15.5   14.564 14.758 14.083 11.306 6.85   5.5741   122.1      10.2 12
                         2018 4.6451 8.6607 8.8064 9.8    12.387 13.366 13.838 13.29  14.616 12.451 7.5666 4.4677   123.9      10.3 12
                         2019 5.0516 7.125  8.8225 9.1833 10.76  15.65  14.5   14.5   14.083 12.645 10.05  5.3709   127.7      10.6 12
                         2020 6.1451        10.903 10.816 11.758 15.166 14.903 14.677 13.333 8.3548 6.8166 4.8064   117.7      10.7 11
                         2021 3.1129 5.1964 8.3    9.95   12     14.816 14.854 14.645 14.633 11.725                 109.2      10.9 10

MINIMA                        1.6612 1.2857 3.9677 4.35   9.4516 8.7166 8.2741 8.5645 8.2333 6.629  3.75   0.8709    28.2       7.0
MAXIMA                        6.3387 8.6607 10.903 12.483 15.483 15.65  15.032 16.5   15.466 12.645 10.05  7.6451   128.4      10.9
MEDIA                         3.6072 5.4783 7.6424 9.6073 12.286 13.327 13.351 12.978 12.511 9.9606 6.5841 4.2714   108.4       9.3
DESV. ESTANDAR                1.351  1.3952 1.5148 1.5208 1.4382 1.7203 1.5243 1.6515 1.6642 1.3948 1.6049 1.4332    14.99      0.8


